V1,time_stamp,validity_1,validity_2,validity_3,validity_4,validity_5,validity_r_1,validity_r_2,validity_r_3,validity_r_4,validity_r_5,gaze_left_1,gaze_left_2,gaze_left_3,gaze_right_1,gaze_right_2,gaze_right_3, gaze_origin_left_1, gaze_origin_left_2, gaze_origin_left_3,gaze_origin_right_1, gaze_origin_right_2, gaze_origin_right_3,convergence_validity,convergence_distance,pupil_diameter,pupil_diameter_r,eye_open,eye_open_r,time,v1_head,v2,x,y,z,qw,qx,qy,qz
3753401,1578642389105115,1,1,1,1,0,1,1,1,1,0,-0.01885986,0.29277039,0.95599365,-0.03881836,0.30526733,0.95146179,32.4947052,1.47540283,-29.60462952,-26.65388489,2.3455658,-23.19494629,0,0.0,3.37174988,3.37174988,1.0,1.0,1578642389115686,252282579703, HMD, -0.10635, 1.21064, 0.39589, 0.06119, 0.00784, 0.98118, -0.18297
3753401,1578642389109125,1,1,1,1,0,1,1,1,1,0,-0.01885986,0.29277039,0.95599365,-0.03881836,0.30526733,0.95146179,32.4947052,1.47540283,-29.60462952,-26.65388489,2.3455658,-23.19494629,0,0.0,3.37174988,3.37174988,1.0,1.0,1578642389115686,252282579703, HMD, -0.10635, 1.21064, 0.39589, 0.06119, 0.00784, 0.98118, -0.18297
3753410,1578642389114104,1,1,1,1,0,1,1,1,1,0,-0.0246582,0.29827881,0.95414734,-0.03790283,0.29885864,0.95353699,32.52267456,1.47540283,-29.73284912,-26.64877319,2.33943176,-23.19494629,0,0.0,3.34487915,3.34487915,1.0,1.0,1578642389115686,252282579703, HMD, -0.10635, 1.21064, 0.39589, 0.06119, 0.00784, 0.98118, -0.18297
3753410,1578642389118123,1,1,1,1,0,1,1,1,1,0,-0.0246582,0.29827881,0.95414734,-0.03790283,0.29885864,0.95353699,32.52267456,1.47540283,-29.73284912,-26.64877319,2.33943176,-23.19494629,0,0.0,3.34487915,3.34487915,1.0,1.0,1578642389118060,252282603447, HMD, -0.10630, 1.21068, 0.39596, 0.06126, 0.00800, 0.98114, -0.18314
3753418,1578642389122091,1,1,1,1,0,1,1,1,1,0,-0.02496338,0.28636169,0.95777893,-0.03620911,0.29553223,0.95463562,32.52859497,1.47540283,-29.73316956,-26.64526367,2.33680725,-23.19436646,0,0.0,3.32460022,3.32460022,1.0,1.0,1578642389119959,252282622436, HMD, -0.10625, 1.21071, 0.39602, 0.06131, 0.00812, 0.98112, -0.18327
3753418,1578642389127085,1,1,1,1,0,1,1,1,1,0,-0.02523804,0.28831482,0.9571991,-0.03567505,0.30183411,0.9526825,32.5335083,1.47540283,-29.77410889,-26.6449585,2.30958557,-23.19436646,0,0.0,3.30845642,3.30845642,1.0,1.0,1578642389132323,252282746093, HMD, -0.10593, 1.21084, 0.39637, 0.06158, 0.00897, 0.98093, -0.18414
3753426,1578642389131103,1,1,1,1,0,1,1,1,1,0,-0.02523804,0.28831482,0.9571991,-0.03567505,0.30183411,0.9526825,32.5335083,1.47540283,-29.77410889,-26.6449585,2.30958557,-23.19436646,0,0.0,3.30845642,3.30845642,1.0,1.0,1578642389132323,252282746093, HMD, -0.10593, 1.21084, 0.39637, 0.06158, 0.00897, 0.98093, -0.18414
3753426,1578642389134966,1,1,1,1,0,1,1,1,1,0,-0.02523804,0.28831482,0.9571991,-0.03567505,0.30183411,0.9526825,32.5335083,1.47540283,-29.77410889,-26.6449585,2.30958557,-23.19436646,0,0.0,3.30845642,3.30845642,1.0,1.0,1578642389134973,252282772575, HMD, -0.10589, 1.21087, 0.39646, 0.06162, 0.00918, 0.98089, -0.18431
3753435,1578642389138828,1,1,1,1,0,1,1,1,1,0,-0.02574158,0.2959137,0.9548645,-0.0368042,0.30049133,0.95306396,32.53631592,1.4776001,-29.92907715,-26.63908386,2.30299377,-23.15003967,0,0.0,3.26728821,3.26728821,1.0,1.0,1578642389137125,252282794101, HMD, -0.10585, 1.21090, 0.39652, 0.06165, 0.00932, 0.98086, -0.18444
3753435,1578642389142825,1,1,1,1,0,1,1,1,1,0,-0.02574158,0.2959137,0.9548645,-0.0368042,0.30049133,0.95306396,32.53631592,1.4776001,-29.92907715,-26.63908386,2.30299377,-23.15003967,0,0.0,3.26728821,3.26728821,1.0,1.0,1578642389137125,252282794101, HMD, -0.10585, 1.21090, 0.39652, 0.06165, 0.00932, 0.98086, -0.18444
3753443,1578642389146834,1,1,1,1,0,1,1,1,1,0,-0.02445984,0.30453491,0.95217896,-0.03686523,0.3059845,0.9513092,32.44616699,1.16690063,-29.1431427,-26.63908386,2.27294922,-23.15003967,0,0.0,3.06355286,3.06355286,1.0,1.0,1578642389137125,252282794101, HMD, -0.10585, 1.21090, 0.39652, 0.06165, 0.00932, 0.98086, -0.18444
3753443,1578642389150928,1,1,1,1,0,1,1,1,1,0,-0.02445984,0.30453491,0.95217896,-0.03686523,0.3059845,0.9513092,32.44616699,1.16690063,-29.1431427,-26.63908386,2.27294922,-23.15003967,0,0.0,3.06355286,3.06355286,1.0,1.0,1578642389159601,252283018885, HMD, -0.10539, 1.21103, 0.39721, 0.06176, 0.01096, 0.98059, -0.18577
3753451,1578642389157938,1,1,1,1,0,1,1,1,1,0,-0.04216003,0.28160095,0.95860291,-0.05577087,0.31008911,0.9490509,32.35267639,1.62098694,-30.17979431,-26.73118591,2.25271606,-22.97860718,0,0.0,3.17448425,3.17448425,1.0,1.0,1578642389159601,252283018885, HMD, -0.10539, 1.21103, 0.39721, 0.06176, 0.01096, 0.98059, -0.18577
3753451,1578642389161814,1,1,1,1,0,1,1,1,1,0,-0.05056763,0.30505371,0.95098877,-0.05500793,0.31904602,0.94613647,32.27302551,1.30781555,-29.26887512,-26.78990173,2.35775757,-23.17633057,0,0.0,3.18515015,3.18515015,1.0,1.0,1578642389161808,252283040926, HMD, -0.10536, 1.21104, 0.39727, 0.06175, 0.01111, 0.98057, -0.18589
3753460,1578642389165832,1,1,1,1,0,1,1,1,1,0,-0.05056763,0.30505371,0.95098877,-0.05500793,0.31904602,0.94613647,32.27302551,1.30781555,-29.26887512,-26.78990173,2.35775757,-23.17633057,0,0.0,3.18515015,3.18515015,1.0,1.0,1578642389163552,252283058362, HMD, -0.10533, 1.21104, 0.39732, 0.06174, 0.01124, 0.98055, -0.18598
3753468,1578642389169825,1,1,1,1,0,1,1,1,1,0,-0.05516052,0.30422974,0.95098877,-0.05332947,0.31752014,0.94673157,32.24397278,1.34820557,-29.4163208,-26.80851746,2.37240601,-23.22193909,0,0.0,3.19181824,3.19181824,1.0,1.0,1578642389163552,252283058362, HMD, -0.10533, 1.21104, 0.39732, 0.06174, 0.01124, 0.98055, -0.18598
3753468,1578642389173825,1,1,1,1,0,1,1,1,1,0,-0.05516052,0.30422974,0.95098877,-0.05332947,0.31752014,0.94673157,32.24397278,1.34820557,-29.4163208,-26.80851746,2.37240601,-23.22193909,0,0.0,3.19181824,3.19181824,1.0,1.0,1578642389163552,252283058362, HMD, -0.10533, 1.21104, 0.39732, 0.06174, 0.01124, 0.98055, -0.18598
3753485,1578642389187838,1,1,1,1,0,1,1,1,1,0,-0.05000305,0.30531311,0.95092773,-0.05499268,0.31082153,0.9488678,32.24343872,1.34544373,-29.42253113,-26.83755493,2.39665222,-23.32792664,0,0.0,3.19241333,3.19241333,1.0,1.0,1578642389199924,252283422112, HMD, -0.10476, 1.21092, 0.39834, 0.06156, 0.01390, 0.98029, -0.18720
3753485,1578642389191944,1,1,1,1,0,1,1,1,1,0,-0.05000305,0.30531311,0.95092773,-0.05499268,0.31082153,0.9488678,32.24343872,1.34544373,-29.42253113,-26.83755493,2.39665222,-23.32792664,0,0.0,3.19241333,3.19241333,1.0,1.0,1578642389199924,252283422112, HMD, -0.10476, 1.21092, 0.39834, 0.06156, 0.01390, 0.98029, -0.18720
3753493,1578642389198046,1,1,1,1,0,1,1,1,1,0,-0.05020142,0.30400085,0.95133972,-0.05805969,0.31022644,0.94888306,32.24302673,1.34681702,-29.42373657,-26.84797668,2.39051819,-23.38829041,0,0.0,3.18470764,3.18470764,1.0,1.0,1578642389199924,252283422112, HMD, -0.10476, 1.21092, 0.39834, 0.06156, 0.01390, 0.98029, -0.18720
3753493,1578642389202039,1,1,1,1,0,1,1,1,1,0,-0.05020142,0.30400085,0.95133972,-0.05805969,0.31022644,0.94888306,32.24302673,1.34681702,-29.42373657,-26.84797668,2.39051819,-23.38829041,0,0.0,3.18470764,3.18470764,1.0,1.0,1578642389202000,252283442844, HMD, -0.10473, 1.21090, 0.39839, 0.06155, 0.01404, 0.98029, -0.18723
3753501,1578642389208043,1,1,1,1,0,1,1,1,1,0,-0.05039978,0.30267334,0.95175171,-0.05680847,0.30976868,0.94909668,32.24261475,1.34820557,-29.42494202,-26.85816956,2.38877869,-23.40905762,0,0.0,3.17701721,3.17701721,1.0,1.0,1578642389204221,252283465056, HMD, -0.10471, 1.21088, 0.39845, 0.06154, 0.01420, 0.98028, -0.18726
3753501,1578642389212050,1,1,1,1,0,1,1,1,1,0,-0.05134583,0.30337524,0.95147705,-0.05569458,0.30889893,0.94944763,32.23695374,1.35339355,-29.47444153,-26.86836243,2.38705444,-23.42982483,0,0.0,3.18321228,3.18321228,1.0,1.0,1578642389219324,252283616125, HMD, -0.10451, 1.21066, 0.39877, 0.06149, 0.01528, 0.98026, -0.18729
3753510,1578642389216046,1,1,1,1,0,1,1,1,1,0,-0.05134583,0.30337524,0.95147705,-0.05569458,0.30889893,0.94944763,32.23695374,1.35339355,-29.47444153,-26.86836243,2.38705444,-23.42982483,0,0.0,3.18321228,3.18321228,1.0,1.0,1578642389219324,252283616125, HMD, -0.10451, 1.21066, 0.39877, 0.06149, 0.01528, 0.98026, -0.18729
3753518,1578642389220029,1,1,1,1,0,1,1,1,1,0,-0.05229187,0.30403137,0.95121765,-0.05697632,0.30906677,0.94932556,32.23127747,1.35858154,-29.5239563,-26.8764801,2.38778687,-23.43586731,0,0.0,3.18934631,3.18934631,1.0,1.0,1578642389220030,252283623141, HMD, -0.10451, 1.21065, 0.39878, 0.06149, 0.01533, 0.98026, -0.18729
3753518,1578642389224047,1,1,1,1,0,1,1,1,1,0,-0.05229187,0.30403137,0.95121765,-0.05697632,0.30906677,0.94932556,32.23127747,1.35858154,-29.5239563,-26.8764801,2.38778687,-23.43586731,0,0.0,3.18934631,3.18934631,1.0,1.0,1578642389224045,252283663294, HMD, -0.10448, 1.21058, 0.39887, 0.06149, 0.01560, 0.98026, -0.18723
3753526,1578642389230236,1,1,1,1,0,1,1,1,1,0,-0.05101013,0.30241394,0.95179749,-0.05827332,0.30961609,0.94906616,32.22270203,1.36209106,-29.54222107,-26.88458252,2.38705444,-23.44189453,0,0.0,3.18049622,3.18049622,1.0,1.0,1578642389225669,252283679539, HMD, -0.10446, 1.21055, 0.39890, 0.06150, 0.01571, 0.98027, -0.18721
3753526,1578642389234042,1,1,1,1,0,1,1,1,1,0,-0.05101013,0.30241394,0.95179749,-0.05827332,0.30961609,0.94906616,32.22270203,1.36209106,-29.54222107,-26.88458252,2.38705444,-23.44189453,0,0.0,3.18049622,3.18049622,1.0,1.0,1578642389225669,252283679539, HMD, -0.10446, 1.21055, 0.39890, 0.06150, 0.01571, 0.98027, -0.18721
3753535,1578642389238104,1,1,1,1,0,1,1,1,1,0,-0.04972839,0.301651,0.95211792,-0.05944824,0.30830383,0.94941711,32.21412659,1.36558533,-29.56047058,-26.89089966,2.38580322,-23.44271851,0,0.0,3.17347717,3.17347717,1.0,1.0,1578642389246818,252283891046, HMD, -0.10434, 1.21009, 0.39922, 0.06160, 0.01699, 0.98036, -0.18659
3753535,1578642389242043,1,1,1,1,0,1,1,1,1,0,-0.04972839,0.301651,0.95211792,-0.05944824,0.30830383,0.94941711,32.21412659,1.36558533,-29.56047058,-26.89089966,2.38580322,-23.44271851,0,0.0,3.17347717,3.17347717,1.0,1.0,1578642389246818,252283891046, HMD, -0.10434, 1.21009, 0.39922, 0.06160, 0.01699, 0.98036, -0.18659
3753543,1578642389246055,1,1,1,1,0,1,1,1,1,0,-0.04896545,0.29981995,0.95272827,-0.06048584,0.30729675,0.94967651,32.20892334,1.38349915,-29.60493469,-26.8972168,2.38453674,-23.44189453,0,0.0,3.16897583,3.16897583,1.0,1.0,1578642389246818,252283891046, HMD, -0.10434, 1.21009, 0.39922, 0.06160, 0.01699, 0.98036, -0.18659
3753543,1578642389250015,1,1,1,1,0,1,1,1,1,0,-0.04896545,0.29981995,0.95272827,-0.06048584,0.30729675,0.94967651,32.20892334,1.38349915,-29.60493469,-26.8972168,2.38453674,-23.44189453,0,0.0,3.16897583,3.16897583,1.0,1.0,1578642389250061,252283923459, HMD, -0.10428, 1.20999, 0.39927, 0.06163, 0.01719, 0.98038, -0.18645
3753551,1578642389254030,1,1,1,1,0,1,1,1,1,0,-0.04821777,0.29853821,0.95317078,-0.05999756,0.30622864,0.95005798,32.20373535,1.40139771,-29.64938354,-26.90345764,2.38319397,-23.43586731,0,0.0,3.1645813,3.1645813,1.0,1.0,1578642389250061,252283923459, HMD, -0.10428, 1.20999, 0.39927, 0.06163, 0.01719, 0.98038, -0.18645
3753551,1578642389258023,1,1,1,1,0,1,1,1,1,0,-0.04821777,0.29853821,0.95317078,-0.05999756,0.30622864,0.95005798,32.20373535,1.40139771,-29.64938354,-26.90345764,2.38319397,-23.43586731,0,0.0,3.1645813,3.1645813,1.0,1.0,1578642389250061,252283923459, HMD, -0.10428, 1.20999, 0.39927, 0.06163, 0.01719, 0.98038, -0.18645
3753560,1578642389263016,1,1,1,1,0,1,1,1,1,0,-0.04968262,0.29867554,0.95304871,-0.05944824,0.30534363,0.95037842,32.20361328,1.40171814,-29.65196228,-26.90969849,2.38186646,-23.42982483,0,0.0,3.16069031,3.16069031,1.0,1.0,1578642389268657,252284109523, HMD, -0.10427, 1.20950, 0.39946, 0.06198, 0.01802, 0.98053, -0.18545
3753560,1578642389267015,1,1,1,1,0,1,1,1,1,0,-0.04968262,0.29867554,0.95304871,-0.05944824,0.30534363,0.95037842,32.20361328,1.40171814,-29.65196228,-26.90969849,2.38186646,-23.42982483,0,0.0,3.16069031,3.16069031,1.0,1.0,1578642389268657,252284109523, HMD, -0.10427, 1.20950, 0.39946, 0.06198, 0.01802, 0.98053, -0.18545
3753568,1578642389273018,1,1,1,1,0,1,1,1,1,0,-0.05114746,0.29873657,0.95295715,-0.06028748,0.30563354,0.95022583,32.20349121,1.40203857,-29.65454102,-26.91639709,2.38171387,-23.41645813,0,0.0,3.15704346,3.15704346,1.0,1.0,1578642389271944,252284142279, HMD, -0.10427, 1.20942, 0.39949, 0.06207, 0.01816, 0.98056, -0.18526
3753576,1578642389277037,1,1,1,1,0,1,1,1,1,0,-0.05172729,0.28941345,0.95579529,-0.06111145,0.30584717,0.95010376,32.20118713,1.5062561,-29.88844299,-26.92311096,2.38156128,-23.40309143,0,0.0,3.14045715,3.14045715,1.0,1.0,1578642389271944,252284142279, HMD, -0.10427, 1.20942, 0.39949, 0.06207, 0.01816, 0.98056, -0.18526
3753576,1578642389281017,1,1,1,1,0,1,1,1,1,0,-0.05172729,0.28941345,0.95579529,-0.06111145,0.30584717,0.95010376,32.20118713,1.5062561,-29.88844299,-26.92311096,2.38156128,-23.40309143,0,0.0,3.14045715,3.14045715,1.0,1.0,1578642389286913,252284292014, HMD, -0.10430, 1.20901, 0.39959, 0.06257, 0.01871, 0.98069, -0.18433
3753576,1578642389285034,1,1,1,1,0,1,1,1,1,0,-0.05175781,0.30084229,0.95225525,-0.06103516,0.3056488,0.95018005,32.19888306,1.40203857,-29.65454102,-26.93530273,2.38156128,-23.40309143,0,0.0,3.14862061,3.14862061,1.0,1.0,1578642389286913,252284292014, HMD, -0.10430, 1.20901, 0.39959, 0.06257, 0.01871, 0.98069, -0.18433
3753585,1578642389289026,1,1,1,1,0,1,1,1,1,0,-0.05175781,0.30084229,0.95225525,-0.06103516,0.3056488,0.95018005,32.19888306,1.40203857,-29.65454102,-26.93530273,2.38156128,-23.40309143,0,0.0,3.14862061,3.14862061,1.0,1.0,1578642389289053,252284313378, HMD, -0.10429, 1.20894, 0.39960, 0.06265, 0.01879, 0.98071, -0.18420
3753585,1578642389294010,1,1,1,1,0,1,1,1,1,0,-0.05175781,0.30084229,0.95225525,-0.06103516,0.3056488,0.95018005,32.19888306,1.40203857,-29.65454102,-26.93530273,2.38156128,-23.40309143,0,0.0,3.14862061,3.14862061,1.0,1.0,1578642389290874,252284331581, HMD, -0.10427, 1.20890, 0.39962, 0.06272, 0.01885, 0.98073, -0.18408
3753593,1578642389298008,1,1,1,1,0,1,1,1,1,0,-0.05265808,0.30058289,0.95228577,-0.05915833,0.3089447,0.94923401,32.19689941,1.40203857,-29.65454102,-26.94715881,2.36695862,-23.40309143,0,0.0,3.1388855,3.1388855,1.0,1.0,1578642389290874,252284331581, HMD, -0.10427, 1.20890, 0.39962, 0.06272, 0.01885, 0.98073, -0.18408
3753593,1578642389302002,1,1,1,1,0,1,1,1,1,0,-0.05265808,0.30058289,0.95228577,-0.05915833,0.3089447,0.94923401,32.19689941,1.40203857,-29.65454102,-26.94715881,2.36695862,-23.40309143,0,0.0,3.1388855,3.1388855,1.0,1.0,1578642389290874,252284331581, HMD, -0.10427, 1.20890, 0.39962, 0.06272, 0.01885, 0.98073, -0.18408
3753601,1578642389306015,1,1,1,1,0,1,1,1,1,0,-0.05778503,0.30058289,0.95199585,-0.06352234,0.30912781,0.94888306,32.19215393,1.40203857,-29.65454102,-26.96078491,2.36695862,-23.40309143,0,0.0,3.1394043,3.1394043,1.0,1.0,1578642389290874,252284331581, HMD, -0.10427, 1.20890, 0.39962, 0.06272, 0.01885, 0.98073, -0.18408
3753601,1578642389310998,1,1,1,1,0,1,1,1,1,0,-0.05392456,0.30030823,0.95230103,-0.06390381,0.30661011,0.94967651,32.16998291,1.40203857,-29.65454102,-26.96708679,2.36695862,-23.35939026,0,0.0,3.12971497,3.12971497,1.0,1.0,1578642389290874,252284331581, HMD, -0.10427, 1.20890, 0.39962, 0.06272, 0.01885, 0.98073, -0.18408
3753610,1578642389316009,1,1,1,1,0,1,1,1,1,0,-0.05392456,0.30030823,0.95230103,-0.06390381,0.30661011,0.94967651,32.16998291,1.40203857,-29.65454102,-26.96708679,2.36695862,-23.35939026,0,0.0,3.12971497,3.12971497,1.0,1.0,1578642389290874,252284331581, HMD, -0.10427, 1.20890, 0.39962, 0.06272, 0.01885, 0.98073, -0.18408
3753618,1578642389320005,1,1,1,1,0,1,1,1,1,0,-0.05322266,0.30076599,0.95219421,-0.06462097,0.30964661,0.94863892,32.16551208,1.40203857,-29.65454102,-26.97091675,2.36695862,-23.35939026,0,0.0,3.12582397,3.12582397,1.0,1.0,1578642389348785,252284910728, HMD, -0.10484, 1.20756, 0.39961, 0.06726, 0.01981, 0.98106, -0.18056
3753643,1578642389350756,1,1,1,1,0,1,1,1,1,0,-0.04962158,0.30207825,0.95198059,-0.07203674,0.31799316,0.94534302,32.15057373,1.42289734,-29.53820801,-26.97854614,2.36695862,-23.34855652,0,0.0,3.07279968,3.07279968,1.0,1.0,1578642389350716,252284929999, HMD, -0.10484, 1.20755, 0.39961, 0.06749, 0.01982, 0.98106, -0.18046
3753651,1578642389354758,1,1,1,1,0,1,1,1,1,0,-0.04934692,0.30056763,0.95246887,-0.07189941,0.32139587,0.94419861,32.15002441,1.4188385,-29.46620178,-26.97952271,2.36695862,-23.34855652,0,0.0,3.06698608,3.06698608,1.0,1.0,1578642389352206,252284944903, HMD, -0.10489, 1.20752, 0.39962, 0.06766, 0.01983, 0.98107, -0.18038
3753651,1578642389359760,1,1,1,1,0,1,1,1,1,0,-0.04934692,0.30056763,0.95246887,-0.07189941,0.32139587,0.94419861,32.15002441,1.4188385,-29.46620178,-26.97952271,2.36695862,-23.34855652,0,0.0,3.06698608,3.06698608,1.0,1.0,1578642389352206,252284944903, HMD, -0.10489, 1.20752, 0.39962, 0.06766, 0.01983, 0.98107, -0.18038
3753660,1578642389363753,1,1,1,1,0,1,1,1,1,0,-0.07525635,0.2868042,0.95501709,-0.09498596,0.31098938,0.94564819,32.03738403,1.68180847,-30.17852783,-27.10426331,2.43095398,-23.35733032,0,0.0,3.00343323,3.00343323,1.0,1.0,1578642389352206,252284944903, HMD, -0.10489, 1.20752, 0.39962, 0.06766, 0.01983, 0.98107, -0.18038
3753660,1578642389367857,1,1,1,1,0,1,1,1,1,0,-0.07525635,0.2868042,0.95501709,-0.09498596,0.31098938,0.94564819,32.03738403,1.68180847,-30.17852783,-27.10426331,2.43095398,-23.35733032,0,0.0,3.00343323,3.00343323,1.0,1.0,1578642389376266,252285185538, HMD, -0.10529, 1.20725, 0.39952, 0.07101, 0.01989, 0.98102, -0.17934
3753668,1578642389371758,1,1,1,1,0,1,1,1,1,0,-0.11439514,0.28781128,0.95082092,-0.1489563,0.32395935,0.93426514,31.70230103,1.29074097,-29.51998901,-27.19410706,1.86123657,-22.00926208,0,0.0,2.98777771,2.98777771,1.0,1.0,1578642389376266,252285185538, HMD, -0.10529, 1.20725, 0.39952, 0.07101, 0.01989, 0.98102, -0.17934
3753668,1578642389375761,1,1,1,1,0,1,1,1,1,0,-0.11439514,0.28781128,0.95082092,-0.1489563,0.32395935,0.93426514,31.70230103,1.29074097,-29.51998901,-27.19410706,1.86123657,-22.00926208,0,0.0,2.98777771,2.98777771,1.0,1.0,1578642389376266,252285185538, HMD, -0.10529, 1.20725, 0.39952, 0.07101, 0.01989, 0.98102, -0.17934
3753676,1578642389379770,1,1,1,1,0,1,1,1,1,0,-0.16600037,0.24487305,0.95523071,-0.20848083,0.27609253,0.93823242,31.35139465,1.36448669,-30.10246277,-27.39834595,1.94491577,-22.50085449,0,0.0,3.03227234,3.03227234,1.0,1.0,1578642389379730,252285220143, HMD, -0.10535, 1.20722, 0.39950, 0.07155, 0.01991, 0.98100, -0.17921
3753676,1578642389384755,1,1,1,1,0,1,1,1,1,0,-0.16600037,0.24487305,0.95523071,-0.20848083,0.27609253,0.93823242,31.35139465,1.36448669,-30.10246277,-27.39834595,1.94491577,-22.50085449,0,0.0,3.03227234,3.03227234,1.0,1.0,1578642389380181,252285224655, HMD, -0.10536, 1.20721, 0.39949, 0.07163, 0.01991, 0.98100, -0.17920
3753685,1578642389388764,1,1,1,1,0,1,1,1,1,0,-0.20840454,0.19491577,0.9584198,-0.15213013,0.16729736,0.97409058,30.99598694,1.62406921,-31.1980896,-28.11462402,3.79840088,-29.51359558,0,0.0,2.86767578,2.86767578,1.0,1.0,1578642389380181,252285224655, HMD, -0.10536, 1.20721, 0.39949, 0.07163, 0.01991, 0.98100, -0.17920
3753693,1578642389398753,1,1,1,1,0,1,1,1,1,0,-0.2492218,0.17826843,0.95188904,-0.27571106,0.17321777,0.94549561,30.68074036,1.32778931,-30.84437561,-28.04266357,2.3586731,-24.81854248,0,0.0,2.95591736,2.95591736,1.0,1.0,1578642389380181,252285224655, HMD, -0.10536, 1.20721, 0.39949, 0.07163, 0.01991, 0.98100, -0.17920
3753693,1578642389402737,1,1,1,1,0,1,1,1,1,0,-0.29125977,0.14601135,0.94541931,-0.24243164,0.11175537,0.96369934,30.37919617,1.37554932,-31.3657074,-28.56581116,3.63606262,-29.88201904,0,0.0,3.04396057,3.04396057,1.0,1.0,1578642389380181,252285224655, HMD, -0.10536, 1.20721, 0.39949, 0.07163, 0.01991, 0.98100, -0.17920
3753726,1578642389431626,1,1,1,1,0,1,1,1,1,0,-0.45635986,0.12939453,0.88032532,-0.33229065,0.05163574,0.9417572,30.15490723,-0.41375732,-26.56367493,-28.93174744,3.16972351,-29.12162781,0,0.0,3.16687012,3.16687012,1.0,1.0,1578642389434822,252285771113, HMD, -0.10652, 1.20716, 0.39908, 0.08201, 0.02103, 0.98038, -0.17800
3753735,1578642389435670,1,1,1,1,0,1,1,1,1,0,-0.45263672,0.1212616,0.88339233,-0.33145142,0.04925537,0.94216919,30.17668152,-0.49020386,-26.32661438,-28.9203949,3.081604,-28.90834045,0,0.0,3.15803528,3.15803528,1.0,1.0,1578642389435627,252285779115, HMD, -0.10654, 1.20717, 0.39907, 0.08218, 0.02106, 0.98037, -0.17799
3753735,1578642389442237,1,1,1,1,0,1,1,1,1,0,-0.45263672,0.1212616,0.88339233,-0.33145142,0.04925537,0.94216919,30.17668152,-0.49020386,-26.32661438,-28.9203949,3.081604,-28.90834045,0,0.0,3.15803528,3.15803528,1.0,1.0,1578642389438509,252285807929, HMD, -0.10660, 1.20719, 0.39904, 0.08280, 0.02116, 0.98031, -0.17799
3753743,1578642389446729,1,1,1,1,0,1,1,1,1,0,-0.42698669,0.12268066,0.89588928,-0.32644653,0.04893494,0.94393921,30.20344543,-0.39315796,-26.61148071,-28.92185974,3.09642029,-28.97955322,0,0.0,3.24316406,3.24316406,1.0,1.0,1578642389438509,252285807929, HMD, -0.10660, 1.20719, 0.39904, 0.08280, 0.02116, 0.98031, -0.17799
3753743,1578642389452617,1,1,1,1,0,1,1,1,1,0,-0.42750549,0.11662292,0.8964386,-0.32249451,0.04733276,0.94537354,30.20057678,-0.04512024,-27.7979126,-28.9203949,3.081604,-28.90834045,0,0.0,3.08544922,3.08544922,1.0,1.0,1578642389457686,252285999746, HMD, -0.10703, 1.20729, 0.39884, 0.08698, 0.02189, 0.97990, -0.17821
3753751,1578642389456668,1,1,1,1,0,1,1,1,1,0,-0.42750549,0.11662292,0.8964386,-0.32249451,0.04733276,0.94537354,30.20057678,-0.04512024,-27.7979126,-28.9203949,3.081604,-28.90834045,0,0.0,3.08544922,3.08544922,1.0,1.0,1578642389457686,252285999746, HMD, -0.10703, 1.20729, 0.39884, 0.08698, 0.02189, 0.97990, -0.17821
3753751,1578642389460619,1,1,1,1,0,1,1,1,1,0,-0.40527344,0.10263062,0.90840149,-0.32495117,0.04914856,0.94444275,30.20814514,0.04165649,-28.1361084,-28.90861511,3.03431702,-28.78817749,0,0.0,3.09355164,3.09355164,1.0,1.0,1578642389460617,252286029018, HMD, -0.10709, 1.20731, 0.39880, 0.08763, 0.02201, 0.97982, -0.17828
3753760,1578642389467606,1,1,1,1,0,1,1,1,1,0,-0.39900208,0.1028595,0.91114807,-0.32684326,0.05004883,0.94374084,30.23059082,0.00987244,-28.08018494,-28.89683533,3.05258179,-28.90834045,0,0.0,3.13433838,3.13433838,1.0,1.0,1578642389461512,252286037965, HMD, -0.10712, 1.20731, 0.39879, 0.08783, 0.02205, 0.97980, -0.17830
3753768,1578642389471431,1,1,1,1,0,1,1,1,1,0,-0.39900208,0.1028595,0.91114807,-0.32684326,0.05004883,0.94374084,30.23059082,0.00987244,-28.08018494,-28.89683533,3.05258179,-28.90834045,0,0.0,3.13433838,3.13433838,1.0,1.0,1578642389461512,252286037965, HMD, -0.10712, 1.20731, 0.39879, 0.08783, 0.02205, 0.97980, -0.17830
3753768,1578642389475440,1,1,1,1,0,1,1,1,1,0,-0.39900208,0.1028595,0.91114807,-0.32684326,0.05004883,0.94374084,30.23059082,0.00987244,-28.08018494,-28.89683533,3.05258179,-28.90834045,0,0.0,3.13433838,3.13433838,1.0,1.0,1578642389461512,252286037965, HMD, -0.10712, 1.20731, 0.39879, 0.08783, 0.02205, 0.97980, -0.17830
3753776,1578642389479884,1,1,1,1,0,1,1,1,1,0,-0.39846802,0.10113525,0.91157532,-0.32383728,0.05195618,0.94467163,30.25054932,0.03999329,-28.23043823,-28.89599609,3.04592896,-28.94345093,0,0.0,3.05606079,3.05606079,1.0,1.0,1578642389461512,252286037965, HMD, -0.10712, 1.20731, 0.39879, 0.08783, 0.02205, 0.97980, -0.17830
3753776,1578642389483332,1,1,1,1,0,1,1,1,1,0,-0.39846802,0.10113525,0.91157532,-0.32383728,0.05195618,0.94467163,30.25054932,0.03999329,-28.23043823,-28.89599609,3.04592896,-28.94345093,0,0.0,3.05606079,3.05606079,1.0,1.0,1578642389461512,252286037965, HMD, -0.10712, 1.20731, 0.39879, 0.08783, 0.02205, 0.97980, -0.17830
3753785,1578642389489344,1,1,1,1,0,1,1,1,1,0,-0.38719177,0.0899353,0.91758728,-0.32244873,0.05607605,0.94491577,30.28343201,0.15979004,-28.62763977,-28.81309509,2.80123901,-28.18022156,0,0.0,3.07826233,3.07826233,1.0,1.0,1578642389461512,252286037965, HMD, -0.10712, 1.20731, 0.39879, 0.08783, 0.02205, 0.97980, -0.17830
3753793,1578642389493350,1,1,1,1,0,1,1,1,1,0,-0.37680054,0.08647156,0.92224121,-0.31259155,0.05197144,0.94845581,30.31872559,0.25811768,-28.94973755,-28.81330872,2.81317139,-28.28918457,0,0.0,3.09715271,3.09715271,1.0,1.0,1578642389461512,252286037965, HMD, -0.10712, 1.20731, 0.39879, 0.08783, 0.02205, 0.97980, -0.17830
3753793,1578642389499176,1,1,1,1,0,1,1,1,1,0,-0.37680054,0.08647156,0.92224121,-0.31259155,0.05197144,0.94845581,30.31872559,0.25811768,-28.94973755,-28.81330872,2.81317139,-28.28918457,0,0.0,3.09715271,3.09715271,1.0,1.0,1578642389461512,252286037965, HMD, -0.10712, 1.20731, 0.39879, 0.08783, 0.02205, 0.97980, -0.17830
3753793,1578642389503165,1,1,1,1,0,1,1,1,1,0,-0.3731842,0.08802795,0.92355347,-0.31506348,0.05018616,0.94773865,30.33757019,0.23808289,-28.85961914,-28.79692078,2.76699829,-28.13696289,0,0.0,3.1456604,3.1456604,1.0,1.0,1578642389461512,252286037965, HMD, -0.10712, 1.20731, 0.39879, 0.08783, 0.02205, 0.97980, -0.17830
3753801,1578642389507188,1,1,1,1,0,1,1,1,1,0,-0.3731842,0.08802795,0.92355347,-0.31506348,0.05018616,0.94773865,30.33757019,0.23808289,-28.85961914,-28.79692078,2.76699829,-28.13696289,0,0.0,3.1456604,3.1456604,1.0,1.0,1578642389546967,252286892543, HMD, -0.10874, 1.20751, 0.39781, 0.10709, 0.02444, 0.97749, -0.18012
3753801,1578642389511259,1,1,1,1,0,1,1,1,1,0,-0.36206055,0.08436584,0.92831421,-0.31108093,0.04936218,0.94909668,30.36090088,0.27864075,-28.98591614,-28.78582764,2.77781677,-28.19512939,0,0.0,3.14660645,3.14660645,1.0,1.0,1578642389546967,252286892543, HMD, -0.10874, 1.20751, 0.39781, 0.10709, 0.02444, 0.97749, -0.18012
3753810,1578642389516448,1,1,1,1,0,1,1,1,1,0,-0.36206055,0.08436584,0.92831421,-0.31108093,0.04936218,0.94909668,30.36090088,0.27864075,-28.98591614,-28.78582764,2.77781677,-28.19512939,0,0.0,3.14660645,3.14660645,1.0,1.0,1578642389546967,252286892543, HMD, -0.10874, 1.20751, 0.39781, 0.10709, 0.02444, 0.97749, -0.18012
3753843,1578642389546534,1,1,1,1,0,1,1,1,1,0,-0.34837341,0.07449341,0.93437195,-0.30250549,0.04586792,0.95202637,30.44909668,0.51667786,-29.80856323,-28.74198914,2.80996704,-28.40266418,0,0.0,3.22186279,3.22186279,1.0,1.0,1578642389546967,252286892543, HMD, -0.10874, 1.20751, 0.39781, 0.10709, 0.02444, 0.97749, -0.18012
3753843,1578642389550499,1,1,1,1,0,1,1,1,1,0,-0.34837341,0.07449341,0.93437195,-0.30250549,0.04586792,0.95202637,30.44909668,0.51667786,-29.80856323,-28.74198914,2.80996704,-28.40266418,0,0.0,3.22186279,3.22186279,1.0,1.0,1578642389550440,252286927243, HMD, -0.10878, 1.20751, 0.39778, 0.10783, 0.02453, 0.97741, -0.18014
3753851,1578642389557715,1,1,1,1,0,1,1,1,1,0,-0.32434082,0.07040405,0.94329834,-0.30047607,0.04277039,0.95281982,30.40759277,0.94041443,-31.34916687,-28.72381592,2.76661682,-28.27774048,0,0.0,3.2038269,3.2038269,1.0,1.0,1578642389550584,252286928683, HMD, -0.10878, 1.20751, 0.39778, 0.10786, 0.02454, 0.97740, -0.18014
3753860,1578642389561744,1,1,1,1,0,1,1,1,1,0,-0.31481934,0.07537842,0.94615173,-0.29611206,0.05235291,0.95370483,30.46980286,0.80441284,-30.90180969,-28.70727539,2.74299622,-28.2086792,0,0.0,3.20185852,3.20185852,1.0,1.0,1578642389569869,252287121562, HMD, -0.10905, 1.20754, 0.39754, 0.11179, 0.02510, 0.97695, -0.18014
3753860,1578642389568739,1,1,1,1,0,1,1,1,1,0,-0.31481934,0.07537842,0.94615173,-0.29611206,0.05235291,0.95370483,30.46980286,0.80441284,-30.90180969,-28.70727539,2.74299622,-28.2086792,0,0.0,3.20185852,3.20185852,1.0,1.0,1578642389569869,252287121562, HMD, -0.10905, 1.20754, 0.39754, 0.11179, 0.02510, 0.97695, -0.18014
3753868,1578642389572678,1,1,1,1,0,1,1,1,1,0,-0.32081604,0.078125,0.94390869,-0.29370117,0.04840088,0.95466614,30.49716187,0.83573914,-30.98217773,-28.69883728,2.72973633,-28.16436768,0,0.0,3.18170166,3.18170166,1.0,1.0,1578642389572675,252287149595, HMD, -0.10903, 1.20757, 0.39754, 0.11234, 0.02519, 0.97688, -0.18015
3753885,1578642389592700,1,1,1,1,0,1,1,1,1,0,-0.31549072,0.06559753,0.94665527,-0.28964233,0.05252075,0.95568848,30.53352356,0.98791504,-31.40534973,-28.65982056,2.65592957,-27.91430664,0,0.0,3.17626953,3.17626953,1.0,1.0,1578642389573715,252287159995, HMD, -0.10904, 1.20757, 0.39752, 0.11254, 0.02522, 0.97686, -0.18014
3753893,1578642389596708,1,1,1,1,0,1,1,1,1,0,-0.30366516,0.06315613,0.95066833,-0.28775024,0.05111694,0.95632935,30.55978394,0.88995361,-31.07998657,-28.64762878,2.63327026,-27.85514832,0,0.0,3.21044922,3.21044922,1.0,1.0,1578642389618336,252287606255, HMD, -0.10936, 1.20769, 0.39696, 0.12068, 0.02621, 0.97589, -0.17995
3753901,1578642389608749,1,1,1,1,0,1,1,1,1,0,-0.30427551,0.07043457,0.94996643,-0.28027344,0.05560303,0.95829773,30.582901,0.82189941,-30.88027954,-28.64083862,2.61869812,-27.82531738,0,0.0,3.24790955,3.24790955,1.0,1.0,1578642389618336,252287606255, HMD, -0.10936, 1.20769, 0.39696, 0.12068, 0.02621, 0.97589, -0.17995
3753910,1578642389612551,1,1,1,1,0,1,1,1,1,0,-0.31117249,0.08180237,0.94682312,-0.28210449,0.05381775,0.95785522,30.59724426,0.82749939,-30.92170715,-28.61737061,2.54750061,-27.59976196,0,0.0,3.23342896,3.23342896,1.0,1.0,1578642389618336,252287606255, HMD, -0.10936, 1.20769, 0.39696, 0.12068, 0.02621, 0.97589, -0.17995
3753910,1578642389616537,1,1,1,1,0,1,1,1,1,0,-0.31117249,0.08180237,0.94682312,-0.28210449,0.05381775,0.95785522,30.59724426,0.82749939,-30.92170715,-28.61737061,2.54750061,-27.59976196,0,0.0,3.23342896,3.23342896,1.0,1.0,1578642389618336,252287606255, HMD, -0.10936, 1.20769, 0.39696, 0.12068, 0.02621, 0.97589, -0.17995
3753918,1578642389620571,1,1,1,1,0,1,1,1,1,0,-0.33323669,0.09393311,0.93814087,-0.27986145,0.05368042,0.95852661,30.70918274,0.32420349,-29.36361694,-28.60151672,2.49221802,-27.4263916,0,0.0,3.32336426,3.32336426,1.0,1.0,1578642389620636,252287629208, HMD, -0.10936, 1.20769, 0.39693, 0.12107, 0.02625, 0.97585, -0.17993
3753918,1578642389624549,1,1,1,1,0,1,1,1,1,0,-0.33323669,0.09393311,0.93814087,-0.27986145,0.05368042,0.95852661,30.70918274,0.32420349,-29.36361694,-28.60151672,2.49221802,-27.4263916,0,0.0,3.32336426,3.32336426,1.0,1.0,1578642389621928,252287642119, HMD, -0.10937, 1.20768, 0.39691, 0.12128, 0.02628, 0.97582, -0.17991
3753926,1578642389629530,1,1,1,1,0,1,1,1,1,0,-0.32574463,0.08854675,0.94128418,-0.279953,0.05229187,0.95857239,30.72749329,0.34965515,-29.43963623,-28.602005,2.50234985,-27.4732666,0,0.0,3.26727295,3.26727295,1.0,1.0,1578642389633623,252287759125, HMD, -0.10941, 1.20766, 0.39675, 0.12319, 0.02652, 0.97561, -0.17976
3753926,1578642389633537,1,1,1,1,0,1,1,1,1,0,-0.32574463,0.08854675,0.94128418,-0.279953,0.05229187,0.95857239,30.72749329,0.34965515,-29.43963623,-28.602005,2.50234985,-27.4732666,0,0.0,3.26727295,3.26727295,1.0,1.0,1578642389633623,252287759125, HMD, -0.10941, 1.20766, 0.39675, 0.12319, 0.02652, 0.97561, -0.17976
3753935,1578642389638535,1,1,1,1,0,1,1,1,1,0,-0.32409668,0.08007813,0.94261169,-0.27986145,0.05319214,0.95855713,30.74404907,0.3979187,-29.59951782,-28.60151672,2.49221802,-27.4263916,0,0.0,3.27043152,3.27043152,1.0,1.0,1578642389636936,252287792207, HMD, -0.10941, 1.20765, 0.39670, 0.12371, 0.02660, 0.97555, -0.17972
3753935,1578642389642537,1,1,1,1,0,1,1,1,1,0,-0.32409668,0.08007813,0.94261169,-0.27986145,0.05319214,0.95855713,30.74404907,0.3979187,-29.59951782,-28.60151672,2.49221802,-27.4263916,0,0.0,3.27043152,3.27043152,1.0,1.0,1578642389636936,252287792207, HMD, -0.10941, 1.20765, 0.39670, 0.12371, 0.02660, 0.97555, -0.17972
3753943,1578642389646528,1,1,1,1,0,1,1,1,1,0,-0.33190918,0.0766449,0.94018555,-0.27471924,0.05259705,0.96006775,30.75686646,0.44012451,-29.72940063,-28.59098816,2.47938538,-27.39080811,0,0.0,3.39385986,3.39385986,1.0,1.0,1578642389650000,252287922863, HMD, -0.10938, 1.20763, 0.39650, 0.12570, 0.02692, 0.97532, -0.17952
3753943,1578642389650523,1,1,1,1,0,1,1,1,1,0,-0.33190918,0.0766449,0.94018555,-0.27471924,0.05259705,0.96006775,30.75686646,0.44012451,-29.72940063,-28.59098816,2.47938538,-27.39080811,0,0.0,3.39385986,3.39385986,1.0,1.0,1578642389650477,252287927611, HMD, -0.10938, 1.20763, 0.39650, 0.12578, 0.02693, 0.97531, -0.17952
3753951,1578642389654542,1,1,1,1,0,1,1,1,1,0,-0.3144989,0.08628845,0.9453125,-0.26957703,0.05210876,0.96156311,30.77458191,0.4369812,-29.68754578,-28.58045959,2.46656799,-27.35520935,0,0.0,3.38397217,3.38397217,1.0,1.0,1578642389653380,252287956646, HMD, -0.10942, 1.20762, 0.39647, 0.12619, 0.02701, 0.97526, -0.17947
3753951,1578642389659522,1,1,1,1,0,1,1,1,1,0,-0.3144989,0.08628845,0.9453125,-0.26957703,0.05210876,0.96156311,30.77458191,0.4369812,-29.68754578,-28.58045959,2.46656799,-27.35520935,0,0.0,3.38397217,3.38397217,1.0,1.0,1578642389653380,252287956646, HMD, -0.10942, 1.20762, 0.39647, 0.12619, 0.02701, 0.97526, -0.17947
3753960,1578642389663523,1,1,1,1,0,1,1,1,1,0,-0.30918884,0.08068848,0.94755554,-0.27410889,0.05662537,0.96002197,30.77484131,0.49693298,-29.83058167,-28.52861023,2.42463684,-27.15042114,0,0.0,3.2832489,3.2832489,1.0,1.0,1578642389671598,252288138842, HMD, -0.10935, 1.20760, 0.39618, 0.12868, 0.02758, 0.97496, -0.17923
3753960,1578642389667527,1,1,1,1,0,1,1,1,1,0,-0.30918884,0.08068848,0.94755554,-0.27410889,0.05662537,0.96002197,30.77484131,0.49693298,-29.83058167,-28.52861023,2.42463684,-27.15042114,0,0.0,3.2832489,3.2832489,1.0,1.0,1578642389671598,252288138842, HMD, -0.10935, 1.20760, 0.39618, 0.12868, 0.02758, 0.97496, -0.17923
3753968,1578642389671517,1,1,1,1,0,1,1,1,1,0,-0.31272888,0.06893921,0.94732666,-0.27514648,0.05755615,0.95967102,30.77391052,0.53237915,-29.93397522,-28.51168823,2.41850281,-27.13304138,0,0.0,3.34580994,3.34580994,1.0,1.0,1578642389671598,252288138842, HMD, -0.10935, 1.20760, 0.39618, 0.12868, 0.02758, 0.97496, -0.17923
3753968,1578642389675537,1,1,1,1,0,1,1,1,1,0,-0.31272888,0.06893921,0.94732666,-0.27514648,0.05755615,0.95967102,30.77391052,0.53237915,-29.93397522,-28.51168823,2.41850281,-27.13304138,0,0.0,3.34580994,3.34580994,1.0,1.0,1578642389675477,252288177619, HMD, -0.10933, 1.20759, 0.39612, 0.12917, 0.02771, 0.97490, -0.17919
3753976,1578642389684592,1,1,1,1,0,1,1,1,1,0,-0.30691528,0.07095337,0.94908142,-0.27445984,0.05914307,0.95976257,30.78134155,0.5413208,-29.94850159,-28.50428772,2.40612793,-27.09280396,0,0.0,3.32086182,3.32086182,1.0,1.0,1578642389677021,252288193061, HMD, -0.10932, 1.20758, 0.39610, 0.12937, 0.02776, 0.97488, -0.17917
3753985,1578642389689520,1,1,1,1,0,1,1,1,1,0,-0.30404663,0.07266235,0.94987488,-0.2736969,0.05918884,0.9599762,30.78796387,0.54858398,-29.96194458,-28.49690247,2.40730286,-27.11914063,0,0.0,3.2837677,3.2837677,1.0,1.0,1578642389677021,252288193061, HMD, -0.10932, 1.20758, 0.39610, 0.12937, 0.02776, 0.97488, -0.17917
3753985,1578642389694514,1,1,1,1,0,1,1,1,1,0,-0.30529785,0.06954956,0.94970703,-0.27008057,0.05560303,0.96121216,30.79020691,0.55506897,-29.98381042,-28.49357605,2.4102478,-27.12609863,0,0.0,3.30474854,3.30474854,1.0,1.0,1578642389677021,252288193061, HMD, -0.10932, 1.20758, 0.39610, 0.12937, 0.02776, 0.97488, -0.17917
3753993,1578642389698537,1,1,1,1,0,1,1,1,1,0,-0.30529785,0.06954956,0.94970703,-0.27008057,0.05560303,0.96121216,30.79020691,0.55506897,-29.98381042,-28.49357605,2.4102478,-27.12609863,0,0.0,3.30474854,3.30474854,1.0,1.0,1578642389677021,252288193061, HMD, -0.10932, 1.20758, 0.39610, 0.12937, 0.02776, 0.97488, -0.17917
3754018,1578642389722525,1,1,1,1,0,1,1,1,1,0,-0.31347656,0.09008789,0.94529724,-0.28024292,0.05633545,0.95826721,30.72669983,0.55259705,-29.871521,-28.51504517,2.45843506,-27.1053772,0,0.0,3.30648804,3.30648804,1.0,1.0,1578642389723324,252288656112, HMD, -0.10886, 1.20731, 0.39533, 0.13432, 0.02937, 0.97425, -0.17870
3754026,1578642389726515,1,1,1,1,0,1,1,1,1,0,-0.31922913,0.11746216,0.94035339,-0.28456116,0.07533264,0.95568848,30.67207336,0.44190979,-29.27153015,-28.5446167,2.61836243,-27.40461731,0,0.0,3.18016052,3.18016052,1.0,1.0,1578642389726460,252288687445, HMD, -0.10882, 1.20728, 0.39528, 0.13460, 0.02948, 0.97422, -0.17865
3754026,1578642389731504,1,1,1,1,0,1,1,1,1,0,-0.31922913,0.11746216,0.94035339,-0.28456116,0.07533264,0.95568848,30.67207336,0.44190979,-29.27153015,-28.5446167,2.61836243,-27.40461731,0,0.0,3.18016052,3.18016052,1.0,1.0,1578642389726713,252288689975, HMD, -0.10882, 1.20728, 0.39527, 0.13462, 0.02948, 0.97422, -0.17864
3754026,1578642389735530,1,1,1,1,0,1,1,1,1,0,-0.32496643,0.13478088,0.93606567,-0.28192139,0.09971619,0.95422363,30.63352966,0.41415405,-28.9831543,-28.53411865,2.55758667,-27.02314758,0,0.0,3.30778503,3.30778503,1.0,1.0,1578642389726713,252288689975, HMD, -0.10882, 1.20728, 0.39527, 0.13462, 0.02948, 0.97422, -0.17864
3754035,1578642389739498,1,1,1,1,0,1,1,1,1,0,-0.32496643,0.13478088,0.93606567,-0.28192139,0.09971619,0.95422363,30.63352966,0.41415405,-28.9831543,-28.53411865,2.55758667,-27.02314758,0,0.0,3.30778503,3.30778503,1.0,1.0,1578642389726713,252288689975, HMD, -0.10882, 1.20728, 0.39527, 0.13462, 0.02948, 0.97422, -0.17864
3754051,1578642389753522,1,1,1,1,0,1,1,1,1,0,-0.32467651,0.14862061,0.93406677,-0.27731323,0.09849548,0.95570374,30.64967346,0.46315002,-29.06674194,-28.55696106,2.64990234,-27.25720215,0,0.0,3.27180481,3.27180481,1.0,1.0,1578642389756734,252288990234, HMD, -0.10830, 1.20689, 0.39478, 0.13690, 0.03064, 0.97396, -0.17811
3754051,1578642389757520,1,1,1,1,0,1,1,1,1,0,-0.32467651,0.14862061,0.93406677,-0.27731323,0.09849548,0.95570374,30.64967346,0.46315002,-29.06674194,-28.55696106,2.64990234,-27.25720215,0,0.0,3.27180481,3.27180481,1.0,1.0,1578642389757491,252288997760, HMD, -0.10829, 1.20688, 0.39476, 0.13695, 0.03067, 0.97395, -0.17810
3754060,1578642389763513,1,1,1,1,0,1,1,1,1,0,-0.31797791,0.1428833,0.93725586,-0.27700806,0.09857178,0.95578003,30.64604187,0.44010925,-28.95864868,-28.55830383,2.62533569,-27.17909241,0,0.0,3.32093811,3.32093811,1.0,1.0,1578642389760120,252289024049, HMD, -0.10824, 1.20685, 0.39471, 0.13712, 0.03076, 0.97393, -0.17806
3754060,1578642389767497,1,1,1,1,0,1,1,1,1,0,-0.31797791,0.1428833,0.93725586,-0.27700806,0.09857178,0.95578003,30.64604187,0.44010925,-28.95864868,-28.55830383,2.62533569,-27.17909241,0,0.0,3.32093811,3.32093811,1.0,1.0,1578642389760120,252289024049, HMD, -0.10824, 1.20685, 0.39471, 0.13712, 0.03076, 0.97393, -0.17806
3754068,1578642389770517,1,1,1,1,0,1,1,1,1,0,-0.31072998,0.14743042,0.9389801,-0.27693176,0.09877014,0.95579529,30.64967346,0.46315002,-29.06674194,-28.55963135,2.60076904,-27.10096741,0,0.0,3.26672363,3.26672363,1.0,1.0,1578642389760120,252289024049, HMD, -0.10824, 1.20685, 0.39471, 0.13712, 0.03076, 0.97393, -0.17806
3754068,1578642389774500,1,1,1,1,0,1,1,1,1,0,-0.31072998,0.14743042,0.9389801,-0.27693176,0.09877014,0.95579529,30.64967346,0.46315002,-29.06674194,-28.55963135,2.60076904,-27.10096741,0,0.0,3.26672363,3.26672363,1.0,1.0,1578642389788431,252289307210, HMD, -0.10777, 1.20641, 0.39416, 0.13889, 0.03181, 0.97371, -0.17772
3754076,1578642389778494,1,1,1,1,0,1,1,1,1,0,-0.31193542,0.1456604,0.93885803,-0.2792511,0.09794617,0.9552002,30.65530396,0.47634888,-29.07551575,-28.55830383,2.55905151,-26.93638611,0,0.0,3.26321411,3.26321411,1.0,1.0,1578642389788431,252289307210, HMD, -0.10777, 1.20641, 0.39416, 0.13889, 0.03181, 0.97371, -0.17772
3754076,1578642389782526,1,1,1,1,0,1,1,1,1,0,-0.31193542,0.1456604,0.93885803,-0.2792511,0.09794617,0.9552002,30.65530396,0.47634888,-29.07551575,-28.55830383,2.55905151,-26.93638611,0,0.0,3.26321411,3.26321411,1.0,1.0,1578642389788431,252289307210, HMD, -0.10777, 1.20641, 0.39416, 0.13889, 0.03181, 0.97371, -0.17772
3754085,1578642389787938,1,1,1,1,0,1,1,1,1,0,-0.31333923,0.14387512,0.93865967,-0.28012085,0.09643555,0.95509338,30.66093445,0.48954773,-29.08427429,-28.55963135,2.51734924,-26.77182007,0,0.0,3.26557922,3.26557922,1.0,1.0,1578642389788431,252289307210, HMD, -0.10777, 1.20641, 0.39416, 0.13889, 0.03181, 0.97371, -0.17772
3754085,1578642389791202,1,1,1,1,0,1,1,1,1,0,-0.31333923,0.14387512,0.93865967,-0.28012085,0.09643555,0.95509338,30.66093445,0.48954773,-29.08427429,-28.55963135,2.51734924,-26.77182007,0,0.0,3.26557922,3.26557922,1.0,1.0,1578642389791132,252289334162, HMD, -0.10775, 1.20634, 0.39410, 0.13906, 0.03191, 0.97369, -0.17770
3754093,1578642389795280,1,1,1,1,0,1,1,1,1,0,-0.31329346,0.14181519,0.93899536,-0.28057861,0.09828186,0.95477295,30.66197205,0.5222168,-29.17987061,-28.56002808,2.4871521,-26.68128967,0,0.0,3.26991272,3.26991272,1.0,1.0,1578642389792840,252289351241, HMD, -0.10771, 1.20631, 0.39406, 0.13916, 0.03195, 0.97368, -0.17768
3754093,1578642389799300,1,1,1,1,0,1,1,1,1,0,-0.31329346,0.14181519,0.93899536,-0.28057861,0.09828186,0.95477295,30.66197205,0.5222168,-29.17987061,-28.56002808,2.4871521,-26.68128967,0,0.0,3.26991272,3.26991272,1.0,1.0,1578642389803970,252289462567, HMD, -0.10750, 1.20612, 0.39381, 0.13979, 0.03226, 0.97360, -0.17754
3754093,1578642389803359,1,1,1,1,0,1,1,1,1,0,-0.31304932,0.13972473,0.93939209,-0.28092957,0.10267639,0.95420837,30.66300964,0.55490112,-29.27545166,-28.56040955,2.4569397,-26.62956238,0,0.0,3.25862122,3.25862122,1.0,1.0,1578642389803970,252289462567, HMD, -0.10750, 1.20612, 0.39381, 0.13979, 0.03226, 0.97360, -0.17754
3754101,1578642389810067,1,1,1,1,0,1,1,1,1,0,-0.31304932,0.13972473,0.93939209,-0.28092957,0.10267639,0.95420837,30.66300964,0.55490112,-29.27545166,-28.56040955,2.4569397,-26.62956238,0,0.0,3.25862122,3.25862122,1.0,1.0,1578642389807524,252289498086, HMD, -0.10743, 1.20606, 0.39373, 0.13999, 0.03235, 0.97358, -0.17748
3754110,1578642389813426,1,1,1,1,0,1,1,1,1,0,-0.31265259,0.14016724,0.93945313,-0.28166199,0.10185242,0.9540863,30.66308594,0.56181335,-29.29916382,-28.56072998,2.45547485,-26.61016846,0,0.0,3.25520325,3.25520325,1.0,1.0,1578642389807524,252289498086, HMD, -0.10743, 1.20606, 0.39373, 0.13999, 0.03235, 0.97358, -0.17748
3754110,1578642389816645,1,1,1,1,0,1,1,1,1,0,-0.31265259,0.14016724,0.93945313,-0.28166199,0.10185242,0.9540863,30.66308594,0.56181335,-29.29916382,-28.56072998,2.45547485,-26.61016846,0,0.0,3.25520325,3.25520325,1.0,1.0,1578642389824461,252289667467, HMD, -0.10711, 1.20573, 0.39333, 0.14089, 0.03270, 0.97348, -0.17723
3754118,1578642389820751,1,1,1,1,0,1,1,1,1,0,-0.31225586,0.13949585,0.93969727,-0.28234863,0.10263062,0.95379639,30.66317749,0.56872559,-29.32289124,-28.56106567,2.45402527,-26.61898804,0,0.0,3.25138855,3.25138855,1.0,1.0,1578642389824461,252289667467, HMD, -0.10711, 1.20573, 0.39333, 0.14089, 0.03270, 0.97348, -0.17723
3754118,1578642389824751,1,1,1,1,0,1,1,1,1,0,-0.31225586,0.13949585,0.93969727,-0.28234863,0.10263062,0.95379639,30.66317749,0.56872559,-29.32289124,-28.56106567,2.45402527,-26.61898804,0,0.0,3.25138855,3.25138855,1.0,1.0,1578642389824691,252289669757, HMD, -0.10711, 1.20573, 0.39333, 0.14090, 0.03270, 0.97348, -0.17723
3754126,1578642389829754,1,1,1,1,0,1,1,1,1,0,-0.31184387,0.13885498,0.93991089,-0.28320313,0.10188293,0.95362854,30.66371155,0.57347107,-29.33409119,-28.56192017,2.45181274,-26.60488892,0,0.0,3.25053406,3.25053406,1.0,1.0,1578642389827576,252289698601, HMD, -0.10700, 1.20566, 0.39325, 0.14105, 0.03276, 0.97347, -0.17719
3754135,1578642389834239,1,1,1,1,0,1,1,1,1,0,-0.31184387,0.13885498,0.93991089,-0.28320313,0.10188293,0.95362854,30.66371155,0.57347107,-29.33409119,-28.56192017,2.45181274,-26.60488892,0,0.0,3.25053406,3.25053406,1.0,1.0,1578642389827576,252289698601, HMD, -0.10700, 1.20566, 0.39325, 0.14105, 0.03276, 0.97347, -0.17719
3754135,1578642389840240,1,1,1,1,0,1,1,1,1,0,-0.31144714,0.13858032,0.94009399,-0.28405762,0.10122681,0.95344543,30.66424561,0.57821655,-29.34529114,-28.56277466,2.44961548,-26.59077454,0,0.0,3.24986267,3.24986267,1.0,1.0,1578642389847210,252289894957, HMD, -0.10663, 1.20529, 0.39278, 0.14195, 0.03305, 0.97340, -0.17680
3754135,1578642389843743,1,1,1,1,0,1,1,1,1,0,-0.31121826,0.13865662,0.94015503,-0.28375244,0.10153198,0.95349121,30.66433716,0.57879639,-29.34825134,-28.56486511,2.44752502,-26.58174133,0,0.0,3.24353027,3.24353027,1.0,1.0,1578642389847210,252289894957, HMD, -0.10663, 1.20529, 0.39278, 0.14195, 0.03305, 0.97340, -0.17680
3754143,1578642389847743,1,1,1,1,0,1,1,1,1,0,-0.31121826,0.13865662,0.94015503,-0.28375244,0.10153198,0.95349121,30.66433716,0.57879639,-29.34825134,-28.56486511,2.44752502,-26.58174133,0,0.0,3.24353027,3.24353027,1.0,1.0,1578642389847798,252289900828, HMD, -0.10662, 1.20528, 0.39277, 0.14198, 0.03306, 0.97339, -0.17678
3754151,1578642389851752,1,1,1,1,0,1,1,1,1,0,-0.3109436,0.13868713,0.94024658,-0.28346252,0.10099792,0.9536438,30.66424561,0.57936096,-29.35121155,-28.56697083,2.44544983,-26.57270813,0,0.0,3.23745728,3.23745728,1.0,1.0,1578642389850274,252289925584, HMD, -0.10662, 1.20521, 0.39275, 0.14209, 0.03308, 0.97338, -0.17676
3754151,1578642389855737,1,1,1,1,0,1,1,1,1,0,-0.3109436,0.13868713,0.94024658,-0.28346252,0.10099792,0.9536438,30.66424561,0.57936096,-29.35121155,-28.56697083,2.44544983,-26.57270813,0,0.0,3.23745728,3.23745728,1.0,1.0,1578642389850274,252289925584, HMD, -0.10662, 1.20521, 0.39275, 0.14209, 0.03308, 0.97338, -0.17676
3754160,1578642389860785,1,1,1,1,0,1,1,1,1,0,-0.30934143,0.13705444,0.94100952,-0.28294373,0.10139465,0.95375061,30.66371155,0.58670044,-29.34825134,-28.5684967,2.44172668,-26.55802917,0,0.0,3.23152161,3.23152161,1.0,1.0,1578642389863176,252290054645, HMD, -0.10636, 1.20500, 0.39241, 0.14261, 0.03325, 0.97335, -0.17649
3754160,1578642389864726,1,1,1,1,0,1,1,1,1,0,-0.30934143,0.13705444,0.94100952,-0.28294373,0.10139465,0.95375061,30.66371155,0.58670044,-29.34825134,-28.5684967,2.44172668,-26.55802917,0,0.0,3.23152161,3.23152161,1.0,1.0,1578642389864767,252290070517, HMD, -0.10632, 1.20497, 0.39237, 0.14267, 0.03327, 0.97335, -0.17646
3754176,1578642389877732,1,1,1,1,0,1,1,1,1,0,-0.30758667,0.13369751,0.94207764,-0.28237915,0.10174561,0.95387268,30.66317749,0.60319519,-29.35121155,-28.5703125,2.43035889,-26.53071594,0,0.0,3.21080017,3.21080017,1.0,1.0,1578642389880585,252290228701, HMD, -0.10607, 1.20476, 0.39200, 0.14324, 0.03344, 0.97332, -0.17609
3754176,1578642389881735,1,1,1,1,0,1,1,1,1,0,-0.30758667,0.13369751,0.94207764,-0.28237915,0.10174561,0.95387268,30.66317749,0.60319519,-29.35121155,-28.5703125,2.43035889,-26.53071594,0,0.0,3.21080017,3.21080017,1.0,1.0,1578642389881747,252290240313, HMD, -0.10605, 1.20474, 0.39197, 0.14328, 0.03346, 0.97332, -0.17607
3754185,1578642389886735,1,1,1,1,0,1,1,1,1,0,-0.30751038,0.13449097,0.94198608,-0.28192139,0.10145569,0.95404053,30.66317749,0.604599,-29.36489868,-28.57232666,2.42936707,-26.52246094,0,0.0,3.21009827,3.21009827,1.0,1.0,1578642389883594,252290258779, HMD, -0.10601, 1.20472, 0.39192, 0.14334, 0.03348, 0.97332, -0.17602
3754185,1578642389890731,1,1,1,1,0,1,1,1,1,0,-0.30751038,0.13449097,0.94198608,-0.28192139,0.10145569,0.95404053,30.66317749,0.604599,-29.36489868,-28.57232666,2.42936707,-26.52246094,0,0.0,3.21009827,3.21009827,1.0,1.0,1578642389892570,252290348552, HMD, -0.10584, 1.20455, 0.39170, 0.14364, 0.03362, 0.97331, -0.17579
3754193,1578642389895731,1,1,1,1,0,1,1,1,1,0,-0.30712891,0.13398743,0.94218445,-0.28192139,0.10157776,0.95404053,30.66317749,0.60787964,-29.37571716,-28.57237244,2.42663574,-26.51316833,0,0.0,3.18162537,3.18162537,1.0,1.0,1578642389895752,252290380369, HMD, -0.10577, 1.20450, 0.39162, 0.14372, 0.03367, 0.97331, -0.17570
3754193,1578642389899718,1,1,1,1,0,1,1,1,1,0,-0.30712891,0.13398743,0.94218445,-0.28192139,0.10157776,0.95404053,30.66317749,0.60787964,-29.37571716,-28.57237244,2.42663574,-26.51316833,0,0.0,3.18162537,3.18162537,1.0,1.0,1578642389895959,252290382437, HMD, -0.10577, 1.20450, 0.39161, 0.14372, 0.03368, 0.97332, -0.17569
3754201,1578642389903727,1,1,1,1,0,1,1,1,1,0,-0.30706787,0.1338501,0.94221497,-0.28211975,0.1010437,0.95404053,30.66300964,0.60943604,-29.37939453,-28.57322693,2.42260742,-26.49261475,0,0.0,3.18061829,3.18061829,1.0,1.0,1578642389904556,252290468416, HMD, -0.10560, 1.20437, 0.39138, 0.14391, 0.03383, 0.97333, -0.17540
3754210,1578642389909731,1,1,1,1,0,1,1,1,1,0,-0.30648804,0.13299561,0.9425354,-0.28121948,0.10058594,0.9543457,30.66079712,0.61636353,-29.39523315,-28.57806396,2.42260742,-26.49261475,0,0.0,3.17808533,3.17808533,1.0,1.0,1578642389907989,252290502737, HMD, -0.10551, 1.20430, 0.39129, 0.14399, 0.03389, 0.97334, -0.17528
3754210,1578642389913726,1,1,1,1,0,1,1,1,1,0,-0.30648804,0.13299561,0.9425354,-0.28121948,0.10058594,0.9543457,30.66079712,0.61636353,-29.39523315,-28.57806396,2.42260742,-26.49261475,0,0.0,3.17808533,3.17808533,1.0,1.0,1578642389915494,252290577788, HMD, -0.10542, 1.20421, 0.39112, 0.14412, 0.03406, 0.97337, -0.17499
3754210,1578642389917720,1,1,1,1,0,1,1,1,1,0,-0.30648804,0.13299561,0.9425354,-0.28121948,0.10058594,0.9543457,30.66079712,0.61636353,-29.39523315,-28.57806396,2.42260742,-26.49261475,0,0.0,3.17808533,3.17808533,1.0,1.0,1578642389917799,252290600836, HMD, -0.10538, 1.20417, 0.39106, 0.14415, 0.03412, 0.97338, -0.17489
3754218,1578642389921714,1,1,1,1,0,1,1,1,1,0,-0.30583191,0.1328125,0.94276428,-0.28175354,0.10191345,0.95404053,30.65875244,0.61749268,-29.39727783,-28.57891846,2.42663574,-26.52246094,0,0.0,3.16387939,3.16387939,1.0,1.0,1578642389918600,252290608848, HMD, -0.10536, 1.20416, 0.39104, 0.14416, 0.03414, 0.97339, -0.17485
3754218,1578642389925724,1,1,1,1,0,1,1,1,1,0,-0.30583191,0.1328125,0.94276428,-0.28175354,0.10191345,0.95404053,30.65875244,0.61749268,-29.39727783,-28.57891846,2.42663574,-26.52246094,0,0.0,3.16387939,3.16387939,1.0,1.0,1578642389927666,252290699513, HMD, -0.10520, 1.20401, 0.39081, 0.14431, 0.03440, 0.97343, -0.17443
3754235,1578642389935745,1,1,1,1,0,1,1,1,1,0,-0.30503845,0.13323975,0.94296265,-0.28143311,0.10202026,0.95413208,30.65473938,0.61834717,-29.41453552,-28.58094788,2.42663574,-26.52246094,0,0.0,3.14042664,3.14042664,1.0,1.0,1578642389930678,252290729625, HMD, -0.10515, 1.20398, 0.39076, 0.14434, 0.03450, 0.97345, -0.17429
3754235,1578642389939704,1,1,1,1,0,1,1,1,1,0,-0.30503845,0.13323975,0.94296265,-0.28143311,0.10202026,0.95413208,30.65473938,0.61834717,-29.41453552,-28.58094788,2.42663574,-26.52246094,0,0.0,3.14042664,3.14042664,1.0,1.0,1578642389947211,252290895088, HMD, -0.10483, 1.20370, 0.39035, 0.14461, 0.03507, 0.97355, -0.17337
3754243,1578642389943716,1,1,1,1,0,1,1,1,1,0,-0.30387878,0.13117981,0.94361877,-0.28076172,0.10290527,0.95423889,30.60626221,0.62409973,-29.41461182,-28.58377075,2.42663574,-26.52246094,0,0.0,3.09111023,3.09111023,1.0,1.0,1578642389947211,252290895088, HMD, -0.10483, 1.20370, 0.39035, 0.14461, 0.03507, 0.97355, -0.17337
3754243,1578642389947716,1,1,1,1,0,1,1,1,1,0,-0.30387878,0.13117981,0.94361877,-0.28076172,0.10290527,0.95423889,30.60626221,0.62409973,-29.41461182,-28.58377075,2.42663574,-26.52246094,0,0.0,3.09111023,3.09111023,1.0,1.0,1578642389947759,252290900432, HMD, -0.10482, 1.20369, 0.39034, 0.14462, 0.03509, 0.97356, -0.17333
3754251,1578642389951705,1,1,1,1,0,1,1,1,1,0,-0.3009491,0.13467407,0.94407654,-0.2809906,0.10371399,0.9540863,30.59257507,0.63623047,-29.44203186,-28.5847168,2.42663574,-26.52246094,0,0.0,3.02522278,3.02522278,1.0,1.0,1578642389950163,252290924470, HMD, -0.10478, 1.20366, 0.39029, 0.14467, 0.03518, 0.97357, -0.17320
3754251,1578642389955699,1,1,1,1,0,1,1,1,1,0,-0.3009491,0.13467407,0.94407654,-0.2809906,0.10371399,0.9540863,30.59257507,0.63623047,-29.44203186,-28.5847168,2.42663574,-26.52246094,0,0.0,3.02522278,3.02522278,1.0,1.0,1578642389958740,252291010251, HMD, -0.10469, 1.20351, 0.39012, 0.14488, 0.03558, 0.97362, -0.17266
3754260,1578642389959706,1,1,1,1,0,1,1,1,1,0,-0.302948,0.12976074,0.94412231,-0.27331543,0.10812378,0.95582581,30.57611084,0.67515564,-29.55212402,-28.67597961,2.54893494,-26.95956421,0,0.0,3.00593567,3.00593567,1.0,1.0,1578642389959666,252291019505, HMD, -0.10467, 1.20349, 0.39010, 0.14491, 0.03561, 0.97362, -0.17259
3754260,1578642389964702,1,1,1,1,0,1,1,1,1,0,-0.302948,0.12976074,0.94412231,-0.27331543,0.10812378,0.95582581,30.57611084,0.67515564,-29.55212402,-28.67597961,2.54893494,-26.95956421,0,0.0,3.00593567,3.00593567,1.0,1.0,1578642389962369,252291046531, HMD, -0.10463, 1.20345, 0.39003, 0.14498, 0.03574, 0.97364, -0.17241
3754268,1578642389968704,1,1,1,1,0,1,1,1,1,0,-0.302948,0.12976074,0.94412231,-0.27331543,0.10812378,0.95582581,30.57611084,0.67515564,-29.55212402,-28.67597961,2.54893494,-26.95956421,0,0.0,3.00593567,3.00593567,1.0,1.0,1578642389971101,252291133868, HMD, -0.10449, 1.20328, 0.38985, 0.14530, 0.03617, 0.97369, -0.17179
3754268,1578642389972691,1,1,1,1,0,1,1,1,1,0,-0.30258179,0.12588501,0.94476318,-0.2807312,0.10282898,0.95425415,30.55909729,0.70628357,-29.66011047,-28.67788696,2.47264099,-26.68841553,0,0.0,2.98828125,2.98828125,1.0,1.0,1578642389972628,252291149129, HMD, -0.10447, 1.20325, 0.38981, 0.14536, 0.03625, 0.97369, -0.17168
3754268,1578642389976687,1,1,1,1,0,1,1,1,1,0,-0.30258179,0.12588501,0.94476318,-0.2807312,0.10282898,0.95425415,30.55909729,0.70628357,-29.66011047,-28.67788696,2.47264099,-26.68841553,0,0.0,2.98828125,2.98828125,1.0,1.0,1578642389974260,252291165448, HMD, -0.10444, 1.20322, 0.38977, 0.14543, 0.03635, 0.97370, -0.17155
3754276,1578642389980692,1,1,1,1,0,1,1,1,1,0,-0.30006409,0.13761902,0.94392395,-0.2816925,0.10560608,0.95365906,30.53923035,0.75553894,-29.8140564,-28.70829773,2.51864624,-26.8578949,0,0.0,2.95640564,2.95640564,1.0,1.0,1578642389983119,252291254040, HMD, -0.10434, 1.20305, 0.38956, 0.14582, 0.03689, 0.97374, -0.17088
3754285,1578642389984686,1,1,1,1,0,1,1,1,1,0,-0.30006409,0.13761902,0.94392395,-0.2816925,0.10560608,0.95365906,30.53923035,0.75553894,-29.8140564,-28.70829773,2.51864624,-26.8578949,0,0.0,2.95640564,2.95640564,1.0,1.0,1578642389984723,252291270076, HMD, -0.10432, 1.20302, 0.38952, 0.14589, 0.03699, 0.97375, -0.17076
3754285,1578642389988698,1,1,1,1,0,1,1,1,1,0,-0.29931641,0.13253784,0.94488525,-0.28025818,0.10972595,0.95362854,30.53231812,0.7545166,-29.80511475,-28.71629333,2.5352478,-26.91714478,0,0.0,2.96212769,2.96212769,1.0,1.0,1578642389986449,252291287336, HMD, -0.10426, 1.20297, 0.38948, 0.14598, 0.03710, 0.97376, -0.17063
3754293,1578642389993688,1,1,1,1,0,1,1,1,1,0,-0.29850769,0.13624573,0.94462585,-0.27766418,0.11390686,0.95388794,30.52540588,0.75553894,-29.79618835,-28.72428894,2.55183411,-26.97637939,0,0.0,2.9719696,2.9719696,1.0,1.0,1578642389986449,252291287336, HMD, -0.10426, 1.20297, 0.38948, 0.14598, 0.03710, 0.97376, -0.17063
3754293,1578642389997698,1,1,1,1,0,1,1,1,1,0,-0.29850769,0.13624573,0.94462585,-0.27766418,0.11390686,0.95388794,30.52540588,0.75553894,-29.79618835,-28.72428894,2.55183411,-26.97637939,0,0.0,2.9719696,2.9719696,1.0,1.0,1578642390002729,252291450154, HMD, -0.10409, 1.20269, 0.38907, 0.14687, 0.03828, 0.97379, -0.16941
3754301,1578642390001703,1,1,1,1,0,1,1,1,1,0,-0.30155945,0.13220215,0.94422913,-0.27729797,0.10289001,0.95524597,30.52372742,0.75680542,-29.80511475,-28.70785522,2.50379944,-26.81562805,0,0.0,2.97909546,2.97909546,1.0,1.0,1578642390002729,252291450154, HMD, -0.10409, 1.20269, 0.38907, 0.14687, 0.03828, 0.97379, -0.16941
3754301,1578642390005685,1,1,1,1,0,1,1,1,1,0,-0.30155945,0.13220215,0.94422913,-0.27729797,0.10289001,0.95524597,30.52372742,0.75680542,-29.80511475,-28.70785522,2.50379944,-26.81562805,0,0.0,2.97909546,2.97909546,1.0,1.0,1578642390005734,252291480188, HMD, -0.10405, 1.20264, 0.38899, 0.14705, 0.03850, 0.97379, -0.16920
3754310,1578642390009705,1,1,1,1,0,1,1,1,1,0,-0.2776947,0.11576843,0.95365906,-0.26179504,0.07418823,0.96224976,30.55101013,0.88961792,-30.49528503,-28.62059021,2.65756226,-27.59707642,0,0.0,2.89234924,2.89234924,1.0,1.0,1578642390006252,252291485361, HMD, -0.10404, 1.20263, 0.38898, 0.14708, 0.03854, 0.97379, -0.16917
3754310,1578642390013710,1,1,1,1,0,1,1,1,1,0,-0.2776947,0.11576843,0.95365906,-0.26179504,0.07418823,0.96224976,30.55101013,0.88961792,-30.49528503,-28.62059021,2.65756226,-27.59707642,0,0.0,2.89234924,2.89234924,1.0,1.0,1578642390016229,252291585135, HMD, -0.10397, 1.20252, 0.38873, 0.14765, 0.03933, 0.97378, -0.16854
3754310,1578642390017694,1,1,1,1,0,1,1,1,1,0,-0.2776947,0.11576843,0.95365906,-0.26179504,0.07418823,0.96224976,30.55101013,0.88961792,-30.49528503,-28.62059021,2.65756226,-27.59707642,0,0.0,2.89234924,2.89234924,1.0,1.0,1578642390017624,252291599087, HMD, -0.10395, 1.20250, 0.38869, 0.14774, 0.03944, 0.97378, -0.16846
3754318,1578642390022700,1,1,1,1,0,1,1,1,1,0,-0.24613953,0.09274292,0.96478271,-0.23373413,0.05821228,0.97055054,30.63719177,0.83547974,-30.6809082,-28.4243927,2.49977112,-27.45419312,0,0.0,2.89178467,2.89178467,1.0,1.0,1578642390019567,252291618512, HMD, -0.10394, 1.20247, 0.38864, 0.14784, 0.03960, 0.97377, -0.16835
3754326,1578642390026692,1,1,1,1,0,1,1,1,1,0,-0.24613953,0.09274292,0.96478271,-0.23373413,0.05821228,0.97055054,30.63719177,0.83547974,-30.6809082,-28.4243927,2.49977112,-27.45419312,0,0.0,2.89178467,2.89178467,1.0,1.0,1578642390027867,252291701525, HMD, -0.10383, 1.20235, 0.38840, 0.14832, 0.04025, 0.97375, -0.16791
3754326,1578642390030676,1,1,1,1,0,1,1,1,1,0,-0.23069763,0.04193115,0.97210693,-0.2429657,0.03585815,0.96936035,30.73728943,0.73780823,-30.76127625,-28.07441711,1.80892944,-25.48413086,0,0.0,2.91452026,2.91452026,1.0,1.0,1578642390030726,252291730104, HMD, -0.10385, 1.20233, 0.38834, 0.14847, 0.04046, 0.97374, -0.16777
3754326,1578642390034696,1,1,1,1,0,1,1,1,1,0,-0.23069763,0.04193115,0.97210693,-0.2429657,0.03585815,0.96936035,30.73728943,0.73780823,-30.76127625,-28.07441711,1.80892944,-25.48413086,0,0.0,2.91452026,2.91452026,1.0,1.0,1578642390031032,252291733166, HMD, -0.10384, 1.20233, 0.38833, 0.14849, 0.04048, 0.97374, -0.16776
3754335,1578642390038687,1,1,1,1,0,1,1,1,1,0,-0.21343994,0.01849365,0.97677612,-0.23747253,0.01022339,0.97132874,30.81388855,0.44544983,-30.19160461,-27.87277222,1.32223511,-24.3102417,0,0.0,2.99505615,2.99505615,1.0,1.0,1578642390039637,252291819222, HMD, -0.10377, 1.20224, 0.38809, 0.14894, 0.04110, 0.97371, -0.16739
3754335,1578642390042685,1,1,1,1,0,1,1,1,1,0,-0.21343994,0.01849365,0.97677612,-0.23747253,0.01022339,0.97132874,30.81388855,0.44544983,-30.19160461,-27.87277222,1.32223511,-24.3102417,0,0.0,2.99505615,2.99505615,1.0,1.0,1578642390042750,252291850343, HMD, -0.10375, 1.20221, 0.38800, 0.14910, 0.04130, 0.97369, -0.16728
3754343,1578642390046687,1,1,1,1,0,1,1,1,1,0,-0.20005798,-0.00883484,0.97973633,-0.20999146,-0.0213623,0.97746277,30.84268188,0.5451355,-30.70785522,-27.85894775,1.53671265,-25.52348328,0,0.0,2.79039001,2.79039001,1.0,1.0,1578642390042902,252291851863, HMD, -0.10375, 1.20221, 0.38800, 0.14910, 0.04131, 0.97369, -0.16728
3754351,1578642390051688,1,1,1,1,0,1,1,1,1,0,-0.19387817,-0.02734375,0.9806366,-0.24855042,-0.03849792,0.96784973,30.85877991,0.49900818,-30.65942383,-27.61708069,0.66433716,-22.41653442,0,0.0,2.91732788,2.91732788,1.0,1.0,1578642390051742,252291940302, HMD, -0.10369, 1.20214, 0.38773, 0.14955, 0.04182, 0.97365, -0.16699
3754351,1578642390055687,1,1,1,1,0,1,1,1,1,0,-0.19387817,-0.02734375,0.9806366,-0.24855042,-0.03849792,0.96784973,30.85877991,0.49900818,-30.65942383,-27.61708069,0.66433716,-22.41653442,0,0.0,2.91732788,2.91732788,1.0,1.0,1578642390055400,252291976844, HMD, -0.10367, 1.20212, 0.38762, 0.14972, 0.04201, 0.97364, -0.16689
3754351,1578642390060697,1,1,1,1,0,1,1,1,1,0,-0.19387817,-0.02734375,0.9806366,-0.24855042,-0.03849792,0.96784973,30.85877991,0.49900818,-30.65942383,-27.61708069,0.66433716,-22.41653442,0,0.0,2.91732788,2.91732788,1.0,1.0,1578642390064865,252292071498, HMD, -0.10360, 1.20208, 0.38735, 0.15015, 0.04243, 0.97359, -0.16668
3754359,1578642390064706,1,1,1,1,0,1,1,1,1,0,-0.19366455,-0.02476501,0.98074341,-0.19242859,-0.05038452,0.98001099,30.87966919,0.46878052,-30.51672363,-27.89720154,1.58660889,-25.97068787,0,0.0,2.85079956,2.85079956,1.0,1.0,1578642390064865,252292071498, HMD, -0.10360, 1.20208, 0.38735, 0.15015, 0.04243, 0.97359, -0.16668
3754368,1578642390068747,1,1,1,1,0,1,1,1,1,0,-0.19366455,-0.02476501,0.98074341,-0.19242859,-0.05038452,0.98001099,30.87966919,0.46878052,-30.51672363,-27.89720154,1.58660889,-25.97068787,0,0.0,2.85079956,2.85079956,1.0,1.0,1578642390068074,252292103582, HMD, -0.10356, 1.20206, 0.38724, 0.15031, 0.04256, 0.97356, -0.16663
3754368,1578642390072669,1,1,1,1,0,1,1,1,1,0,-0.18884277,-0.01524353,0.98187256,-0.19793701,-0.04161072,0.97932434,30.8948822,0.39550781,-30.26811218,-27.92555237,1.60913086,-26.06199646,0,0.0,2.79243469,2.79243469,1.0,1.0,1578642390068074,252292103582, HMD, -0.10356, 1.20206, 0.38724, 0.15031, 0.04256, 0.97356, -0.16663
3754376,1578642390076711,1,1,1,1,0,1,1,1,1,0,-0.1879425,-0.02059937,0.98194885,-0.19238281,-0.04187012,0.98042297,30.90376282,0.3809967,-30.20608521,-27.93719482,1.61323547,-26.0929718,0,0.0,2.82914734,2.82914734,1.0,1.0,1578642390081798,252292240832, HMD, -0.10352, 1.20204, 0.38684, 0.15089, 0.04294, 0.97349, -0.16645
3754376,1578642390080657,1,1,1,1,0,1,1,1,1,0,-0.1879425,-0.02059937,0.98194885,-0.19238281,-0.04187012,0.98042297,30.90376282,0.3809967,-30.20608521,-27.93719482,1.61323547,-26.0929718,0,0.0,2.82914734,2.82914734,1.0,1.0,1578642390081798,252292240832, HMD, -0.10352, 1.20204, 0.38684, 0.15089, 0.04294, 0.97349, -0.16645
3754376,1578642390084681,1,1,1,1,0,1,1,1,1,0,-0.1879425,-0.02059937,0.98194885,-0.19238281,-0.04187012,0.98042297,30.90376282,0.3809967,-30.20608521,-27.93719482,1.61323547,-26.0929718,0,0.0,2.82914734,2.82914734,1.0,1.0,1578642390084684,252292269705, HMD, -0.10351, 1.20204, 0.38676, 0.15102, 0.04300, 0.97347, -0.16642
3754384,1578642390088657,1,1,1,1,0,1,1,1,1,0,-0.18798828,-0.02076721,0.98194885,-0.19300842,-0.04434204,0.98017883,30.91090393,0.37466431,-30.18161011,-27.94114685,1.61691284,-26.10577393,0,0.0,2.84503174,2.84503174,1.0,1.0,1578642390085037,252292273216, HMD, -0.10350, 1.20205, 0.38675, 0.15103, 0.04300, 0.97347, -0.16642
3754384,1578642390092664,1,1,1,1,0,1,1,1,1,0,-0.18798828,-0.02076721,0.98194885,-0.19300842,-0.04434204,0.98017883,30.91090393,0.37466431,-30.18161011,-27.94114685,1.61691284,-26.10577393,0,0.0,2.84503174,2.84503174,1.0,1.0,1578642390093802,252292360868, HMD, -0.10347, 1.20202, 0.38650, 0.15137, 0.04314, 0.97342, -0.16639
3754393,1578642390096673,1,1,1,1,0,1,1,1,1,0,-0.18759155,-0.02061462,0.98202515,-0.1905365,-0.042099,0.98077393,30.91802979,0.3809967,-30.20608521,-27.94508362,1.62060547,-26.11857605,0,0.0,2.829422,2.829422,1.0,1.0,1578642390096726,252292390104, HMD, -0.10345, 1.20202, 0.38641, 0.15149, 0.04318, 0.97340, -0.16638
3754393,1578642390100656,1,1,1,1,0,1,1,1,1,0,-0.18759155,-0.02061462,0.98202515,-0.1905365,-0.042099,0.98077393,30.91802979,0.3809967,-30.20608521,-27.94508362,1.62060547,-26.11857605,0,0.0,2.829422,2.829422,1.0,1.0,1578642390096831,252292391152, HMD, -0.10345, 1.20202, 0.38641, 0.15150, 0.04318, 0.97340, -0.16638
3754401,1578642390104667,1,1,1,1,0,1,1,1,1,0,-0.18795776,-0.02105713,0.98194885,-0.19081116,-0.04156494,0.98074341,30.9289856,0.38545227,-30.21992493,-27.95065308,1.62298584,-26.12944031,0,0.0,2.8114624,2.8114624,1.0,1.0,1578642390106316,252292486015, HMD, -0.10340, 1.20207, 0.38614, 0.15188, 0.04321, 0.97333, -0.16642
3754401,1578642390109649,1,1,1,1,0,1,1,1,1,0,-0.18795776,-0.02105713,0.98194885,-0.19081116,-0.04156494,0.98074341,30.9289856,0.38545227,-30.21992493,-27.95065308,1.62298584,-26.12944031,0,0.0,2.8114624,2.8114624,1.0,1.0,1578642390109338,252292516222, HMD, -0.10346, 1.20207, 0.38609, 0.15202, 0.04321, 0.97330, -0.16644
3754409,1578642390113671,1,1,1,1,0,1,1,1,1,0,-0.19197083,-0.01615906,0.98126221,-0.19111633,-0.04125977,0.98068237,30.98287964,0.4190979,-30.42854309,-27.95620728,1.62536621,-26.14028931,0,0.0,2.84333801,2.84333801,1.0,1.0,1578642390117358,252292596421, HMD, -0.10343, 1.20212, 0.38588, 0.15235, 0.04321, 0.97324, -0.16653
3754418,1578642390118667,1,1,1,1,0,1,1,1,1,0,-0.18760681,-0.01252747,0.98214722,-0.18838501,-0.04200745,0.98118591,30.99874878,0.41976929,-30.42704773,-27.96218872,1.63198853,-26.15124512,0,0.0,2.75350952,2.75350952,1.0,1.0,1578642390118614,252292608984, HMD, -0.10343, 1.20213, 0.38584, 0.15240, 0.04321, 0.97323, -0.16655
3754418,1578642390122667,1,1,1,1,0,1,1,1,1,0,-0.18760681,-0.01252747,0.98214722,-0.18838501,-0.04200745,0.98118591,30.99874878,0.41976929,-30.42704773,-27.96218872,1.63198853,-26.15124512,0,0.0,2.75350952,2.75350952,1.0,1.0,1578642390121055,252292633395, HMD, -0.10342, 1.20215, 0.38578, 0.15251, 0.04320, 0.97320, -0.16659
3754426,1578642390128664,1,1,1,1,0,1,1,1,1,0,-0.188797,-0.01681519,0.9818573,-0.18832397,-0.04191589,0.98120117,30.99902344,0.45741272,-30.55067444,-27.96818542,1.63604736,-26.16221619,0,0.0,2.79689026,2.79689026,1.0,1.0,1578642390130155,252292724401, HMD, -0.10338, 1.20218, 0.38557, 0.15291, 0.04322, 0.97311, -0.16676
3754426,1578642390132665,1,1,1,1,0,1,1,1,1,0,-0.188797,-0.01681519,0.9818573,-0.18832397,-0.04191589,0.98120117,30.99902344,0.45741272,-30.55067444,-27.96818542,1.63604736,-26.16221619,0,0.0,2.79689026,2.79689026,1.0,1.0,1578642390132602,252292748866, HMD, -0.10337, 1.20220, 0.38550, 0.15302, 0.04322, 0.97308, -0.16681
3754434,1578642390137652,1,1,1,1,0,1,1,1,1,0,-0.18795776,-0.01795959,0.98200989,-0.18815613,-0.04151917,0.98124695,30.99928284,0.4571228,-30.59619141,-27.97135925,1.63070679,-26.15441895,0,0.0,2.80393982,2.80393982,1.0,1.0,1578642390133530,252292758145, HMD, -0.10337, 1.20220, 0.38548, 0.15306, 0.04322, 0.97307, -0.16683
3754434,1578642390141648,1,1,1,1,0,1,1,1,1,0,-0.18795776,-0.01795959,0.98200989,-0.18815613,-0.04151917,0.98124695,30.99928284,0.4571228,-30.59619141,-27.97135925,1.63070679,-26.15441895,0,0.0,2.80393982,2.80393982,1.0,1.0,1578642390144535,252292868213, HMD, -0.10335, 1.20228, 0.38521, 0.15355, 0.04324, 0.97295, -0.16707
3754443,1578642390145663,1,1,1,1,0,1,1,1,1,0,-0.1852417,-0.01760864,0.98252869,-0.18684387,-0.04122925,0.98152161,31.02566528,0.38819885,-30.41827393,-27.97454834,1.62536621,-26.14663696,0,0.0,2.74194336,2.74194336,1.0,1.0,1578642390145615,252292878989, HMD, -0.10333, 1.20229, 0.38517, 0.15360, 0.04324, 0.97294, -0.16710
3754443,1578642390149654,1,1,1,1,0,1,1,1,1,0,-0.1852417,-0.01760864,0.98252869,-0.18684387,-0.04122925,0.98152161,31.02566528,0.38819885,-30.41827393,-27.97454834,1.62536621,-26.14663696,0,0.0,2.74194336,2.74194336,1.0,1.0,1578642390147766,252292900505, HMD, -0.10333, 1.20231, 0.38513, 0.15373, 0.04324, 0.97291, -0.16715
3754451,1578642390153648,1,1,1,1,0,1,1,1,1,0,-0.18496704,-0.0216217,0.98249817,-0.18522644,-0.04127502,0.98182678,31.0353241,0.33453369,-30.27838135,-27.97879028,1.6237793,-26.14346313,0,0.0,2.82901001,2.82901001,1.0,1.0,1578642390156296,252292985814, HMD, -0.10337, 1.20237, 0.38493, 0.15413, 0.04331, 0.97282, -0.16731
3754451,1578642390157641,1,1,1,1,0,1,1,1,1,0,-0.18496704,-0.0216217,0.98249817,-0.18522644,-0.04127502,0.98182678,31.0353241,0.33453369,-30.27838135,-27.97879028,1.6237793,-26.14346313,0,0.0,2.82901001,2.82901001,1.0,1.0,1578642390157647,252292999318, HMD, -0.10337, 1.20237, 0.38490, 0.15420, 0.04333, 0.97280, -0.16734
3754459,1578642390161657,1,1,1,1,0,1,1,1,1,0,-0.18301392,-0.02003479,0.9828949,-0.1844635,-0.04130554,0.98196411,31.04211426,0.28901672,-30.17854309,-27.98303223,1.62217712,-26.14028931,0,0.0,2.77816772,2.77816772,1.0,1.0,1578642390159525,252293018089, HMD, -0.10338, 1.20238, 0.38486, 0.15430, 0.04334, 0.97278, -0.16737
3754459,1578642390166637,1,1,1,1,0,1,1,1,1,0,-0.18301392,-0.02003479,0.9828949,-0.1844635,-0.04130554,0.98196411,31.04211426,0.28901672,-30.17854309,-27.98303223,1.62217712,-26.14028931,0,0.0,2.77816772,2.77816772,1.0,1.0,1578642390169551,252293118363, HMD, -0.10338, 1.20243, 0.38465, 0.15483, 0.04347, 0.97267, -0.16747
3754468,1578642390170650,1,1,1,1,0,1,1,1,1,0,-0.18252563,-0.01663208,0.98304749,-0.18353271,-0.04188538,0.9821167,31.05178833,0.2562561,-30.1048584,-27.98608398,1.62138367,-26.13108826,0,0.0,2.78312683,2.78312683,1.0,1.0,1578642390170641,252293129257, HMD, -0.10339, 1.20244, 0.38463, 0.15489, 0.04349, 0.97266, -0.16748
3754468,1578642390175629,1,1,1,1,0,1,1,1,1,0,-0.18252563,-0.01663208,0.98304749,-0.18353271,-0.04188538,0.9821167,31.05178833,0.2562561,-30.1048584,-27.98608398,1.62138367,-26.13108826,0,0.0,2.78312683,2.78312683,1.0,1.0,1578642390172731,252293150161, HMD, -0.10339, 1.20245, 0.38458, 0.15501, 0.04352, 0.97264, -0.16749
3754476,1578642390179625,1,1,1,1,0,1,1,1,1,0,-0.18618774,-0.01725769,0.98234558,-0.1836853,-0.04232788,0.98205566,31.06011963,0.24195862,-30.07861328,-27.98439026,1.62060547,-26.12188721,0,0.0,2.87202454,2.87202454,1.0,1.0,1578642390185894,252293281799, HMD, -0.10346, 1.20251, 0.38430, 0.15580, 0.04369, 0.97251, -0.16748
3754476,1578642390184656,1,1,1,1,0,1,1,1,1,0,-0.18618774,-0.01725769,0.98234558,-0.1836853,-0.04232788,0.98205566,31.06011963,0.24195862,-30.07861328,-27.98439026,1.62060547,-26.12188721,0,0.0,2.87202454,2.87202454,1.0,1.0,1578642390185894,252293281799, HMD, -0.10346, 1.20251, 0.38430, 0.15580, 0.04369, 0.97251, -0.16748
3754484,1578642390188641,1,1,1,1,0,1,1,1,1,0,-0.18159485,-0.0219574,0.98312378,-0.18359375,-0.04177856,0.98210144,31.0753479,0.22009277,-30.0085144,-27.98391724,1.61691284,-26.120224,0,0.0,2.83856201,2.83856201,1.0,1.0,1578642390188642,252293309263, HMD, -0.10349, 1.20253, 0.38427, 0.15598, 0.04372, 0.97248, -0.16746
3754484,1578642390193629,1,1,1,1,0,1,1,1,1,0,-0.18159485,-0.0219574,0.98312378,-0.18359375,-0.04177856,0.98210144,31.0753479,0.22009277,-30.0085144,-27.98391724,1.61691284,-26.120224,0,0.0,2.83856201,2.83856201,1.0,1.0,1578642390190205,252293324889, HMD, -0.10352, 1.20254, 0.38424, 0.15608, 0.04374, 0.97247, -0.16744
3754493,1578642390197627,1,1,1,1,0,1,1,1,1,0,-0.17889404,-0.02270508,0.9835968,-0.1835022,-0.04119873,0.98214722,31.09092712,0.2406311,-30.03475952,-27.98344421,1.61323547,-26.11857605,0,0.0,2.79327393,2.79327393,1.0,1.0,1578642390200790,252293430792, HMD, -0.10361, 1.20259, 0.38405, 0.15680, 0.04389, 0.97236, -0.16735
3754493,1578642390201669,1,1,1,1,0,1,1,1,1,0,-0.17889404,-0.02270508,0.9835968,-0.1835022,-0.04119873,0.98214722,31.09092712,0.2406311,-30.03475952,-27.98344421,1.61323547,-26.11857605,0,0.0,2.79327393,2.79327393,1.0,1.0,1578642390201673,252293439575, HMD, -0.10362, 1.20260, 0.38403, 0.15686, 0.04390, 0.97235, -0.16734
3754501,1578642390205642,1,1,1,1,0,1,1,1,1,0,-0.17906189,-0.02319336,0.98355103,-0.18348694,-0.03897095,0.98223877,31.10945129,0.27389526,-30.10652161,-27.98344421,1.60150146,-26.11857605,0,0.0,2.83033752,2.83033752,1.0,1.0,1578642390204129,252293464133, HMD, -0.10365, 1.20261, 0.38399, 0.15704, 0.04393, 0.97232, -0.16731
3754501,1578642390209712,1,1,1,1,0,1,1,1,1,0,-0.17906189,-0.02319336,0.98355103,-0.18348694,-0.03897095,0.98223877,31.10945129,0.27389526,-30.10652161,-27.98344421,1.60150146,-26.11857605,0,0.0,2.83033752,2.83033752,1.0,1.0,1578642390204129,252293464133, HMD, -0.10365, 1.20261, 0.38399, 0.15704, 0.04393, 0.97232, -0.16731
3754509,1578642390214627,1,1,1,1,0,1,1,1,1,0,-0.18051147,-0.02101135,0.9833374,-0.18247986,-0.03546143,0.9825592,31.13049316,0.31341553,-30.20385742,-27.98344421,1.58320618,-26.10697937,0,0.0,2.75897217,2.75897217,1.0,1.0,1578642390204129,252293464133, HMD, -0.10365, 1.20261, 0.38399, 0.15704, 0.04393, 0.97232, -0.16731
3754518,1578642390218626,1,1,1,1,0,1,1,1,1,0,-0.18392944,-0.02841187,0.98251343,-0.18249512,-0.03843689,0.98245239,31.14741516,0.32441711,-30.22906494,-27.98344421,1.56840515,-26.07492065,0,0.0,2.81608582,2.81608582,1.0,1.0,1578642390204129,252293464133, HMD, -0.10365, 1.20261, 0.38399, 0.15704, 0.04393, 0.97232, -0.16731
3754518,1578642390222664,1,1,1,1,0,1,1,1,1,0,-0.18392944,-0.02841187,0.98251343,-0.18249512,-0.03843689,0.98245239,31.14741516,0.32441711,-30.22906494,-27.98344421,1.56840515,-26.07492065,0,0.0,2.81608582,2.81608582,1.0,1.0,1578642390204129,252293464133, HMD, -0.10365, 1.20261, 0.38399, 0.15704, 0.04393, 0.97232, -0.16731
3754518,1578642390226649,1,1,1,1,0,1,1,1,1,0,-0.18392944,-0.02841187,0.98251343,-0.18249512,-0.03843689,0.98245239,31.14741516,0.32441711,-30.22906494,-27.98344421,1.56840515,-26.07492065,0,0.0,2.81608582,2.81608582,1.0,1.0,1578642390241634,252293839242, HMD, -0.10418, 1.20286, 0.38351, 0.15985, 0.04452, 0.97185, -0.16724
3754518,1578642390230648,1,1,1,1,0,1,1,1,1,0,-0.18127441,-0.01869202,0.98324585,-0.18209839,-0.04101563,0.98242188,31.16300964,0.34220886,-30.27005005,-27.98344421,1.56840515,-26.07281494,0,0.0,2.86268616,2.86268616,1.0,1.0,1578642390241634,252293839242, HMD, -0.10418, 1.20286, 0.38351, 0.15985, 0.04452, 0.97185, -0.16724
3754526,1578642390237640,1,1,1,1,0,1,1,1,1,0,-0.17713928,-0.02201843,0.9839325,-0.17929077,-0.04188538,0.9828949,31.17657471,0.34082031,-30.24450684,-27.98344421,1.56840515,-26.06932068,0,0.0,2.85247803,2.85247803,1.0,1.0,1578642390241634,252293839242, HMD, -0.10418, 1.20286, 0.38351, 0.15985, 0.04452, 0.97185, -0.16724
3754534,1578642390242135,1,1,1,1,0,1,1,1,1,0,-0.17713928,-0.02201843,0.9839325,-0.17929077,-0.04188538,0.9828949,31.17657471,0.34082031,-30.24450684,-27.98344421,1.56840515,-26.06932068,0,0.0,2.85247803,2.85247803,1.0,1.0,1578642390242088,252293843725, HMD, -0.10418, 1.20287, 0.38351, 0.15988, 0.04453, 0.97185, -0.16725
3754543,1578642390248156,1,1,1,1,0,1,1,1,1,0,-0.17729187,-0.02563477,0.98381042,-0.17720032,-0.04226685,0.98326111,31.18002319,0.34326172,-30.25338745,-27.98344421,1.56840515,-26.06446838,0,0.0,2.85975647,2.85975647,1.0,1.0,1578642390245723,252293880075, HMD, -0.10424, 1.20289, 0.38346, 0.16017, 0.04461, 0.97179, -0.16728
3754543,1578642390252127,1,1,1,1,0,1,1,1,1,0,-0.17747498,-0.02929688,0.98368835,-0.17689514,-0.04214478,0.98332214,31.18347168,0.34082031,-30.24450684,-27.98123169,1.56690979,-26.06237793,0,0.0,2.86732483,2.86732483,1.0,1.0,1578642390245723,252293880075, HMD, -0.10424, 1.20289, 0.38346, 0.16017, 0.04461, 0.97179, -0.16728
3754551,1578642390256147,1,1,1,1,0,1,1,1,1,0,-0.17747498,-0.02929688,0.98368835,-0.17689514,-0.04214478,0.98332214,31.18347168,0.34082031,-30.24450684,-27.98123169,1.56690979,-26.06237793,0,0.0,2.86732483,2.86732483,1.0,1.0,1578642390245723,252293880075, HMD, -0.10424, 1.20289, 0.38346, 0.16017, 0.04461, 0.97179, -0.16728
3754576,1578642390278124,1,1,1,1,0,1,1,1,1,0,-0.21496582,0.0022583,0.97660828,-0.29536438,0.014328,0.95526123,30.88639832,0.50558472,-30.22407532,-27.7612915,0.64797974,-21.69924927,0,0.0,2.99551392,2.99551392,1.0,1.0,1578642390282863,252294251512, HMD, -0.10485, 1.20317, 0.38307, 0.16343, 0.04567, 0.97114, -0.16760
3754576,1578642390281664,1,1,1,1,0,1,1,1,1,0,-0.21496582,0.0022583,0.97660828,-0.29536438,0.014328,0.95526123,30.88639832,0.50558472,-30.22407532,-27.7612915,0.64797974,-21.69924927,0,0.0,2.99551392,2.99551392,1.0,1.0,1578642390282863,252294251512, HMD, -0.10485, 1.20317, 0.38307, 0.16343, 0.04567, 0.97114, -0.16760
3754576,1578642390285214,1,1,1,1,0,1,1,1,1,0,-0.24797058,0.06025696,0.96688843,-0.24526978,0.03152466,0.96893311,30.71406555,0.51670837,-29.83638,-28.12521362,1.86906433,-25.42007446,0,0.0,3.1260376,3.1260376,1.0,1.0,1578642390285279,252294275633, HMD, -0.10484, 1.20317, 0.38303, 0.16366, 0.04575, 0.97110, -0.16762
3754584,1578642390289215,1,1,1,1,0,1,1,1,1,0,-0.24797058,0.06025696,0.96688843,-0.24526978,0.03152466,0.96893311,30.71406555,0.51670837,-29.83638,-28.12521362,1.86906433,-25.42007446,0,0.0,3.1260376,3.1260376,1.0,1.0,1578642390287481,252294297660, HMD, -0.10489, 1.20317, 0.38301, 0.16386, 0.04583, 0.97106, -0.16763
3754584,1578642390292584,1,1,1,1,0,1,1,1,1,0,-0.24307251,0.06738281,0.96765137,-0.2157135,0.05615234,0.97483826,30.50265503,1.05047607,-30.97105408,-28.41874695,2.85029602,-28.45860291,0,0.0,2.89274597,2.89274597,1.0,1.0,1578642390287481,252294297660, HMD, -0.10489, 1.20317, 0.38301, 0.16386, 0.04583, 0.97106, -0.16763
3754593,1578642390297947,1,1,1,1,0,1,1,1,1,0,-0.24307251,0.06738281,0.96765137,-0.2157135,0.05615234,0.97483826,30.50265503,1.05047607,-30.97105408,-28.41874695,2.85029602,-28.45860291,0,0.0,2.89274597,2.89274597,1.0,1.0,1578642390306822,252294491090, HMD, -0.10530, 1.20324, 0.38286, 0.16574, 0.04665, 0.97069, -0.16770
3754601,1578642390301694,1,1,1,1,0,1,1,1,1,0,-0.26708984,0.10017395,0.95843506,-0.24085999,0.07905579,0.96733093,30.41696167,1.01715088,-30.69937134,-28.47003174,2.82252502,-28.12890625,0,0.0,2.98677063,2.98677063,1.0,1.0,1578642390306822,252294491090, HMD, -0.10530, 1.20324, 0.38286, 0.16574, 0.04665, 0.97069, -0.16770
3754601,1578642390305209,1,1,1,1,0,1,1,1,1,0,-0.26708984,0.10017395,0.95843506,-0.24085999,0.07905579,0.96733093,30.41696167,1.01715088,-30.69937134,-28.47003174,2.82252502,-28.12890625,0,0.0,2.98677063,2.98677063,1.0,1.0,1578642390306822,252294491090, HMD, -0.10530, 1.20324, 0.38286, 0.16574, 0.04665, 0.97069, -0.16770
3754601,1578642390309205,1,1,1,1,0,1,1,1,1,0,-0.26708984,0.10017395,0.95843506,-0.24085999,0.07905579,0.96733093,30.41696167,1.01715088,-30.69937134,-28.47003174,2.82252502,-28.12890625,0,0.0,2.98677063,2.98677063,1.0,1.0,1578642390309249,252294515334, HMD, -0.10531, 1.20326, 0.38286, 0.16597, 0.04676, 0.97064, -0.16771
3754609,1578642390312518,1,1,1,1,0,1,1,1,1,0,-0.27745056,0.10890198,0.95454407,-0.25135803,0.09283447,0.96342468,30.38789368,0.99914551,-30.60993958,-28.50473022,2.77726746,-27.88894653,0,0.0,2.97955322,2.97955322,1.0,1.0,1578642390310325,252294526098, HMD, -0.10536, 1.20328, 0.38286, 0.16606, 0.04682, 0.97062, -0.16771
3754609,1578642390316523,1,1,1,1,0,1,1,1,1,0,-0.27745056,0.10890198,0.95454407,-0.25135803,0.09283447,0.96342468,30.38789368,0.99914551,-30.60993958,-28.50473022,2.77726746,-27.88894653,0,0.0,2.97955322,2.97955322,1.0,1.0,1578642390310325,252294526098, HMD, -0.10536, 1.20328, 0.38286, 0.16606, 0.04682, 0.97062, -0.16771
3754618,1578642390326522,1,1,1,1,0,1,1,1,1,0,-0.28207397,0.11140442,0.95289612,-0.25469971,0.08477783,0.96328735,30.46112061,0.96113586,-30.53590393,-28.50019836,2.70231628,-27.65470886,0,0.0,2.92918396,2.92918396,1.0,1.0,1578642390338866,252294811604, HMD, -0.10596, 1.20330, 0.38269, 0.16876, 0.04874, 0.97007, -0.16764
3754626,1578642390330675,1,1,1,1,0,1,1,1,1,0,-0.28207397,0.11140442,0.95289612,-0.25469971,0.08477783,0.96328735,30.46112061,0.96113586,-30.53590393,-28.50019836,2.70231628,-27.65470886,0,0.0,2.92918396,2.92918396,1.0,1.0,1578642390338866,252294811604, HMD, -0.10596, 1.20330, 0.38269, 0.16876, 0.04874, 0.97007, -0.16764
3754634,1578642390336523,1,1,1,1,0,1,1,1,1,0,-0.28158569,0.10957336,0.95324707,-0.25514221,0.08331299,0.96330261,30.48228455,0.9294281,-30.50834656,-28.50491333,2.69758606,-27.61952209,0,0.0,2.85479736,2.85479736,1.0,1.0,1578642390338866,252294811604, HMD, -0.10596, 1.20330, 0.38269, 0.16876, 0.04874, 0.97007, -0.16764
3754634,1578642390340528,1,1,1,1,0,1,1,1,1,0,-0.28158569,0.10957336,0.95324707,-0.25514221,0.08331299,0.96330261,30.48228455,0.9294281,-30.50834656,-28.50491333,2.69758606,-27.61952209,0,0.0,2.85479736,2.85479736,1.0,1.0,1578642390340605,252294828895, HMD, -0.10599, 1.20330, 0.38268, 0.16893, 0.04889, 0.97004, -0.16763
3754643,1578642390348514,1,1,1,1,0,1,1,1,1,0,-0.28387451,0.1124115,0.95223999,-0.25521851,0.08403015,0.96321106,30.5042572,0.87016296,-30.36022949,-28.50558472,2.67730713,-27.56610107,0,0.0,2.954422,2.954422,1.0,1.0,1578642390345703,252294879885, HMD, -0.10610, 1.20331, 0.38265, 0.16942, 0.04933, 0.96994, -0.16758
3754651,1578642390352517,1,1,1,1,0,1,1,1,1,0,-0.2820282,0.11340332,0.95266724,-0.25527954,0.08583069,0.96304321,30.51052856,0.86296082,-30.34535217,-28.5062561,2.65704346,-27.51269531,0,0.0,2.96685791,2.96685791,1.0,1.0,1578642390345703,252294879885, HMD, -0.10610, 1.20331, 0.38265, 0.16942, 0.04933, 0.96994, -0.16758
3754651,1578642390358505,1,1,1,1,0,1,1,1,1,0,-0.2820282,0.11340332,0.95266724,-0.25527954,0.08583069,0.96304321,30.51052856,0.86296082,-30.34535217,-28.5062561,2.65704346,-27.51269531,0,0.0,2.96685791,2.96685791,1.0,1.0,1578642390361344,252295036306, HMD, -0.10644, 1.20328, 0.38253, 0.17095, 0.05081, 0.96962, -0.16743
3754659,1578642390362512,1,1,1,1,0,1,1,1,1,0,-0.28007507,0.11245728,0.95335388,-0.25640869,0.08618164,0.96270752,30.51679993,0.87016296,-30.36022949,-28.5075531,2.63366699,-27.4282074,0,0.0,2.97787476,2.97787476,1.0,1.0,1578642390362558,252295048420, HMD, -0.10647, 1.20328, 0.38253, 0.17108, 0.05093, 0.96959, -0.16741
3754659,1578642390366506,1,1,1,1,0,1,1,1,1,0,-0.28007507,0.11245728,0.95335388,-0.25640869,0.08618164,0.96270752,30.51679993,0.87016296,-30.36022949,-28.5075531,2.63366699,-27.4282074,0,0.0,2.97787476,2.97787476,1.0,1.0,1578642390365214,252295074988, HMD, -0.10653, 1.20328, 0.38251, 0.17134, 0.05119, 0.96954, -0.16737
3754668,1578642390370511,1,1,1,1,0,1,1,1,1,0,-0.27726746,0.11248779,0.95417786,-0.25601196,0.08024597,0.96333313,30.52001953,0.86521912,-30.35723877,-28.54684448,2.53118896,-27.10072327,0,0.0,2.96511841,2.96511841,1.0,1.0,1578642390365214,252295074988, HMD, -0.10653, 1.20328, 0.38251, 0.17134, 0.05119, 0.96954, -0.16737
3754668,1578642390374504,1,1,1,1,0,1,1,1,1,0,-0.27726746,0.11248779,0.95417786,-0.25601196,0.08024597,0.96333313,30.52001953,0.86521912,-30.35723877,-28.54684448,2.53118896,-27.10072327,0,0.0,2.96511841,2.96511841,1.0,1.0,1578642390375933,252295182191, HMD, -0.10678, 1.20324, 0.38244, 0.17243, 0.05223, 0.96932, -0.16722
3754676,1578642390379502,1,1,1,1,0,1,1,1,1,0,-0.27474976,0.1121521,0.9549408,-0.25505066,0.08076477,0.96354675,30.52325439,0.87016296,-30.36022949,-28.55184937,2.49307251,-27.02000427,0,0.0,2.9768219,2.9768219,1.0,1.0,1578642390379034,252295213188, HMD, -0.10686, 1.20324, 0.38242, 0.17276, 0.05252, 0.96925, -0.16718
3754676,1578642390383506,1,1,1,1,0,1,1,1,1,0,-0.27474976,0.1121521,0.9549408,-0.25505066,0.08076477,0.96354675,30.52325439,0.87016296,-30.36022949,-28.55184937,2.49307251,-27.02000427,0,0.0,2.9768219,2.9768219,1.0,1.0,1578642390379034,252295213188, HMD, -0.10686, 1.20324, 0.38242, 0.17276, 0.05252, 0.96925, -0.16718
3754684,1578642390387503,1,1,1,1,0,1,1,1,1,0,-0.27355957,0.11198425,0.95530701,-0.25421143,0.0776062,0.96401978,30.52001953,0.87054443,-30.37252808,-28.55879211,2.50346375,-27.08140564,0,0.0,2.96362305,2.96362305,1.0,1.0,1578642390379034,252295213188, HMD, -0.10686, 1.20324, 0.38242, 0.17276, 0.05252, 0.96925, -0.16718
3754684,1578642390391500,1,1,1,1,0,1,1,1,1,0,-0.27355957,0.11198425,0.95530701,-0.25421143,0.0776062,0.96401978,30.52001953,0.87054443,-30.37252808,-28.55879211,2.50346375,-27.08140564,0,0.0,2.96362305,2.96362305,1.0,1.0,1578642390401935,252295442215, HMD, -0.10747, 1.20317, 0.38227, 0.17522, 0.05468, 0.96874, -0.16687
3754693,1578642390395640,1,1,1,1,0,1,1,1,1,0,-0.27388,0.11198425,0.95521545,-0.25172424,0.07511902,0.96487427,30.52325439,0.8709259,-30.3848114,-28.56575012,2.51383972,-27.14280701,0,0.0,2.95124817,2.95124817,1.0,1.0,1578642390401935,252295442215, HMD, -0.10747, 1.20317, 0.38227, 0.17522, 0.05468, 0.96874, -0.16687
3754693,1578642390399521,1,1,1,1,0,1,1,1,1,0,-0.27388,0.11198425,0.95521545,-0.25172424,0.07511902,0.96487427,30.52325439,0.8709259,-30.3848114,-28.56575012,2.51383972,-27.14280701,0,0.0,2.95124817,2.95124817,1.0,1.0,1578642390401935,252295442215, HMD, -0.10747, 1.20317, 0.38227, 0.17522, 0.05468, 0.96874, -0.16687
3754693,1578642390403502,1,1,1,1,0,1,1,1,1,0,-0.27386475,0.11058044,0.9553833,-0.24703979,0.07637024,0.9659729,30.52456665,0.87236023,-30.38728333,-28.58758545,2.5967865,-27.47128296,0,0.0,2.95561218,2.95561218,1.0,1.0,1578642390403549,252295458330, HMD, -0.10751, 1.20317, 0.38225, 0.17540, 0.05483, 0.96870, -0.16684
3754701,1578642390407511,1,1,1,1,0,1,1,1,1,0,-0.27386475,0.11058044,0.9553833,-0.24703979,0.07637024,0.9659729,30.52456665,0.87236023,-30.38728333,-28.58758545,2.5967865,-27.47128296,0,0.0,2.95561218,2.95561218,1.0,1.0,1578642390405150,252295474344, HMD, -0.10748, 1.20313, 0.38223, 0.17558, 0.05499, 0.96867, -0.16682
3754709,1578642390416901,1,1,1,1,0,1,1,1,1,0,-0.27372742,0.10914612,0.95558167,-0.24073792,0.07434082,0.96772766,30.52589417,0.87379456,-30.38975525,-28.60940552,2.67973328,-27.79974365,0,0.0,2.95005798,2.95005798,1.0,1.0,1578642390421384,252295636715, HMD, -0.10794, 1.20306, 0.38209, 0.17735, 0.05652, 0.96831, -0.16652
3754718,1578642390420890,1,1,1,1,0,1,1,1,1,0,-0.26966858,0.11282349,0.95631409,-0.24049377,0.0750885,0.96772766,30.52682495,0.87406921,-30.45445251,-28.6134491,2.67379761,-27.80114746,0,0.0,2.94412231,2.94412231,1.0,1.0,1578642390421384,252295636715, HMD, -0.10794, 1.20306, 0.38209, 0.17735, 0.05652, 0.96831, -0.16652
3754718,1578642390425926,1,1,1,1,0,1,1,1,1,0,-0.26966858,0.11282349,0.95631409,-0.24049377,0.0750885,0.96772766,30.52682495,0.87406921,-30.45445251,-28.6134491,2.67379761,-27.80114746,0,0.0,2.94412231,2.94412231,1.0,1.0,1578642390425142,252295674263, HMD, -0.10804, 1.20304, 0.38206, 0.17776, 0.05688, 0.96823, -0.16644
3754726,1578642390433040,1,1,1,1,0,1,1,1,1,0,-0.26576233,0.11662292,0.95695496,-0.23886108,0.07345581,0.96826172,30.52775574,0.87434387,-30.51913452,-28.61750793,2.67973328,-27.80255127,0,0.0,2.94841003,2.94841003,1.0,1.0,1578642390425142,252295674263, HMD, -0.10804, 1.20304, 0.38206, 0.17776, 0.05688, 0.96823, -0.16644
3754734,1578642390440903,1,1,1,1,0,1,1,1,1,0,-0.2565918,0.11489868,0.95965576,-0.23760986,0.07479858,0.96846008,30.56661987,0.81062317,-30.28140259,-28.61592102,2.6799469,-27.82951355,0,0.0,2.93275452,2.93275452,1.0,1.0,1578642390425142,252295674263, HMD, -0.10804, 1.20304, 0.38206, 0.17776, 0.05688, 0.96823, -0.16644
3754743,1578642390447938,1,1,1,1,0,1,1,1,1,0,-0.25636292,0.1091156,0.96038818,-0.23646545,0.07290649,0.96888733,30.57408142,0.76062012,-30.11665344,-28.61433411,2.67973328,-27.80255127,0,0.0,2.88294983,2.88294983,1.0,1.0,1578642390425142,252295674263, HMD, -0.10804, 1.20304, 0.38206, 0.17776, 0.05688, 0.96823, -0.16644
3754751,1578642390461921,1,1,1,1,0,1,1,1,1,0,-0.25379944,0.11071777,0.96089172,-0.23516846,0.07528687,0.96902466,30.58222961,0.74822998,-30.07220459,-28.61422729,2.66932678,-27.80255127,0,0.0,2.9641571,2.9641571,1.0,1.0,1578642390471481,252296137710, HMD, -0.10938, 1.20288, 0.38172, 0.18266, 0.06106, 0.96724, -0.16540
3754751,1578642390465880,1,1,1,1,0,1,1,1,1,0,-0.25379944,0.11071777,0.96089172,-0.23516846,0.07528687,0.96902466,30.58222961,0.74822998,-30.07220459,-28.61422729,2.66932678,-27.80255127,0,0.0,2.9641571,2.9641571,1.0,1.0,1578642390471481,252296137710, HMD, -0.10938, 1.20288, 0.38172, 0.18266, 0.06106, 0.96724, -0.16540
3754768,1578642390470875,1,1,1,1,0,1,1,1,1,0,-0.25408936,0.1103363,0.96086121,-0.23301697,0.07536316,0.96954346,30.58612061,0.73518372,-30.02558899,-28.61428833,2.67453003,-27.82951355,0,0.0,2.96516418,2.96516418,1.0,1.0,1578642390471481,252296137710, HMD, -0.10938, 1.20288, 0.38172, 0.18266, 0.06106, 0.96724, -0.16540
3754768,1578642390474867,1,1,1,1,0,1,1,1,1,0,-0.25408936,0.1103363,0.96086121,-0.23301697,0.07536316,0.96954346,30.58612061,0.73518372,-30.02558899,-28.61428833,2.67453003,-27.82951355,0,0.0,2.96516418,2.96516418,1.0,1.0,1578642390474890,252296171749, HMD, -0.10949, 1.20288, 0.38169, 0.18302, 0.06134, 0.96717, -0.16529
3754776,1578642390478884,1,1,1,1,0,1,1,1,1,0,-0.2558136,0.10829163,0.96063232,-0.23088074,0.07539368,0.970047,30.61528015,0.6870575,-29.88465881,-28.61433411,2.67973328,-27.85647583,0,0.0,2.96777344,2.96777344,1.0,1.0,1578642390475212,252296174964, HMD, -0.10950, 1.20288, 0.38169, 0.18305, 0.06137, 0.96716, -0.16528
3754776,1578642390483862,1,1,1,1,0,1,1,1,1,0,-0.2558136,0.10829163,0.96063232,-0.23088074,0.07539368,0.970047,30.61528015,0.6870575,-29.88465881,-28.61433411,2.67973328,-27.85647583,0,0.0,2.96777344,2.96777344,1.0,1.0,1578642390475212,252296174964, HMD, -0.10950, 1.20288, 0.38169, 0.18305, 0.06137, 0.96716, -0.16528
3754784,1578642390487858,1,1,1,1,0,1,1,1,1,0,-0.2563324,0.11657715,0.95951843,-0.23060608,0.0763855,0.97003174,30.63224792,0.69876099,-29.93571472,-28.61428833,2.67453003,-27.85897827,0,0.0,2.97149658,2.97149658,1.0,1.0,1578642390498482,252296407871, HMD, -0.11029, 1.20279, 0.38154, 0.18532, 0.06313, 0.96675, -0.16449
3754784,1578642390491859,1,1,1,1,0,1,1,1,1,0,-0.2563324,0.11657715,0.95951843,-0.23060608,0.0763855,0.97003174,30.63224792,0.69876099,-29.93571472,-28.61428833,2.67453003,-27.85897827,0,0.0,2.97149658,2.97149658,1.0,1.0,1578642390498482,252296407871, HMD, -0.11029, 1.20279, 0.38154, 0.18532, 0.06313, 0.96675, -0.16449
3754793,1578642390495875,1,1,1,1,0,1,1,1,1,0,-0.25544739,0.11019897,0.96051025,-0.23034668,0.07530212,0.97018433,30.64842224,0.71746826,-30.00721741,-28.61422729,2.67802429,-27.86146545,0,0.0,2.96896362,2.96896362,1.0,1.0,1578642390498482,252296407871, HMD, -0.11029, 1.20279, 0.38154, 0.18532, 0.06313, 0.96675, -0.16449
3754793,1578642390499865,1,1,1,1,0,1,1,1,1,0,-0.25544739,0.11019897,0.96051025,-0.23034668,0.07530212,0.97018433,30.64842224,0.71746826,-30.00721741,-28.61422729,2.67802429,-27.86146545,0,0.0,2.96896362,2.96896362,1.0,1.0,1578642390499942,252296422268, HMD, -0.11034, 1.20278, 0.38153, 0.18545, 0.06323, 0.96673, -0.16444
3754801,1578642390507862,1,1,1,1,0,1,1,1,1,0,-0.25724792,0.10221863,0.96090698,-0.23013306,0.07281494,0.97041321,30.65783691,0.7147522,-30.00674438,-28.61422729,2.67802429,-27.86146545,0,0.0,2.98429871,2.98429871,1.0,1.0,1578642390503418,252296457026, HMD, -0.11046, 1.20277, 0.38150, 0.18576, 0.06346, 0.96668, -0.16432
3754809,1578642390511854,1,1,1,1,0,1,1,1,1,0,-0.25639343,0.10305786,0.96104431,-0.22952271,0.07121277,0.97068787,30.65919495,0.7253418,-30.02947998,-28.61422729,2.67802429,-27.86146545,0,0.0,2.97729492,2.97729492,1.0,1.0,1578642390503418,252296457026, HMD, -0.11046, 1.20277, 0.38150, 0.18576, 0.06346, 0.96668, -0.16432
3754809,1578642390517852,1,1,1,1,0,1,1,1,1,0,-0.25639343,0.10305786,0.96104431,-0.22952271,0.07121277,0.97068787,30.65919495,0.7253418,-30.02947998,-28.61422729,2.67802429,-27.86146545,0,0.0,2.97729492,2.97729492,1.0,1.0,1578642390526904,252296691921, HMD, -0.11130, 1.20272, 0.38136, 0.18792, 0.06479, 0.96629, -0.16362
3754818,1578642390521848,1,1,1,1,0,1,1,1,1,0,-0.2562561,0.10394287,0.96099854,-0.2273407,0.07015991,0.9712677,30.65783691,0.7359314,-30.05221558,-28.61422729,2.66932678,-27.86146545,0,0.0,2.96966553,2.96966553,1.0,1.0,1578642390526904,252296691921, HMD, -0.11130, 1.20272, 0.38136, 0.18792, 0.06479, 0.96629, -0.16362
3754818,1578642390526852,1,1,1,1,0,1,1,1,1,0,-0.2562561,0.10394287,0.96099854,-0.2273407,0.07015991,0.9712677,30.65783691,0.7359314,-30.05221558,-28.61422729,2.66932678,-27.86146545,0,0.0,2.96966553,2.96966553,1.0,1.0,1578642390526904,252296691921, HMD, -0.11130, 1.20272, 0.38136, 0.18792, 0.06479, 0.96629, -0.16362
3754826,1578642390530844,1,1,1,1,0,1,1,1,1,0,-0.25511169,0.10343933,0.96134949,-0.22232056,0.06892395,0.97251892,30.65748596,0.74360657,-30.0664978,-28.61347961,2.6678772,-27.85647583,0,0.0,2.93994141,2.93994141,1.0,1.0,1578642390529968,252296722523, HMD, -0.11148, 1.20269, 0.38139, 0.18819, 0.06493, 0.96624, -0.16353
3754826,1578642390534856,1,1,1,1,0,1,1,1,1,0,-0.25511169,0.10343933,0.96134949,-0.22232056,0.06892395,0.97251892,30.65748596,0.74360657,-30.0664978,-28.61347961,2.6678772,-27.85647583,0,0.0,2.93994141,2.93994141,1.0,1.0,1578642390529968,252296722523, HMD, -0.11148, 1.20269, 0.38139, 0.18819, 0.06493, 0.96624, -0.16353
3754834,1578642390538841,1,1,1,1,0,1,1,1,1,0,-0.2550354,0.10299683,0.96142578,-0.22293091,0.06523132,0.97264099,30.65713501,0.75126648,-30.08079529,-28.60942078,2.66616821,-27.81350708,0,0.0,2.91017151,2.91017151,1.0,1.0,1578642390541205,252296834966, HMD, -0.11189, 1.20266, 0.38133, 0.18923, 0.06542, 0.96606, -0.16321
3754834,1578642390542853,1,1,1,1,0,1,1,1,1,0,-0.2550354,0.10299683,0.96142578,-0.22293091,0.06523132,0.97264099,30.65713501,0.75126648,-30.08079529,-28.60942078,2.66616821,-27.81350708,0,0.0,2.91017151,2.91017151,1.0,1.0,1578642390542808,252296850924, HMD, -0.11195, 1.20266, 0.38132, 0.18937, 0.06549, 0.96603, -0.16318
3754843,1578642390546847,1,1,1,1,0,1,1,1,1,0,-0.25439453,0.10491943,0.96138,-0.22305298,0.06639099,0.97253418,30.65667725,0.75405884,-30.08206177,-28.60804749,2.66090393,-27.81350708,0,0.0,2.91059875,2.91059875,1.0,1.0,1578642390545587,252296878713, HMD, -0.11206, 1.20265, 0.38130, 0.18963, 0.06559, 0.96599, -0.16310
3754843,1578642390550848,1,1,1,1,0,1,1,1,1,0,-0.25439453,0.10491943,0.96138,-0.22305298,0.06639099,0.97253418,30.65667725,0.75405884,-30.08206177,-28.60804749,2.66090393,-27.81350708,0,0.0,2.91059875,2.91059875,1.0,1.0,1578642390545587,252296878713, HMD, -0.11206, 1.20265, 0.38130, 0.18963, 0.06559, 0.96599, -0.16310
3754851,1578642390554836,1,1,1,1,0,1,1,1,1,0,-0.25395203,0.10813904,0.96115112,-0.22171021,0.06678772,0.97280884,30.65713501,0.75126648,-30.08332825,-28.60774231,2.64381409,-27.80154419,0,0.0,2.91166687,2.91166687,1.0,1.0,1578642390558568,252297008536, HMD, -0.11255, 1.20261, 0.38125, 0.19084, 0.06605, 0.96578, -0.16274
3754851,1578642390558397,1,1,1,1,0,1,1,1,1,0,-0.25395203,0.10813904,0.96115112,-0.22171021,0.06678772,0.97280884,30.65713501,0.75126648,-30.08332825,-28.60774231,2.64381409,-27.80154419,0,0.0,2.91166687,2.91166687,1.0,1.0,1578642390558568,252297008536, HMD, -0.11255, 1.20261, 0.38125, 0.19084, 0.06605, 0.96578, -0.16274
3754859,1578642390561899,1,1,1,1,0,1,1,1,1,0,-0.25360107,0.10942078,0.96109009,-0.22119141,0.06544495,0.97302246,30.65748596,0.7489624,-30.0849762,-28.60774231,2.63276672,-27.75389099,0,0.0,2.91197205,2.91197205,1.0,1.0,1578642390561951,252297042359, HMD, -0.11269, 1.20259, 0.38123, 0.19114, 0.06615, 0.96573, -0.16265
3754859,1578642390565903,1,1,1,1,0,1,1,1,1,0,-0.25360107,0.10942078,0.96109009,-0.22119141,0.06544495,0.97302246,30.65748596,0.7489624,-30.0849762,-28.60774231,2.63276672,-27.75389099,0,0.0,2.91197205,2.91197205,1.0,1.0,1578642390562051,252297043350, HMD, -0.11269, 1.20259, 0.38123, 0.19115, 0.06615, 0.96573, -0.16265
3754868,1578642390569902,1,1,1,1,0,1,1,1,1,0,-0.25328064,0.10931396,0.96118164,-0.22323608,0.07063293,0.97219849,30.65783691,0.74737549,-30.08662415,-28.59516907,2.57009888,-27.5945282,0,0.0,2.91242981,2.91242981,1.0,1.0,1578642390574723,252297170081, HMD, -0.11326, 1.20256, 0.38124, 0.19233, 0.06650, 0.96553, -0.16228
3754868,1578642390573902,1,1,1,1,0,1,1,1,1,0,-0.25328064,0.10931396,0.96118164,-0.22323608,0.07063293,0.97219849,30.65783691,0.74737549,-30.08662415,-28.59516907,2.57009888,-27.5945282,0,0.0,2.91242981,2.91242981,1.0,1.0,1578642390574723,252297170081, HMD, -0.11326, 1.20256, 0.38124, 0.19233, 0.06650, 0.96553, -0.16228
3754876,1578642390577912,1,1,1,1,0,1,1,1,1,0,-0.25375366,0.10925293,0.96105957,-0.22381592,0.07884216,0.97142029,30.65919495,0.74932861,-30.08976746,-28.59243774,2.5148468,-27.51887512,0,0.0,2.93344116,2.93344116,1.0,1.0,1578642390577907,252297201915, HMD, -0.11339, 1.20255, 0.38124, 0.19262, 0.06657, 0.96548, -0.16219
3754876,1578642390581912,1,1,1,1,0,1,1,1,1,0,-0.25375366,0.10925293,0.96105957,-0.22381592,0.07884216,0.97142029,30.65919495,0.74932861,-30.08976746,-28.59243774,2.5148468,-27.51887512,0,0.0,2.93344116,2.93344116,1.0,1.0,1578642390578101,252297203853, HMD, -0.11339, 1.20255, 0.38124, 0.19264, 0.06658, 0.96548, -0.16219
3754884,1578642390585900,1,1,1,1,0,1,1,1,1,0,-0.25424194,0.10932922,0.9609375,-0.22442627,0.08049011,0.97114563,30.66055298,0.75126648,-30.09289551,-28.58972168,2.46592712,-27.35435486,0,0.0,2.95440674,2.95440674,1.0,1.0,1578642390590611,252297328958, HMD, -0.11393, 1.20249, 0.38123, 0.19378, 0.06684, 0.96529, -0.16184
3754884,1578642390589922,1,1,1,1,0,1,1,1,1,0,-0.25424194,0.10932922,0.9609375,-0.22442627,0.08049011,0.97114563,30.66055298,0.75126648,-30.09289551,-28.58972168,2.46592712,-27.35435486,0,0.0,2.95440674,2.95440674,1.0,1.0,1578642390590611,252297328958, HMD, -0.11393, 1.20249, 0.38123, 0.19378, 0.06684, 0.96529, -0.16184
3754893,1578642390593894,1,1,1,1,0,1,1,1,1,0,-0.25363159,0.10966492,0.96105957,-0.22563171,0.0773468,0.97113037,30.66101074,0.74932861,-30.09428406,-28.5826416,2.43713379,-27.20692444,0,0.0,2.96266174,2.96266174,1.0,1.0,1578642390593804,252297360879, HMD, -0.11406, 1.20247, 0.38122, 0.19407, 0.06690, 0.96525, -0.16174
3754893,1578642390597898,1,1,1,1,0,1,1,1,1,0,-0.25363159,0.10966492,0.96105957,-0.22563171,0.0773468,0.97113037,30.66101074,0.74932861,-30.09428406,-28.5826416,2.43713379,-27.20692444,0,0.0,2.96266174,2.96266174,1.0,1.0,1578642390593804,252297360879, HMD, -0.11406, 1.20247, 0.38122, 0.19407, 0.06690, 0.96525, -0.16174
3754893,1578642390601923,1,1,1,1,0,1,1,1,1,0,-0.25363159,0.10966492,0.96105957,-0.22563171,0.0773468,0.97113037,30.66101074,0.74932861,-30.09428406,-28.5826416,2.43713379,-27.20692444,0,0.0,2.96266174,2.96266174,1.0,1.0,1578642390602505,252297447910, HMD, -0.11443, 1.20243, 0.38123, 0.19486, 0.06708, 0.96512, -0.16145
3754901,1578642390605905,1,1,1,1,0,1,1,1,1,0,-0.2530365,0.10993958,0.96118164,-0.22480774,0.08000183,0.97109985,30.66146851,0.74737549,-30.09550476,-28.57501221,2.4125824,-27.15509033,0,0.0,2.97091675,2.97091675,1.0,1.0,1578642390605940,252297482241, HMD, -0.11452, 1.20239, 0.38123, 0.19518, 0.06713, 0.96507, -0.16133
3754901,1578642390609899,1,1,1,1,0,1,1,1,1,0,-0.2530365,0.10993958,0.96118164,-0.22480774,0.08000183,0.97109985,30.66146851,0.74737549,-30.09550476,-28.57501221,2.4125824,-27.15509033,0,0.0,2.97091675,2.97091675,1.0,1.0,1578642390606350,252297486349, HMD, -0.11455, 1.20239, 0.38123, 0.19523, 0.06714, 0.96507, -0.16132
3754909,1578642390613648,1,1,1,1,0,1,1,1,1,0,-0.24977112,0.10890198,0.96214294,-0.22563171,0.07620239,0.97122192,30.66462708,0.74700928,-30.09420776,-28.57202148,2.40130615,-27.05943298,0,0.0,2.96203613,2.96203613,1.0,1.0,1578642390615941,252297582256, HMD, -0.11497, 1.20233, 0.38127, 0.19611, 0.06733, 0.96494, -0.16094
3754909,1578642390617632,1,1,1,1,0,1,1,1,1,0,-0.24977112,0.10890198,0.96214294,-0.22563171,0.07620239,0.97122192,30.66462708,0.74700928,-30.09420776,-28.57202148,2.40130615,-27.05943298,0,0.0,2.96203613,2.96203613,1.0,1.0,1578642390617634,252297599182, HMD, -0.11504, 1.20232, 0.38128, 0.19627, 0.06736, 0.96491, -0.16087
3754918,1578642390622650,1,1,1,1,0,1,1,1,1,0,-0.24668884,0.10809326,0.96304321,-0.2268219,0.07810974,0.97079468,30.66778564,0.74664307,-30.09289551,-28.5662384,2.38885498,-27.02404785,0,0.0,2.96881104,2.96881104,1.0,1.0,1578642390619083,252297613678, HMD, -0.11510, 1.20231, 0.38128, 0.19641, 0.06739, 0.96490, -0.16080
3754926,1578642390626645,1,1,1,1,0,1,1,1,1,0,-0.24739075,0.10804749,0.96286011,-0.21466064,0.07873535,0.97349548,30.67312622,0.74664307,-30.09289551,-28.56838989,2.34313965,-26.92871094,0,0.0,2.96879578,2.96879578,1.0,1.0,1578642390627548,252297698324, HMD, -0.11543, 1.20225, 0.38132, 0.19720, 0.06755, 0.96478, -0.16044
3754926,1578642390630679,1,1,1,1,0,1,1,1,1,0,-0.24739075,0.10804749,0.96286011,-0.21466064,0.07873535,0.97349548,30.67312622,0.74664307,-30.09289551,-28.56838989,2.34313965,-26.92871094,0,0.0,2.96879578,2.96879578,1.0,1.0,1578642390630555,252297728395, HMD, -0.11556, 1.20223, 0.38133, 0.19748, 0.06762, 0.96475, -0.16030
3754934,1578642390634644,1,1,1,1,0,1,1,1,1,0,-0.25500488,0.11174011,0.96044922,-0.23803711,0.08068848,0.96789551,30.52999878,0.84136963,-30.31300354,-28.67645264,2.53967285,-27.58641052,0,0.0,2.94552612,2.94552612,1.0,1.0,1578642390630834,252297731185, HMD, -0.11557, 1.20223, 0.38133, 0.19751, 0.06762, 0.96474, -0.16028
3754934,1578642390638637,1,1,1,1,0,1,1,1,1,0,-0.25500488,0.11174011,0.96044922,-0.23803711,0.08068848,0.96789551,30.52999878,0.84136963,-30.31300354,-28.67645264,2.53967285,-27.58641052,0,0.0,2.94552612,2.94552612,1.0,1.0,1578642390640205,252297824907, HMD, -0.11596, 1.20215, 0.38139, 0.19839, 0.06788, 0.96463, -0.15977
3754934,1578642390642637,1,1,1,1,0,1,1,1,1,0,-0.25500488,0.11174011,0.96044922,-0.23803711,0.08068848,0.96789551,30.52999878,0.84136963,-30.31300354,-28.67645264,2.53967285,-27.58641052,0,0.0,2.94552612,2.94552612,1.0,1.0,1578642390642658,252297849427, HMD, -0.11607, 1.20213, 0.38140, 0.19862, 0.06795, 0.96460, -0.15963
3754943,1578642390646646,1,1,1,1,0,1,1,1,1,0,-0.29725647,0.13046265,0.9458313,-0.27073669,0.10739136,0.95663452,30.28942871,0.81256104,-30.07455444,-28.80892944,2.53817749,-27.39900208,0,0.0,2.93530273,2.93530273,1.0,1.0,1578642390643517,252297858018, HMD, -0.11611, 1.20213, 0.38141, 0.19870, 0.06798, 0.96459, -0.15957
3754951,1578642390651621,1,1,1,1,0,1,1,1,1,0,-0.29725647,0.13046265,0.9458313,-0.27073669,0.10739136,0.95663452,30.28942871,0.81256104,-30.07455444,-28.80892944,2.53817749,-27.39900208,0,0.0,2.93530273,2.93530273,1.0,1.0,1578642390651574,252297938584, HMD, -0.11643, 1.20205, 0.38149, 0.19947, 0.06827, 0.96449, -0.15907
3754951,1578642390655622,1,1,1,1,0,1,1,1,1,0,-0.31594849,0.13005066,0.93980408,-0.30532837,0.11500549,0.94526672,29.94525146,0.98443604,-30.5340271,-29.01843262,2.76025391,-28.07241821,0,0.0,3.0745697,3.0745697,1.0,1.0,1578642390655146,252297974303, HMD, -0.11658, 1.20202, 0.38152, 0.19982, 0.06841, 0.96445, -0.15883
3754959,1578642390660641,1,1,1,1,0,1,1,1,1,0,-0.37315369,0.16564941,0.9128418,-0.34098816,0.13110352,0.93087769,29.72431946,0.41270447,-28.80209351,-29.20860291,2.79800415,-28.12265015,0,0.0,3.06886292,3.06886292,1.0,1.0,1578642390655146,252297974303, HMD, -0.11658, 1.20202, 0.38152, 0.19982, 0.06841, 0.96445, -0.15883
3754959,1578642390664644,1,1,1,1,0,1,1,1,1,0,-0.37315369,0.16564941,0.9128418,-0.34098816,0.13110352,0.93087769,29.72431946,0.41270447,-28.80209351,-29.20860291,2.79800415,-28.12265015,0,0.0,3.06886292,3.06886292,1.0,1.0,1578642390670118,252298124028, HMD, -0.11721, 1.20188, 0.38166, 0.20135, 0.06909, 0.96428, -0.15766
3754968,1578642390668636,1,1,1,1,0,1,1,1,1,0,-0.46951294,0.20323181,0.85920715,-0.38096619,0.12788391,0.91567993,29.69902039,-0.41261292,-26.0743866,-29.3452301,2.78082275,-28.09156799,0,0.0,3.20608521,3.20608521,1.0,1.0,1578642390670118,252298124028, HMD, -0.11721, 1.20188, 0.38166, 0.20135, 0.06909, 0.96428, -0.15766
3754968,1578642390672631,1,1,1,1,0,1,1,1,1,0,-0.46951294,0.20323181,0.85920715,-0.38096619,0.12788391,0.91567993,29.69902039,-0.41261292,-26.0743866,-29.3452301,2.78082275,-28.09156799,0,0.0,3.20608521,3.20608521,1.0,1.0,1578642390672560,252298148443, HMD, -0.11732, 1.20186, 0.38168, 0.20161, 0.06923, 0.96425, -0.15744
3754976,1578642390676619,1,1,1,1,0,1,1,1,1,0,-0.49887085,0.21392822,0.83984375,-0.38871765,0.12724304,0.91252136,29.67958069,-0.70295715,-25.14437866,-29.42120361,2.76679993,-28.02603149,0,0.0,3.35675049,3.35675049,1.0,1.0,1578642390673395,252298156797, HMD, -0.11736, 1.20185, 0.38169, 0.20170, 0.06928, 0.96424, -0.15737
3754976,1578642390680618,1,1,1,1,0,1,1,1,1,0,-0.49887085,0.21392822,0.83984375,-0.38871765,0.12724304,0.91252136,29.67958069,-0.70295715,-25.14437866,-29.42120361,2.76679993,-28.02603149,0,0.0,3.35675049,3.35675049,1.0,1.0,1578642390683991,252298262761, HMD, -0.11780, 1.20171, 0.38179, 0.20285, 0.06988, 0.96411, -0.15638
3754984,1578642390684623,1,1,1,1,0,1,1,1,1,0,-0.49029541,0.20996094,0.84587097,-0.38673401,0.12271118,0.91397095,29.68130493,-0.6481781,-25.30831909,-29.42852783,2.790802,-28.12167358,0,0.0,3.29019165,3.29019165,1.0,1.0,1578642390684610,252298268946, HMD, -0.11784, 1.20170, 0.38180, 0.20292, 0.06991, 0.96411, -0.15632
3754984,1578642390689642,1,1,1,1,0,1,1,1,1,0,-0.49029541,0.20996094,0.84587097,-0.38673401,0.12271118,0.91397095,29.68130493,-0.6481781,-25.30831909,-29.42852783,2.790802,-28.12167358,0,0.0,3.29019165,3.29019165,1.0,1.0,1578642390687699,252298299840, HMD, -0.11798, 1.20165, 0.38183, 0.20326, 0.07011, 0.96407, -0.15602
3754993,1578642390693614,1,1,1,1,0,1,1,1,1,0,-0.48503113,0.21087646,0.84867859,-0.37817383,0.12278748,0.9175415,29.70147705,-0.55163574,-25.60935974,-29.42602539,2.78094482,-28.10899353,0,0.0,3.33451843,3.33451843,1.0,1.0,1578642390696247,252298385320, HMD, -0.11837, 1.20153, 0.38191, 0.20423, 0.07065, 0.96397, -0.15511
3754993,1578642390697610,1,1,1,1,0,1,1,1,1,0,-0.48503113,0.21087646,0.84867859,-0.37817383,0.12278748,0.9175415,29.70147705,-0.55163574,-25.60935974,-29.42602539,2.78094482,-28.10899353,0,0.0,3.33451843,3.33451843,1.0,1.0,1578642390697625,252298399093, HMD, -0.11844, 1.20150, 0.38193, 0.20438, 0.07074, 0.96396, -0.15496
3754993,1578642390701667,1,1,1,1,0,1,1,1,1,0,-0.48503113,0.21087646,0.84867859,-0.37817383,0.12278748,0.9175415,29.70147705,-0.55163574,-25.60935974,-29.42602539,2.78094482,-28.10899353,0,0.0,3.33451843,3.33451843,1.0,1.0,1578642390700039,252298423230, HMD, -0.11855, 1.20147, 0.38195, 0.20466, 0.07090, 0.96393, -0.15469
3755001,1578642390705616,1,1,1,1,0,1,1,1,1,0,-0.48387146,0.20344543,0.85115051,-0.37594604,0.12409973,0.91828918,29.71330261,-0.4949646,-25.80349731,-29.42337036,2.7605896,-28.03845215,0,0.0,3.26809692,3.26809692,1.0,1.0,1578642390709414,252298516995, HMD, -0.11897, 1.20130, 0.38205, 0.20573, 0.07151, 0.96383, -0.15362
3755001,1578642390709609,1,1,1,1,0,1,1,1,1,0,-0.48387146,0.20344543,0.85115051,-0.37594604,0.12409973,0.91828918,29.71330261,-0.4949646,-25.80349731,-29.42337036,2.7605896,-28.03845215,0,0.0,3.26809692,3.26809692,1.0,1.0,1578642390709557,252298518413, HMD, -0.11898, 1.20130, 0.38206, 0.20575, 0.07152, 0.96382, -0.15361
3755009,1578642390713611,1,1,1,1,0,1,1,1,1,0,-0.48423767,0.2051239,0.85054016,-0.37814331,0.12490845,0.91726685,29.73652649,-0.53553772,-25.67779541,-29.42602539,2.78094482,-28.10899353,0,0.0,3.24691772,3.24691772,1.0,1.0,1578642390712600,252298548845, HMD, -0.11912, 1.20124, 0.38209, 0.20609, 0.07173, 0.96379, -0.15324
3755018,1578642390717652,1,1,1,1,0,1,1,1,1,0,-0.48423767,0.2051239,0.85054016,-0.37814331,0.12490845,0.91726685,29.73652649,-0.53553772,-25.67779541,-29.42602539,2.78094482,-28.10899353,0,0.0,3.24691772,3.24691772,1.0,1.0,1578642390722273,252298645581, HMD, -0.11958, 1.20105, 0.38220, 0.20718, 0.07233, 0.96371, -0.15205
3755018,1578642390721612,1,1,1,1,0,1,1,1,1,0,-0.48519897,0.20617676,0.84973145,-0.37574768,0.13090515,0.91741943,29.75973511,-0.57611084,-25.55207825,-29.42337036,2.76837158,-28.07891846,0,0.0,3.25820923,3.25820923,1.0,1.0,1578642390722273,252298645581, HMD, -0.11958, 1.20105, 0.38220, 0.20718, 0.07233, 0.96371, -0.15205
3755018,1578642390725605,1,1,1,1,0,1,1,1,1,0,-0.48519897,0.20617676,0.84973145,-0.37574768,0.13090515,0.91741943,29.75973511,-0.57611084,-25.55207825,-29.42337036,2.76837158,-28.07891846,0,0.0,3.25820923,3.25820923,1.0,1.0,1578642390725547,252298678314, HMD, -0.11968, 1.20096, 0.38222, 0.20754, 0.07252, 0.96367, -0.15165
3755034,1578642390734636,1,1,1,1,0,1,1,1,1,0,-0.47395325,0.20573425,0.85617065,-0.37506104,0.13188171,0.91755676,29.75973511,-0.57611084,-25.55207825,-29.41973877,2.74801636,-28.00837708,0,0.0,3.26327515,3.26327515,1.0,1.0,1578642390734536,252298768202, HMD, -0.12013, 1.20078, 0.38234, 0.20851, 0.07308, 0.96361, -0.15047
3755034,1578642390738618,1,1,1,1,0,1,1,1,1,0,-0.47395325,0.20573425,0.85617065,-0.37506104,0.13188171,0.91755676,29.75973511,-0.57611084,-25.55207825,-29.41973877,2.74801636,-28.00837708,0,0.0,3.26327515,3.26327515,1.0,1.0,1578642390737387,252298796717, HMD, -0.12027, 1.20072, 0.38238, 0.20882, 0.07322, 0.96359, -0.15010
3755043,1578642390742622,1,1,1,1,0,1,1,1,1,0,-0.47238159,0.20552063,0.85708618,-0.37408447,0.13578796,0.91738892,29.76377869,-0.54147339,-25.64559937,-29.41877747,2.74023438,-27.96791077,0,0.0,3.27584839,3.27584839,1.0,1.0,1578642390737387,252298796717, HMD, -0.12027, 1.20072, 0.38238, 0.20882, 0.07322, 0.96359, -0.15010
3755043,1578642390746612,1,1,1,1,0,1,1,1,1,0,-0.47238159,0.20552063,0.85708618,-0.37408447,0.13578796,0.91738892,29.76377869,-0.54147339,-25.64559937,-29.41877747,2.74023438,-27.96791077,0,0.0,3.27584839,3.27584839,1.0,1.0,1578642390750630,252298929155, HMD, -0.12089, 1.20039, 0.38253, 0.21018, 0.07385, 0.96351, -0.14835
3755043,1578642390750593,1,1,1,1,0,1,1,1,1,0,-0.47238159,0.20552063,0.85708618,-0.37408447,0.13578796,0.91738892,29.76377869,-0.54147339,-25.64559937,-29.41877747,2.74023438,-27.96791077,0,0.0,3.27584839,3.27584839,1.0,1.0,1578642390750630,252298929155, HMD, -0.12089, 1.20039, 0.38253, 0.21018, 0.07385, 0.96351, -0.14835
3755051,1578642390754633,1,1,1,1,0,1,1,1,1,0,-0.46644592,0.2041626,0.86064148,-0.37583923,0.13793945,0.91635132,29.75973511,-0.50682068,-25.73913574,-29.41229248,2.71127319,-27.88504028,0,0.0,3.26159668,3.26159668,1.0,1.0,1578642390753796,252298960801, HMD, -0.12104, 1.20032, 0.38257, 0.21051, 0.07396, 0.96350, -0.14794
3755051,1578642390758613,1,1,1,1,0,1,1,1,1,0,-0.46644592,0.2041626,0.86064148,-0.37583923,0.13793945,0.91635132,29.75973511,-0.50682068,-25.73913574,-29.41229248,2.71127319,-27.88504028,0,0.0,3.26159668,3.26159668,1.0,1.0,1578642390762554,252299048388, HMD, -0.12146, 1.20012, 0.38268, 0.21140, 0.07424, 0.96345, -0.14684
3755059,1578642390763604,1,1,1,1,0,1,1,1,1,0,-0.46577454,0.20690918,0.86035156,-0.37756348,0.14006042,0.91531372,29.75865173,-0.50090027,-25.77131653,-29.40582275,2.68229675,-27.80218506,0,0.0,3.26669312,3.26669312,1.0,1.0,1578642390763662,252299059467, HMD, -0.12152, 1.20009, 0.38269, 0.21152, 0.07426, 0.96344, -0.14670
3755068,1578642390767615,1,1,1,1,0,1,1,1,1,0,-0.46577454,0.20690918,0.86035156,-0.37756348,0.14006042,0.91531372,29.75865173,-0.50090027,-25.77131653,-29.40582275,2.68229675,-27.80218506,0,0.0,3.26669312,3.26669312,1.0,1.0,1578642390766301,252299085856, HMD, -0.12166, 1.20004, 0.38271, 0.21181, 0.07430, 0.96342, -0.14639
3755068,1578642390771622,1,1,1,1,0,1,1,1,1,0,-0.46505737,0.20968628,0.8600769,-0.37713623,0.141922,0.91520691,29.75756836,-0.4949646,-25.80349731,-29.40548706,2.68228149,-27.80180359,0,0.0,3.27111816,3.27111816,1.0,1.0,1578642390774805,252299170929, HMD, -0.12208, 1.19987, 0.38281, 0.21270, 0.07445, 0.96336, -0.14542
3755068,1578642390775582,1,1,1,1,0,1,1,1,1,0,-0.46505737,0.20968628,0.8600769,-0.37713623,0.141922,0.91520691,29.75756836,-0.4949646,-25.80349731,-29.40548706,2.68228149,-27.80180359,0,0.0,3.27111816,3.27111816,1.0,1.0,1578642390775609,252299178932, HMD, -0.12212, 1.19985, 0.38282, 0.21279, 0.07446, 0.96336, -0.14534
3755076,1578642390779604,1,1,1,1,0,1,1,1,1,0,-0.46006775,0.20552063,0.86375427,-0.37652588,0.1438446,0.91516113,29.74945068,-0.43713379,-25.95629883,-29.40582275,2.68226624,-27.80143738,0,0.0,3.27609253,3.27609253,1.0,1.0,1578642390777915,252299201994, HMD, -0.12224, 1.19980, 0.38285, 0.21303, 0.07449, 0.96334, -0.14509
3755076,1578642390783582,1,1,1,1,0,1,1,1,1,0,-0.46006775,0.20552063,0.86375427,-0.37652588,0.1438446,0.91516113,29.74945068,-0.43713379,-25.95629883,-29.40582275,2.68226624,-27.80143738,0,0.0,3.27609253,3.27609253,1.0,1.0,1578642390786813,252299290986, HMD, -0.12275, 1.19963, 0.38297, 0.21399, 0.07448, 0.96326, -0.14419
3755084,1578642390787634,1,1,1,1,0,1,1,1,1,0,-0.45831299,0.20170593,0.86558533,-0.36933899,0.14596558,0.91775513,29.74133301,-0.37931824,-26.10910034,-29.42289734,2.5980835,-27.37994385,0,0.0,3.28341675,3.28341675,1.0,1.0,1578642390787619,252299299037, HMD, -0.12279, 1.19961, 0.38298, 0.21409, 0.07447, 0.96325, -0.14411
3755084,1578642390792595,1,1,1,1,0,1,1,1,1,0,-0.45831299,0.20170593,0.86558533,-0.36933899,0.14596558,0.91775513,29.74133301,-0.37931824,-26.10910034,-29.42289734,2.5980835,-27.37994385,0,0.0,3.28341675,3.28341675,1.0,1.0,1578642390790540,252299328247, HMD, -0.12294, 1.19956, 0.38301, 0.21442, 0.07444, 0.96322, -0.14384
3755093,1578642390796590,1,1,1,1,0,1,1,1,1,0,-0.45623779,0.19509888,0.86819458,-0.37179565,0.14608765,0.91673279,29.74098206,-0.29457092,-26.30172729,-29.42819214,2.57505798,-27.28218079,0,0.0,3.31347656,3.31347656,1.0,1.0,1578642390802525,252299448108, HMD, -0.12356, 1.19934, 0.38314, 0.21581, 0.07422, 0.96307, -0.14284
3755101,1578642390800610,1,1,1,1,0,1,1,1,1,0,-0.45623779,0.19509888,0.86819458,-0.37179565,0.14608765,0.91673279,29.74098206,-0.29457092,-26.30172729,-29.42819214,2.57505798,-27.28218079,0,0.0,3.31347656,3.31347656,1.0,1.0,1578642390802525,252299448108, HMD, -0.12356, 1.19934, 0.38314, 0.21581, 0.07422, 0.96307, -0.14284
3755101,1578642390804607,1,1,1,1,0,1,1,1,1,0,-0.44570923,0.21032715,0.87010193,-0.37243652,0.15042114,0.91577148,29.73391724,-0.12640381,-26.59735107,-29.42984009,2.57414246,-27.26301575,0,0.0,3.38040161,3.38040161,1.0,1.0,1578642390804649,252299469341, HMD, -0.12367, 1.19930, 0.38316, 0.21608, 0.07417, 0.96304, -0.14268
3755109,1578642390808638,1,1,1,1,0,1,1,1,1,0,-0.44570923,0.21032715,0.87010193,-0.37243652,0.15042114,0.91577148,29.73391724,-0.12640381,-26.59735107,-29.42984009,2.57414246,-27.26301575,0,0.0,3.38040161,3.38040161,1.0,1.0,1578642390805829,252299481135, HMD, -0.12368, 1.19927, 0.38318, 0.21622, 0.07413, 0.96303, -0.14259
3755109,1578642390813104,1,1,1,1,0,1,1,1,1,0,-0.44346619,0.20176697,0.87327576,-0.37190247,0.14689636,0.91656494,29.72810364,-0.02044678,-26.89538574,-29.42819214,2.57321167,-27.24385071,0,0.0,3.40350342,3.40350342,1.0,1.0,1578642390816667,252299589522, HMD, -0.12424, 1.19909, 0.38328, 0.21760, 0.07380, 0.96285, -0.14185
3755109,1578642390817091,1,1,1,1,0,1,1,1,1,0,-0.44346619,0.20176697,0.87327576,-0.37190247,0.14689636,0.91656494,29.72810364,-0.02044678,-26.89538574,-29.42819214,2.57321167,-27.24385071,0,0.0,3.40350342,3.40350342,1.0,1.0,1578642390817093,252299593778, HMD, -0.12426, 1.19908, 0.38328, 0.21765, 0.07378, 0.96284, -0.14183
3755118,1578642390821124,1,1,1,1,0,1,1,1,1,0,-0.43487549,0.20422363,0.87701416,-0.36691284,0.14416504,0.91900635,29.72909546,0.11270142,-27.27932739,-29.41772461,2.54014587,-27.00166321,0,0.0,3.4262085,3.4262085,1.0,1.0,1578642390819693,252299619769, HMD, -0.12440, 1.19904, 0.38331, 0.21800, 0.07369, 0.96280, -0.14166
3755118,1578642390825091,1,1,1,1,0,1,1,1,1,0,-0.43487549,0.20422363,0.87701416,-0.36691284,0.14416504,0.91900635,29.72909546,0.11270142,-27.27932739,-29.41772461,2.54014587,-27.00166321,0,0.0,3.4262085,3.4262085,1.0,1.0,1578642390828832,252299711170, HMD, -0.12488, 1.19891, 0.38339, 0.21922, 0.07331, 0.96263, -0.14111
3755126,1578642390829113,1,1,1,1,0,1,1,1,1,0,-0.42720032,0.19245911,0.88342285,-0.36654663,0.14584351,0.91888428,29.73762512,0.24806213,-27.67625427,-29.41653442,2.59274292,-27.13497925,0,0.0,3.38214111,3.38214111,1.0,1.0,1578642390829090,252299713923, HMD, -0.12489, 1.19891, 0.38340, 0.21926, 0.07330, 0.96262, -0.14110
3755126,1578642390833151,1,1,1,1,0,1,1,1,1,0,-0.42720032,0.19245911,0.88342285,-0.36654663,0.14584351,0.91888428,29.73762512,0.24806213,-27.67625427,-29.41653442,2.59274292,-27.13497925,0,0.0,3.38214111,3.38214111,1.0,1.0,1578642390832635,252299749196, HMD, -0.12508, 1.19887, 0.38343, 0.21975, 0.07316, 0.96255, -0.14089
3755134,1578642390837144,1,1,1,1,0,1,1,1,1,0,-0.42332458,0.19238281,0.88529968,-0.35972595,0.13824463,0.92274475,29.7412262,0.3999176,-28.1320343,-29.40190125,2.55004883,-26.96548462,0,0.0,3.38235474,3.38235474,1.0,1.0,1578642390840780,252299830648, HMD, -0.12552, 1.19878, 0.38349, 0.22088, 0.07279, 0.96239, -0.14040
3755134,1578642390842142,1,1,1,1,0,1,1,1,1,0,-0.42332458,0.19238281,0.88529968,-0.35972595,0.13824463,0.92274475,29.7412262,0.3999176,-28.1320343,-29.40190125,2.55004883,-26.96548462,0,0.0,3.38235474,3.38235474,1.0,1.0,1578642390842198,252299844826, HMD, -0.12560, 1.19876, 0.38350, 0.22108, 0.07272, 0.96237, -0.14032
3755143,1578642390846171,1,1,1,1,0,1,1,1,1,0,-0.39663696,0.18153381,0.89984131,-0.36074829,0.14318848,0.92160034,29.69273376,0.90345764,-29.86401367,-29.39678955,2.54490662,-26.93986511,0,0.0,3.2334137,3.2334137,1.0,1.0,1578642390844017,252299863018, HMD, -0.12569, 1.19874, 0.38352, 0.22134, 0.07263, 0.96233, -0.14020
3755151,1578642390851172,1,1,1,1,0,1,1,1,1,0,-0.38771057,0.1812439,0.90377808,-0.36198425,0.13752747,0.92196655,29.70632935,0.87133789,-29.77772522,-29.3916626,2.53977966,-26.91423035,0,0.0,3.34797668,3.34797668,1.0,1.0,1578642390852235,252299945198, HMD, -0.12610, 1.19867, 0.38359, 0.22255, 0.07225, 0.96215, -0.13971
3755151,1578642390855143,1,1,1,1,0,1,1,1,1,0,-0.38771057,0.1812439,0.90377808,-0.36198425,0.13752747,0.92196655,29.70632935,0.87133789,-29.77772522,-29.3916626,2.53977966,-26.91423035,0,0.0,3.34797668,3.34797668,1.0,1.0,1578642390855178,252299974624, HMD, -0.12626, 1.19865, 0.38361, 0.22299, 0.07210, 0.96209, -0.13952
3755151,1578642390860154,1,1,1,1,0,1,1,1,1,0,-0.38771057,0.1812439,0.90377808,-0.36198425,0.13752747,0.92196655,29.70632935,0.87133789,-29.77772522,-29.3916626,2.53977966,-26.91423035,0,0.0,3.34797668,3.34797668,1.0,1.0,1578642390856019,252299983036, HMD, -0.12630, 1.19864, 0.38362, 0.22311, 0.07206, 0.96207, -0.13947
3755159,1578642390863215,1,1,1,1,0,1,1,1,1,0,-0.38807678,0.1897583,0.90187073,-0.36381531,0.14433289,0.92021179,29.71322632,0.86264038,-29.76783752,-29.38323975,2.50828552,-26.80859375,0,0.0,3.31983948,3.31983948,1.0,1.0,1578642390856019,252299983036, HMD, -0.12630, 1.19864, 0.38362, 0.22311, 0.07206, 0.96207, -0.13947
3755159,1578642390867191,1,1,1,1,0,1,1,1,1,0,-0.38807678,0.1897583,0.90187073,-0.36381531,0.14433289,0.92021179,29.71322632,0.86264038,-29.76783752,-29.38323975,2.50828552,-26.80859375,0,0.0,3.31983948,3.31983948,1.0,1.0,1578642390874150,252300164355, HMD, -0.12733, 1.19847, 0.38377, 0.22593, 0.07109, 0.96167, -0.13816
3755168,1578642390871175,1,1,1,1,0,1,1,1,1,0,-0.38037109,0.18675232,0.90577698,-0.3656311,0.15115356,0.918396,29.73088074,0.78436279,-29.54486084,-29.37481689,2.47679138,-26.70295715,0,0.0,3.22851563,3.22851563,1.0,1.0,1578642390874150,252300164355, HMD, -0.12733, 1.19847, 0.38377, 0.22593, 0.07109, 0.96167, -0.13816
3755168,1578642390875194,1,1,1,1,0,1,1,1,1,0,-0.38037109,0.18675232,0.90577698,-0.3656311,0.15115356,0.918396,29.73088074,0.78436279,-29.54486084,-29.37481689,2.47679138,-26.70295715,0,0.0,3.22851563,3.22851563,1.0,1.0,1578642390875136,252300174207, HMD, -0.12739, 1.19846, 0.38377, 0.22608, 0.07104, 0.96165, -0.13808
3755176,1578642390880168,1,1,1,1,0,1,1,1,1,0,-0.37713623,0.1867218,0.90713501,-0.36050415,0.16444397,0.9181366,29.74597168,0.81181335,-29.64389038,-29.33532715,2.35842896,-26.38346863,0,0.0,3.25834656,3.25834656,1.0,1.0,1578642390878698,252300209820, HMD, -0.12758, 1.19842, 0.38379, 0.22665, 0.07084, 0.96157, -0.13779
3755176,1578642390884184,1,1,1,1,0,1,1,1,1,0,-0.37713623,0.1867218,0.90713501,-0.36050415,0.16444397,0.9181366,29.74597168,0.81181335,-29.64389038,-29.33532715,2.35842896,-26.38346863,0,0.0,3.25834656,3.25834656,1.0,1.0,1578642390887754,252300300395, HMD, -0.12814, 1.19832, 0.38385, 0.22809, 0.07030, 0.96139, -0.13698
3755184,1578642390888167,1,1,1,1,0,1,1,1,1,0,-0.36984253,0.18312073,0.91085815,-0.35844421,0.17164612,0.9176178,29.76118469,0.86398315,-29.85131836,-29.31809998,2.30593872,-26.23204041,0,0.0,3.38102722,3.38102722,1.0,1.0,1578642390888223,252300305071, HMD, -0.12816, 1.19832, 0.38386, 0.22817, 0.07027, 0.96138, -0.13694
3755184,1578642390891673,1,1,1,1,0,1,1,1,1,0,-0.36984253,0.18312073,0.91085815,-0.35844421,0.17164612,0.9176178,29.76118469,0.86398315,-29.85131836,-29.31809998,2.30593872,-26.23204041,0,0.0,3.38102722,3.38102722,1.0,1.0,1578642390890815,252300330996, HMD, -0.12830, 1.19828, 0.38386, 0.22858, 0.07010, 0.96133, -0.13668
3755193,1578642390895241,1,1,1,1,0,1,1,1,1,0,-0.35919189,0.18714905,0.91429138,-0.36924744,0.17678833,0.91235352,29.77766418,0.9778595,-30.21295166,-29.27041626,2.114151,-25.60949707,0,0.0,3.30189514,3.30189514,1.0,1.0,1578642390890815,252300330996, HMD, -0.12830, 1.19828, 0.38386, 0.22858, 0.07010, 0.96133, -0.13668
3755201,1578642390900219,1,1,1,1,0,1,1,1,1,0,-0.35919189,0.18714905,0.91429138,-0.36924744,0.17678833,0.91235352,29.77766418,0.9778595,-30.21295166,-29.27041626,2.114151,-25.60949707,0,0.0,3.30189514,3.30189514,1.0,1.0,1578642390903361,252300456464, HMD, -0.12899, 1.19809, 0.38389, 0.23062, 0.06925, 0.96109, -0.13539
3755201,1578642390903299,1,1,1,1,0,1,1,1,1,0,-0.36436462,0.17634583,0.91439819,-0.36465454,0.18161011,0.91323853,29.79417419,1.02124023,-30.3513031,-29.24833679,2.07647705,-25.47921753,0,0.0,3.39685059,3.39685059,1.0,1.0,1578642390903361,252300456464, HMD, -0.12899, 1.19809, 0.38389, 0.23062, 0.06925, 0.96109, -0.13539
3755201,1578642390907318,1,1,1,1,0,1,1,1,1,0,-0.36436462,0.17634583,0.91439819,-0.36465454,0.18161011,0.91323853,29.79417419,1.02124023,-30.3513031,-29.24833679,2.07647705,-25.47921753,0,0.0,3.39685059,3.39685059,1.0,1.0,1578642390906477,252300487610, HMD, -0.12913, 1.19804, 0.38393, 0.23113, 0.06903, 0.96103, -0.13506
3755209,1578642390911298,1,1,1,1,0,1,1,1,1,0,-0.36143494,0.18412781,0.91403198,-0.36642456,0.19003296,0.91082764,29.8057251,1.09126282,-30.53541565,-29.22895813,2.06561279,-25.41885376,0,0.0,3.25888062,3.25888062,1.0,1.0,1578642390914351,252300566367, HMD, -0.12955, 1.19791, 0.38394, 0.23243, 0.06849, 0.96087, -0.13422
3755209,1578642390915320,1,1,1,1,0,1,1,1,1,0,-0.36143494,0.18412781,0.91403198,-0.36642456,0.19003296,0.91082764,29.8057251,1.09126282,-30.53541565,-29.22895813,2.06561279,-25.41885376,0,0.0,3.25888062,3.25888062,1.0,1.0,1578642390915266,252300575502, HMD, -0.12960, 1.19789, 0.38394, 0.23258, 0.06842, 0.96085, -0.13412
3755218,1578642390919332,1,1,1,1,0,1,1,1,1,0,-0.35717773,0.18572998,0.91537476,-0.36358643,0.18536377,0.91291809,29.81196594,1.12582397,-30.61839294,-29.21238708,2.04566956,-25.31291199,0,0.0,3.30917358,3.30917358,1.0,1.0,1578642390917632,252300599168, HMD, -0.12973, 1.19785, 0.38394, 0.23298, 0.06826, 0.96080, -0.13385
3755218,1578642390923413,1,1,1,1,0,1,1,1,1,0,-0.35717773,0.18572998,0.91537476,-0.36358643,0.18536377,0.91291809,29.81196594,1.12582397,-30.61839294,-29.21238708,2.04566956,-25.31291199,0,0.0,3.30917358,3.30917358,1.0,1.0,1578642390917632,252300599168, HMD, -0.12973, 1.19785, 0.38394, 0.23298, 0.06826, 0.96080, -0.13385
3755226,1578642390927430,1,1,1,1,0,1,1,1,1,0,-0.35079956,0.18800354,0.91737366,-0.36634827,0.19439697,0.90994263,29.81750488,1.12277222,-30.57048035,-29.20333862,2.07383728,-25.35798645,0,0.0,3.26457214,3.26457214,1.0,1.0,1578642390934344,252300766304, HMD, -0.13071, 1.19756, 0.38393, 0.23588, 0.06711, 0.96043, -0.13203
3755226,1578642390931422,1,1,1,1,0,1,1,1,1,0,-0.35079956,0.18800354,0.91737366,-0.36634827,0.19439697,0.90994263,29.81750488,1.12277222,-30.57048035,-29.20333862,2.07383728,-25.35798645,0,0.0,3.26457214,3.26457214,1.0,1.0,1578642390934344,252300766304, HMD, -0.13071, 1.19756, 0.38393, 0.23588, 0.06711, 0.96043, -0.13203
3755234,1578642390935487,1,1,1,1,0,1,1,1,1,0,-0.35079956,0.18800354,0.91737366,-0.36634827,0.19439697,0.90994263,29.81750488,1.12277222,-30.57048035,-29.20333862,2.07383728,-25.35798645,0,0.0,3.26457214,3.26457214,1.0,1.0,1578642390935396,252300776808, HMD, -0.13077, 1.19755, 0.38392, 0.23607, 0.06704, 0.96040, -0.13191
3755234,1578642390939487,1,1,1,1,0,1,1,1,1,0,-0.33798218,0.19953918,0.91973877,-0.36512756,0.20199585,0.9087677,29.8210907,1.1987915,-30.74249268,-29.19548035,2.08000183,-25.35681152,0,0.0,3.24671936,3.24671936,1.0,1.0,1578642390937857,252300801417, HMD, -0.13090, 1.19750, 0.38391, 0.23652, 0.06689, 0.96034, -0.13164
3755243,1578642390943480,1,1,1,1,0,1,1,1,1,0,-0.33482361,0.19239807,0.92242432,-0.36106873,0.20256042,0.91026306,29.82351685,1.28749084,-30.96220398,-29.18763733,2.11410522,-25.43490601,0,0.0,3.32258606,3.32258606,1.0,1.0,1578642390948325,252300906102, HMD, -0.13150, 1.19730, 0.38389, 0.23847, 0.06627, 0.96006, -0.13052
3755243,1578642390947487,1,1,1,1,0,1,1,1,1,0,-0.33482361,0.19239807,0.92242432,-0.36106873,0.20256042,0.91026306,29.82351685,1.28749084,-30.96220398,-29.18763733,2.11410522,-25.43490601,0,0.0,3.32258606,3.32258606,1.0,1.0,1578642390948325,252300906102, HMD, -0.13150, 1.19730, 0.38389, 0.23847, 0.06627, 0.96006, -0.13052
3755251,1578642390951476,1,1,1,1,0,1,1,1,1,0,-0.33421326,0.19061279,0.92300415,-0.34474182,0.21427917,0.91389465,29.83317566,1.39694214,-31.21908569,-29.18304443,2.18209839,-25.61698914,0,0.0,3.24082947,3.24082947,1.0,1.0,1578642390951329,252300936132, HMD, -0.13166, 1.19725, 0.38388, 0.23905, 0.06613, 0.95996, -0.13021
3755251,1578642390956501,1,1,1,1,0,1,1,1,1,0,-0.33421326,0.19061279,0.92300415,-0.34474182,0.21427917,0.91389465,29.83317566,1.39694214,-31.21908569,-29.18304443,2.18209839,-25.61698914,0,0.0,3.24082947,3.24082947,1.0,1.0,1578642390960588,252301028734, HMD, -0.13217, 1.19709, 0.38383, 0.24089, 0.06570, 0.95966, -0.12929
3755259,1578642390960470,1,1,1,1,0,1,1,1,1,0,-0.33364868,0.18850708,0.92364502,-0.35321045,0.20448303,0.91291809,29.84591675,1.43930054,-31.30154419,-29.15742493,2.12632751,-25.37445068,0,0.0,3.40739441,3.40739441,1.0,1.0,1578642390960588,252301028734, HMD, -0.13217, 1.19709, 0.38383, 0.24089, 0.06570, 0.95966, -0.12929
3755259,1578642390964676,1,1,1,1,0,1,1,1,1,0,-0.33364868,0.18850708,0.92364502,-0.35321045,0.20448303,0.91291809,29.84591675,1.43930054,-31.30154419,-29.15742493,2.12632751,-25.37445068,0,0.0,3.40739441,3.40739441,1.0,1.0,1578642390964253,252301065375, HMD, -0.13234, 1.19702, 0.38380, 0.24162, 0.06551, 0.95953, -0.12893
3755268,1578642390968713,1,1,1,1,0,1,1,1,1,0,-0.32904053,0.18865967,0.92526245,-0.30368042,0.16227722,0.93884277,29.86372375,1.44682312,-31.2963562,-29.30340576,3.08891296,-28.46806335,0,0.0,3.37123108,3.37123108,1.0,1.0,1578642390964253,252301065375, HMD, -0.13234, 1.19702, 0.38380, 0.24162, 0.06551, 0.95953, -0.12893
3755268,1578642390972715,1,1,1,1,0,1,1,1,1,0,-0.32904053,0.18865967,0.92526245,-0.30368042,0.16227722,0.93884277,29.86372375,1.44682312,-31.2963562,-29.30340576,3.08891296,-28.46806335,0,0.0,3.37123108,3.37123108,1.0,1.0,1578642390974230,252301165152, HMD, -0.13293, 1.19685, 0.38374, 0.24372, 0.06513, 0.95915, -0.12802
3755268,1578642390976694,1,1,1,1,0,1,1,1,1,0,-0.32904053,0.18865967,0.92526245,-0.30368042,0.16227722,0.93884277,29.86372375,1.44682312,-31.2963562,-29.30340576,3.08891296,-28.46806335,0,0.0,3.37123108,3.37123108,1.0,1.0,1578642390976674,252301189586, HMD, -0.13307, 1.19681, 0.38372, 0.24424, 0.06504, 0.95905, -0.12782
3755276,1578642390980713,1,1,1,1,0,1,1,1,1,0,-0.32264709,0.18606567,0.92803955,-0.34797668,0.20362854,0.91511536,29.86778259,1.44259644,-31.26701355,-29.12736511,2.05706787,-25.02685547,0,0.0,3.40779114,3.40779114,1.0,1.0,1578642390977349,252301196336, HMD, -0.13311, 1.19680, 0.38372, 0.24439, 0.06502, 0.95902, -0.12776
3755284,1578642390985685,1,1,1,1,0,1,1,1,1,0,-0.34648132,0.20166016,0.91610718,-0.34243774,0.20797729,0.91622925,29.78367615,1.19914246,-30.63920593,-29.23217773,2.16339111,-25.57652283,0,0.0,3.35235596,3.35235596,1.0,1.0,1578642390985964,252301282515, HMD, -0.13353, 1.19666, 0.38363, 0.24629, 0.06476, 0.95865, -0.12707
3755284,1578642390989704,1,1,1,1,0,1,1,1,1,0,-0.34648132,0.20166016,0.91610718,-0.34243774,0.20797729,0.91622925,29.78367615,1.19914246,-30.63920593,-29.23217773,2.16339111,-25.57652283,0,0.0,3.35235596,3.35235596,1.0,1.0,1578642390989750,252301320340, HMD, -0.13375, 1.19661, 0.38360, 0.24716, 0.06469, 0.95846, -0.12680
3755293,1578642390994665,1,1,1,1,0,1,1,1,1,0,-0.4251709,0.21807861,0.87843323,-0.37110901,0.18087769,0.91079712,29.71496582,-0.00279236,-27.04615784,-29.35656738,2.38302612,-26.42285156,0,0.0,3.54727173,3.54727173,1.0,1.0,1578642390999075,252301413599, HMD, -0.13427, 1.19647, 0.38349, 0.24932, 0.06456, 0.95800, -0.12610
3755293,1578642390998683,1,1,1,1,0,1,1,1,1,0,-0.4251709,0.21807861,0.87843323,-0.37110901,0.18087769,0.91079712,29.71496582,-0.00279236,-27.04615784,-29.35656738,2.38302612,-26.42285156,0,0.0,3.54727173,3.54727173,1.0,1.0,1578642390999075,252301413599, HMD, -0.13427, 1.19647, 0.38349, 0.24932, 0.06456, 0.95800, -0.12610
3755301,1578642391002105,1,1,1,1,0,1,1,1,1,0,-0.38577271,0.18373108,0.90409851,-0.36408997,0.14750671,0.91960144,29.3699646,0.99232483,-30.65231323,-29.56523132,2.90130615,-28.4312439,0,0.0,3.43136597,3.43136597,1.0,1.0,1578642391002175,252301444594, HMD, -0.13444, 1.19642, 0.38346, 0.25004, 0.06452, 0.95785, -0.12588
3755301,1578642391005667,1,1,1,1,0,1,1,1,1,0,-0.38577271,0.18373108,0.90409851,-0.36408997,0.14750671,0.91960144,29.3699646,0.99232483,-30.65231323,-29.56523132,2.90130615,-28.4312439,0,0.0,3.43136597,3.43136597,1.0,1.0,1578642391002578,252301448622, HMD, -0.13446, 1.19641, 0.38345, 0.25014, 0.06452, 0.95783, -0.12585
3755309,1578642391009655,1,1,1,1,0,1,1,1,1,0,-0.45031738,0.1373291,0.88223267,-0.36785889,0.11428833,0.92282104,29.37748718,0.73878479,-29.8271637,-29.64402771,3.08374023,-29.29974365,0,0.0,3.32453918,3.32453918,1.0,1.0,1578642391002578,252301448622, HMD, -0.13446, 1.19641, 0.38345, 0.25014, 0.06452, 0.95783, -0.12585
3755309,1578642391015127,1,1,1,1,0,1,1,1,1,0,-0.45031738,0.1373291,0.88223267,-0.36785889,0.11428833,0.92282104,29.37748718,0.73878479,-29.8271637,-29.64402771,3.08374023,-29.29974365,0,0.0,3.32453918,3.32453918,1.0,1.0,1578642391017162,252301594471, HMD, -0.13522, 1.19622, 0.38329, 0.25368, 0.06445, 0.95704, -0.12478
3755318,1578642391019090,1,1,1,1,0,1,1,1,1,0,-0.46084595,0.13305664,0.87742615,-0.3974762,0.10092163,0.91203308,29.35443115,0.51905823,-29.28608704,-29.62539673,2.82617188,-28.58706665,0,0.0,3.37997437,3.37997437,1.0,1.0,1578642391019031,252301613151, HMD, -0.13532, 1.19619, 0.38327, 0.25413, 0.06445, 0.95694, -0.12463
3755318,1578642391023138,1,1,1,1,0,1,1,1,1,0,-0.46084595,0.13305664,0.87742615,-0.3974762,0.10092163,0.91203308,29.35443115,0.51905823,-29.28608704,-29.62539673,2.82617188,-28.58706665,0,0.0,3.37997437,3.37997437,1.0,1.0,1578642391020251,252301625353, HMD, -0.13539, 1.19617, 0.38325, 0.25443, 0.06446, 0.95687, -0.12454
3755326,1578642391027126,1,1,1,1,0,1,1,1,1,0,-0.45248413,0.1288147,0.88240051,-0.40202332,0.09371948,0.91081238,29.36488342,0.57621765,-29.54663086,-29.59385681,2.59857178,-27.94250488,0,0.0,3.42080688,3.42080688,1.0,1.0,1578642391029001,252301712857, HMD, -0.13588, 1.19602, 0.38314, 0.25658, 0.06454, 0.95638, -0.12388
3755326,1578642391031123,1,1,1,1,0,1,1,1,1,0,-0.45248413,0.1288147,0.88240051,-0.40202332,0.09371948,0.91081238,29.36488342,0.57621765,-29.54663086,-29.59385681,2.59857178,-27.94250488,0,0.0,3.42080688,3.42080688,1.0,1.0,1578642391031175,252301734593, HMD, -0.13599, 1.19599, 0.38311, 0.25711, 0.06456, 0.95625, -0.12371
3755334,1578642391035042,1,1,1,1,0,1,1,1,1,0,-0.45117188,0.13438416,0.88224792,-0.39190674,0.10482788,0.91400146,29.40235901,0.59510803,-29.66166687,-29.59713745,2.66148376,-28.18374634,0,0.0,3.3848114,3.3848114,1.0,1.0,1578642391032307,252301745916, HMD, -0.13605, 1.19597, 0.38309, 0.25740, 0.06457, 0.95619, -0.12362
3755334,1578642391039049,1,1,1,1,0,1,1,1,1,0,-0.45117188,0.13438416,0.88224792,-0.39190674,0.10482788,0.91400146,29.40235901,0.59510803,-29.66166687,-29.59713745,2.66148376,-28.18374634,0,0.0,3.3848114,3.3848114,1.0,1.0,1578642391041481,252301837671, HMD, -0.13651, 1.19583, 0.38295, 0.25962, 0.06472, 0.95567, -0.12291
3755343,1578642391043833,1,1,1,1,0,1,1,1,1,0,-0.43626404,0.12324524,0.8913269,-0.38882446,0.11286926,0.91436768,29.45420837,0.57403564,-29.58706665,-29.58590698,2.67051697,-28.20933533,0,0.0,3.41064453,3.41064453,1.0,1.0,1578642391043808,252301860922, HMD, -0.13663, 1.19580, 0.38291, 0.26019, 0.06476, 0.95553, -0.12273
3755343,1578642391047854,1,1,1,1,0,1,1,1,1,0,-0.43626404,0.12324524,0.8913269,-0.38882446,0.11286926,0.91436768,29.45420837,0.57403564,-29.58706665,-29.58590698,2.67051697,-28.20933533,0,0.0,3.41064453,3.41064453,1.0,1.0,1578642391044586,252301868701, HMD, -0.13665, 1.19581, 0.38292, 0.26039, 0.06477, 0.95549, -0.12267
3755351,1578642391051870,1,1,1,1,0,1,1,1,1,0,-0.42727661,0.1197052,0.89614868,-0.39320374,0.09693909,0.9143219,29.4569397,0.78166199,-30.23820496,-29.55821228,2.61743164,-28.01268005,0,0.0,3.44657898,3.44657898,1.0,1.0,1578642391055314,252301976055, HMD, -0.13717, 1.19566, 0.38278, 0.26296, 0.06497, 0.95487, -0.12189
3755351,1578642391055902,1,1,1,1,0,1,1,1,1,0,-0.42727661,0.1197052,0.89614868,-0.39320374,0.09693909,0.9143219,29.4569397,0.78166199,-30.23820496,-29.55821228,2.61743164,-28.01268005,0,0.0,3.44657898,3.44657898,1.0,1.0,1578642391055860,252301981453, HMD, -0.13720, 1.19565, 0.38278, 0.26310, 0.06499, 0.95483, -0.12185
3755351,1578642391059847,1,1,1,1,0,1,1,1,1,0,-0.4119873,0.11212158,0.9042511,-0.39122009,0.1035614,0.91444397,29.43127441,1.03419495,-31.07688904,-29.55163574,2.66482544,-28.1640625,0,0.0,3.39770508,3.39770508,1.0,1.0,1578642391059854,252302021385, HMD, -0.13739, 1.19560, 0.38271, 0.26404, 0.06509, 0.95460, -0.12157
3755368,1578642391068854,0,0,1,1,0,1,1,1,1,0,0.0,0.0,0.0,-0.38470459,0.10290527,0.91726685,0.0,0.0,0.0,-29.55175781,2.68966675,-28.24243164,0,0.0,-1.0,-1.0,1.0,1.0,1578642391061108,252302033928, HMD, -0.13745, 1.19558, 0.38269, 0.26433, 0.06513, 0.95453, -0.12148
3755368,1578642391072860,0,0,1,1,0,1,1,1,1,0,0.0,0.0,0.0,-0.38470459,0.10290527,0.91726685,0.0,0.0,0.0,-29.55175781,2.68966675,-28.24243164,0,0.0,-1.0,-1.0,1.0,1.0,1578642391061108,252302033928, HMD, -0.13745, 1.19558, 0.38269, 0.26433, 0.06513, 0.95453, -0.12148
3755376,1578642391078857,1,1,1,1,0,1,1,1,1,0,-0.46742249,0.14042664,0.87280273,-0.37841797,0.10203552,0.91998291,29.57814026,0.10102844,-28.00956726,-29.55163574,2.70449829,-28.2784729,0,0.0,3.56011963,3.56011963,1.0,1.0,1578642391094836,252302371325, HMD, -0.13892, 1.19521, 0.38213, 0.27214, 0.06622, 0.95251, -0.11951
3755376,1578642391082846,1,1,1,1,0,1,1,1,1,0,-0.46742249,0.14042664,0.87280273,-0.37841797,0.10203552,0.91998291,29.57814026,0.10102844,-28.00956726,-29.55163574,2.70449829,-28.2784729,0,0.0,3.56011963,3.56011963,1.0,1.0,1578642391094836,252302371325, HMD, -0.13892, 1.19521, 0.38213, 0.27214, 0.06622, 0.95251, -0.11951
3755376,1578642391086882,1,1,1,1,0,1,1,1,1,0,-0.50939941,0.1648407,0.84458923,-0.37164307,0.10446167,0.92247009,29.72502136,-0.78709412,-25.07217407,-29.54725647,2.70950317,-28.29963684,0,0.0,3.64680481,3.64680481,1.0,1.0,1578642391094836,252302371325, HMD, -0.13892, 1.19521, 0.38213, 0.27214, 0.06622, 0.95251, -0.11951
3755384,1578642391092886,1,1,1,1,0,1,1,1,1,0,-0.50939941,0.1648407,0.84458923,-0.37164307,0.10446167,0.92247009,29.72502136,-0.78709412,-25.07217407,-29.54725647,2.70950317,-28.29963684,0,0.0,3.64680481,3.64680481,1.0,1.0,1578642391094836,252302371325, HMD, -0.13892, 1.19521, 0.38213, 0.27214, 0.06622, 0.95251, -0.11951
3755384,1578642391096855,1,1,1,1,0,1,1,1,1,0,-0.50921631,0.16833496,0.8440094,-0.3649292,0.10084534,0.92553711,29.74275208,-0.80960083,-25.00721741,-29.5428772,2.71450806,-28.32078552,0,0.0,3.66842651,3.66842651,1.0,1.0,1578642391096801,252302390851, HMD, -0.13900, 1.19519, 0.38209, 0.27260, 0.06629, 0.95239, -0.11941
3755409,1578642391111836,1,1,1,1,0,1,1,1,1,0,-0.48451233,0.18617249,0.85472107,-0.3490448,0.10603333,0.93107605,29.84410095,-0.70672607,-25.47439575,-29.51020813,2.78074646,-28.57444763,0,0.0,3.8028717,3.8028717,1.0,1.0,1578642391117358,252302596498, HMD, -0.13986, 1.19499, 0.38177, 0.27705, 0.06702, 0.95117, -0.11846
3755409,1578642391115887,1,1,1,1,0,1,1,1,1,0,-0.48451233,0.18617249,0.85472107,-0.3490448,0.10603333,0.93107605,29.84410095,-0.70672607,-25.47439575,-29.51020813,2.78074646,-28.57444763,0,0.0,3.8028717,3.8028717,1.0,1.0,1578642391117358,252302596498, HMD, -0.13986, 1.19499, 0.38177, 0.27705, 0.06702, 0.95117, -0.11846
3755418,1578642391121827,1,1,1,1,0,1,1,1,1,0,-0.48065186,0.1869812,0.85671997,-0.34677124,0.10058594,0.93252563,29.87051392,-0.67697144,-25.55912781,-29.49668884,2.77796936,-28.57009888,0,0.0,3.66438293,3.66438293,1.0,1.0,1578642391121897,252302641818, HMD, -0.14001, 1.19495, 0.38170, 0.27798, 0.06718, 0.95091, -0.11825
3755426,1578642391128828,1,1,1,1,0,1,1,1,1,0,-0.47859192,0.17869568,0.85964966,-0.3525238,0.10371399,0.93002319,29.88076782,-0.54476929,-25.97380066,-29.47798157,2.77571106,-28.57180786,0,0.0,3.77076721,3.77076721,1.0,1.0,1578642391125005,252302672900, HMD, -0.14013, 1.19492, 0.38164, 0.27860, 0.06729, 0.95074, -0.11810
3755426,1578642391132827,1,1,1,1,0,1,1,1,1,0,-0.47859192,0.17869568,0.85964966,-0.3525238,0.10371399,0.93002319,29.88076782,-0.54476929,-25.97380066,-29.47798157,2.77571106,-28.57180786,0,0.0,3.77076721,3.77076721,1.0,1.0,1578642391125005,252302672900, HMD, -0.14013, 1.19492, 0.38164, 0.27860, 0.06729, 0.95074, -0.11810
3755443,1578642391148821,1,1,1,1,0,1,1,1,1,0,-0.4460144,0.17152405,0.87841797,-0.34030151,0.10237122,0.9347229,29.86029053,-0.12457275,-27.28034973,-29.45326233,2.79019165,-28.60987854,0,0.0,3.63278198,3.63278198,1.0,1.0,1578642391162505,252303047915, HMD, -0.14132, 1.19468, 0.38117, 0.28549, 0.06882, 0.94875, -0.11677
3755451,1578642391152817,1,1,1,1,0,1,1,1,1,0,-0.43911743,0.17346191,0.8815155,-0.33206177,0.1065979,0.93721008,29.86741638,-0.09567261,-27.32954407,-29.45544434,2.87451172,-28.85388184,0,0.0,3.62466431,3.62466431,1.0,1.0,1578642391162505,252303047915, HMD, -0.14132, 1.19468, 0.38117, 0.28549, 0.06882, 0.94875, -0.11677
3755451,1578642391156819,1,1,1,1,0,1,1,1,1,0,-0.43911743,0.17346191,0.8815155,-0.33206177,0.1065979,0.93721008,29.86741638,-0.09567261,-27.32954407,-29.45544434,2.87451172,-28.85388184,0,0.0,3.62466431,3.62466431,1.0,1.0,1578642391162505,252303047915, HMD, -0.14132, 1.19468, 0.38117, 0.28549, 0.06882, 0.94875, -0.11677
3755459,1578642391160813,1,1,1,1,0,1,1,1,1,0,-0.41821289,0.16378784,0.89344788,-0.33439636,0.10069275,0.93702698,29.85992432,0.04655457,-27.72108459,-29.43830872,2.82397461,-28.61358643,0,0.0,3.58183289,3.58183289,1.0,1.0,1578642391162505,252303047915, HMD, -0.14132, 1.19468, 0.38117, 0.28549, 0.06882, 0.94875, -0.11677
3755459,1578642391164826,1,1,1,1,0,1,1,1,1,0,-0.41821289,0.16378784,0.89344788,-0.33439636,0.10069275,0.93702698,29.85992432,0.04655457,-27.72108459,-29.43830872,2.82397461,-28.61358643,0,0.0,3.58183289,3.58183289,1.0,1.0,1578642391164826,252303071102, HMD, -0.14140, 1.19468, 0.38114, 0.28590, 0.06893, 0.94862, -0.11673
3755468,1578642391170816,1,1,1,1,0,1,1,1,1,0,-0.40884399,0.15635681,0.89909363,-0.32182312,0.10395813,0.94107056,29.86679077,0.08958435,-27.80606079,-29.4249115,2.77349854,-28.35983276,0,0.0,3.56181335,3.56181335,1.0,1.0,1578642391166620,252303089040, HMD, -0.14146, 1.19466, 0.38114, 0.28620, 0.06901, 0.94853, -0.11669
3755468,1578642391174813,1,1,1,1,0,1,1,1,1,0,-0.40884399,0.15635681,0.89909363,-0.32182312,0.10395813,0.94107056,29.86679077,0.08958435,-27.80606079,-29.4249115,2.77349854,-28.35983276,0,0.0,3.56181335,3.56181335,1.0,1.0,1578642391178661,252303209537, HMD, -0.14175, 1.19465, 0.38100, 0.28817, 0.06978, 0.94790, -0.11654
3755476,1578642391179811,1,1,1,1,0,1,1,1,1,0,-0.39796448,0.15348816,0.90446472,-0.32351685,0.11157227,0.93960571,29.86564636,0.20385742,-28.15829468,-29.42320251,2.82258606,-28.4630127,0,0.0,3.45120239,3.45120239,1.0,1.0,1578642391180014,252303223001, HMD, -0.14179, 1.19465, 0.38099, 0.28839, 0.06987, 0.94783, -0.11653
3755476,1578642391184868,1,1,1,1,0,1,1,1,1,0,-0.39796448,0.15348816,0.90446472,-0.32351685,0.11157227,0.93960571,29.86564636,0.20385742,-28.15829468,-29.42320251,2.82258606,-28.4630127,0,0.0,3.45120239,3.45120239,1.0,1.0,1578642391184993,252303272774, HMD, -0.14190, 1.19465, 0.38094, 0.28917, 0.07022, 0.94757, -0.11647
3755493,1578642391201393,1,1,1,1,0,1,1,1,1,0,-0.38868713,0.1449585,0.90988159,-0.31970215,0.09765625,0.94245911,29.89588928,0.3605957,-28.74731445,-29.3747406,2.73486328,-28.32518005,0,0.0,3.53607178,3.53607178,1.0,1.0,1578642391191142,252303334349, HMD, -0.14213, 1.19464, 0.38092, 0.29014, 0.07062, 0.94726, -0.11637
3755501,1578642391206369,1,1,1,1,0,1,1,1,1,0,-0.38868713,0.1449585,0.90988159,-0.31970215,0.09765625,0.94245911,29.89588928,0.3605957,-28.74731445,-29.3747406,2.73486328,-28.32518005,0,0.0,3.53607178,3.53607178,1.0,1.0,1578642391191142,252303334349, HMD, -0.14213, 1.19464, 0.38092, 0.29014, 0.07062, 0.94726, -0.11637
3755509,1578642391211361,1,1,1,1,0,1,1,1,1,0,-0.37826538,0.15075684,0.91333008,-0.3187561,0.09765625,0.94277954,29.8991394,0.41772461,-28.95870972,-29.35749817,2.722229,-28.34434509,0,0.0,3.40434265,3.40434265,1.0,1.0,1578642391191142,252303334349, HMD, -0.14213, 1.19464, 0.38092, 0.29014, 0.07062, 0.94726, -0.11637
3755509,1578642391215367,1,1,1,1,0,1,1,1,1,0,-0.37826538,0.15075684,0.91333008,-0.3187561,0.09765625,0.94277954,29.8991394,0.41772461,-28.95870972,-29.35749817,2.722229,-28.34434509,0,0.0,3.40434265,3.40434265,1.0,1.0,1578642391232914,252303751997, HMD, -0.14293, 1.19450, 0.38064, 0.29615, 0.07321, 0.94535, -0.11512
3755518,1578642391220415,1,1,1,1,0,1,1,1,1,0,-0.37660217,0.14450073,0.9150238,-0.32098389,0.10018921,0.9417572,29.90028381,0.43960571,-29.03237915,-29.354599,2.74092102,-28.4281311,0,0.0,3.44416809,3.44416809,1.0,1.0,1578642391232914,252303751997, HMD, -0.14293, 1.19450, 0.38064, 0.29615, 0.07321, 0.94535, -0.11512
3755518,1578642391225384,1,1,1,1,0,1,1,1,1,0,-0.37660217,0.14450073,0.9150238,-0.32098389,0.10018921,0.9417572,29.90028381,0.43960571,-29.03237915,-29.354599,2.74092102,-28.4281311,0,0.0,3.44416809,3.44416809,1.0,1.0,1578642391232914,252303751997, HMD, -0.14293, 1.19450, 0.38064, 0.29615, 0.07321, 0.94535, -0.11512
3755526,1578642391229359,1,1,1,1,0,1,1,1,1,0,-0.37490845,0.14199829,0.91610718,-0.31698608,0.09875488,0.94326782,29.90144348,0.46148682,-29.10604858,-29.3527832,2.75013733,-28.45744324,0,0.0,3.48606873,3.48606873,1.0,1.0,1578642391232914,252303751997, HMD, -0.14293, 1.19450, 0.38064, 0.29615, 0.07321, 0.94535, -0.11512
3755526,1578642391233354,1,1,1,1,0,1,1,1,1,0,-0.37490845,0.14199829,0.91610718,-0.31698608,0.09875488,0.94326782,29.90144348,0.46148682,-29.10604858,-29.3527832,2.75013733,-28.45744324,0,0.0,3.48606873,3.48606873,1.0,1.0,1578642391233291,252303755758, HMD, -0.14293, 1.19450, 0.38064, 0.29620, 0.07323, 0.94533, -0.11511
3755534,1578642391237352,1,1,1,1,0,1,1,1,1,0,-0.37321472,0.14666748,0.9160614,-0.31452942,0.09716797,0.94424438,29.91758728,0.38510132,-28.93482971,-29.35253906,2.72906494,-28.43551636,0,0.0,3.44638062,3.44638062,1.0,1.0,1578642391237019,252303793034, HMD, -0.14298, 1.19448, 0.38061, 0.29672, 0.07345, 0.94517, -0.11495
3755534,1578642391242354,1,1,1,1,0,1,1,1,1,0,-0.37321472,0.14666748,0.9160614,-0.31452942,0.09716797,0.94424438,29.91758728,0.38510132,-28.93482971,-29.35253906,2.72906494,-28.43551636,0,0.0,3.44638062,3.44638062,1.0,1.0,1578642391246965,252303892500, HMD, -0.14319, 1.19444, 0.38056, 0.29807, 0.07400, 0.94476, -0.11451
3755543,1578642391246356,1,1,1,1,0,1,1,1,1,0,-0.38314819,0.12127686,0.91567993,-0.32373047,0.07952881,0.9427948,29.91456604,0.25167847,-28.78401184,-29.318573,2.51570129,-27.90168762,0,0.0,3.597229,3.597229,1.0,1.0,1578642391246965,252303892500, HMD, -0.14319, 1.19444, 0.38056, 0.29807, 0.07400, 0.94476, -0.11451
3755543,1578642391250362,1,1,1,1,0,1,1,1,1,0,-0.38314819,0.12127686,0.91567993,-0.32373047,0.07952881,0.9427948,29.91456604,0.25167847,-28.78401184,-29.318573,2.51570129,-27.90168762,0,0.0,3.597229,3.597229,1.0,1.0,1578642391250027,252303923109, HMD, -0.14323, 1.19443, 0.38054, 0.29849, 0.07418, 0.94463, -0.11435
3755551,1578642391254422,1,1,1,1,0,1,1,1,1,0,-0.3986969,0.11827087,0.90940857,-0.30848694,0.06111145,0.94924927,29.92987061,-0.17829895,-27.80392456,-29.30097961,2.68266296,-28.78633118,0,0.0,3.61985779,3.61985779,1.0,1.0,1578642391250027,252303923109, HMD, -0.14323, 1.19443, 0.38054, 0.29849, 0.07418, 0.94463, -0.11435
3755551,1578642391258436,1,1,1,1,0,1,1,1,1,0,-0.3986969,0.11827087,0.90940857,-0.30848694,0.06111145,0.94924927,29.92987061,-0.17829895,-27.80392456,-29.30097961,2.68266296,-28.78633118,0,0.0,3.61985779,3.61985779,1.0,1.0,1578642391260253,252304025387, HMD, -0.14333, 1.19437, 0.38047, 0.29988, 0.07477, 0.94421, -0.11381
3755559,1578642391262422,1,1,1,1,0,1,1,1,1,0,-0.39665222,0.06089783,0.91593933,-0.32595825,0.04420471,0.94433594,29.92390442,-0.22384644,-27.82479858,-29.17828369,2.32627869,-27.81916809,0,0.0,3.58782959,3.58782959,1.0,1.0,1578642391262356,252304046401, HMD, -0.14335, 1.19435, 0.38045, 0.30016, 0.07489, 0.94412, -0.11369
3755559,1578642391266677,1,1,1,1,0,1,1,1,1,0,-0.39665222,0.06089783,0.91593933,-0.32595825,0.04420471,0.94433594,29.92390442,-0.22384644,-27.82479858,-29.17828369,2.32627869,-27.81916809,0,0.0,3.58782959,3.58782959,1.0,1.0,1578642391264336,252304066206, HMD, -0.14336, 1.19433, 0.38043, 0.30044, 0.07497, 0.94404, -0.11358
3755568,1578642391270673,1,1,1,1,0,1,1,1,1,0,-0.41003418,0.02203369,0.91178894,-0.33280945,0.02841187,0.94255066,29.98014832,-0.35148621,-27.66296387,-29.09329224,2.0771637,-27.30445862,0,0.0,3.79801941,3.79801941,1.0,1.0,1578642391272692,252304149774, HMD, -0.14344, 1.19428, 0.38039, 0.30156, 0.07542, 0.94371, -0.11306
3755568,1578642391273866,1,1,1,1,0,1,1,1,1,0,-0.41003418,0.02203369,0.91178894,-0.33280945,0.02841187,0.94255066,29.98014832,-0.35148621,-27.66296387,-29.09329224,2.0771637,-27.30445862,0,0.0,3.79801941,3.79801941,1.0,1.0,1578642391273796,252304160802, HMD, -0.14345, 1.19427, 0.38039, 0.30170, 0.07548, 0.94367, -0.11299
3755576,1578642391277911,1,1,1,1,0,1,1,1,1,0,-0.40917969,0.01576233,0.91230774,-0.32154846,-0.01763916,0.94671631,29.99789429,-0.44848633,-27.50717163,-29.05953979,1.97360229,-27.17817688,0,0.0,3.79626465,3.79626465,1.0,1.0,1578642391277387,252304196714, HMD, -0.14347, 1.19425, 0.38036, 0.30217, 0.07569, 0.94353, -0.11275
3755584,1578642391291587,1,1,1,1,0,1,1,1,1,0,-0.40739441,0.01283264,0.91314697,-0.32530212,0.00091553,0.94560242,30.02854919,-0.42453003,-27.59014893,-29.04214478,1.85092163,-26.83674622,0,0.0,3.73405457,3.73405457,1.0,1.0,1578642391302879,252304451650, HMD, -0.14361, 1.19404, 0.38023, 0.30532, 0.07694, 0.94262, -0.11100
3755593,1578642391295137,1,1,1,1,0,1,1,1,1,0,-0.40939331,0.00874329,0.91230774,-0.32989502,-0.00012207,0.94400024,30.05712891,-0.42730713,-27.58261108,-29.05047607,1.83950806,-26.79881287,0,0.0,3.66583252,3.66583252,1.0,1.0,1578642391302879,252304451650, HMD, -0.14361, 1.19404, 0.38023, 0.30532, 0.07694, 0.94262, -0.11100
3755593,1578642391299148,1,1,1,1,0,1,1,1,1,0,-0.40939331,0.00874329,0.91230774,-0.32989502,-0.00012207,0.94400024,30.05712891,-0.42730713,-27.58261108,-29.05047607,1.83950806,-26.79881287,0,0.0,3.66583252,3.66583252,1.0,1.0,1578642391302879,252304451650, HMD, -0.14361, 1.19404, 0.38023, 0.30532, 0.07694, 0.94262, -0.11100
3755601,1578642391304129,1,1,1,1,0,1,1,1,1,0,-0.40985107,0.01255798,0.9120636,-0.32591248,-0.0057373,0.94537354,30.07232666,-0.45063782,-27.48872375,-29.05117798,1.83995056,-26.79592896,0,0.0,3.72052002,3.72052002,1.0,1.0,1578642391304181,252304464659, HMD, -0.14357, 1.19403, 0.38022, 0.30549, 0.07696, 0.94258, -0.11093
3755601,1578642391308166,1,1,1,1,0,1,1,1,1,0,-0.40985107,0.01255798,0.9120636,-0.32591248,-0.0057373,0.94537354,30.07232666,-0.45063782,-27.48872375,-29.05117798,1.83995056,-26.79592896,0,0.0,3.72052002,3.72052002,1.0,1.0,1578642391305911,252304481952, HMD, -0.14362, 1.19401, 0.38023, 0.30567, 0.07705, 0.94252, -0.11082
3755609,1578642391312133,1,1,1,1,0,1,1,1,1,0,-0.40435791,0.01318359,0.91448975,-0.32569885,-0.00076294,0.94546509,30.07409668,-0.42974854,-27.55233765,-29.05128479,1.84037781,-26.79881287,0,0.0,3.69467163,3.69467163,1.0,1.0,1578642391315306,252304575908, HMD, -0.14364, 1.19394, 0.38019, 0.30673, 0.07746, 0.94222, -0.11019
3755609,1578642391316131,1,1,1,1,0,1,1,1,1,0,-0.40435791,0.01318359,0.91448975,-0.32569885,-0.00076294,0.94546509,30.07409668,-0.42974854,-27.55233765,-29.05128479,1.84037781,-26.79881287,0,0.0,3.69467163,3.69467163,1.0,1.0,1578642391316203,252304584873, HMD, -0.14364, 1.19393, 0.38018, 0.30683, 0.07750, 0.94219, -0.11014
3755618,1578642391320184,1,1,1,1,0,1,1,1,1,0,-0.39904785,0.01072693,0.91685486,-0.32499695,-0.00086975,0.94570923,30.07588196,-0.40884399,-27.61595154,-29.05125427,1.83995056,-26.79592896,0,0.0,3.68460083,3.68460083,1.0,1.0,1578642391318476,252304607606, HMD, -0.14364, 1.19392, 0.38017, 0.30708, 0.07759, 0.94212, -0.10999
3755618,1578642391325140,1,1,1,1,0,1,1,1,1,0,-0.39904785,0.01072693,0.91685486,-0.32499695,-0.00086975,0.94570923,30.07588196,-0.40884399,-27.61595154,-29.05125427,1.83995056,-26.79592896,0,0.0,3.68460083,3.68460083,1.0,1.0,1578642391328091,252304703763, HMD, -0.14366, 1.19385, 0.38012, 0.30815, 0.07800, 0.94180, -0.10943
3755626,1578642391329122,1,1,1,1,0,1,1,1,1,0,-0.39355469,0.01119995,0.91921997,-0.32556152,-0.00111389,0.94551086,30.07409668,-0.38218689,-27.7021637,-29.05123901,1.83950806,-26.79302979,0,0.0,3.67114258,3.67114258,1.0,1.0,1578642391329160,252304714444, HMD, -0.14365, 1.19384, 0.38011, 0.30827, 0.07805, 0.94176, -0.10936
3755626,1578642391334157,1,1,1,1,0,1,1,1,1,0,-0.39355469,0.01119995,0.91921997,-0.32556152,-0.00111389,0.94551086,30.07409668,-0.38218689,-27.7021637,-29.05123901,1.83950806,-26.79302979,0,0.0,3.67114258,3.67114258,1.0,1.0,1578642391331766,252304740510, HMD, -0.14365, 1.19382, 0.38010, 0.30856, 0.07816, 0.94168, -0.10921
3755634,1578642391338147,1,1,1,1,0,1,1,1,1,0,-0.38803101,0.00843811,0.92160034,-0.32577515,-0.00102234,0.94543457,30.07232666,-0.35551453,-27.78837585,-29.05125427,1.82839966,-26.74755859,0,0.0,3.65594482,3.65594482,1.0,1.0,1578642391331766,252304740510, HMD, -0.14365, 1.19382, 0.38010, 0.30856, 0.07816, 0.94168, -0.10921
3755651,1578642391354119,1,1,1,1,0,1,1,1,1,0,-0.38084412,0.01000977,0.92457581,-0.32496643,-0.00137329,0.94570923,30.06652832,-0.2674408,-28.07931519,-29.05157471,1.82946777,-26.74755859,0,0.0,3.66220093,3.66220093,1.0,1.0,1578642391351642,252304939259, HMD, -0.14359, 1.19368, 0.37998, 0.31075, 0.07890, 0.94101, -0.10823
3755651,1578642391358124,1,1,1,1,0,1,1,1,1,0,-0.38084412,0.01000977,0.92457581,-0.32496643,-0.00137329,0.94570923,30.06652832,-0.2674408,-28.07931519,-29.05157471,1.82946777,-26.74755859,0,0.0,3.66220093,3.66220093,1.0,1.0,1578642391351642,252304939259, HMD, -0.14359, 1.19368, 0.37998, 0.31075, 0.07890, 0.94101, -0.10823
3755659,1578642391361890,1,1,1,1,0,1,1,1,1,0,-0.37748718,0.0090332,0.92596436,-0.32414246,-0.00120544,0.94599915,30.06274414,-0.23060608,-28.18806458,-29.05186462,1.83950806,-26.79302979,0,0.0,3.66937256,3.66937256,1.0,1.0,1578642391364723,252305070085, HMD, -0.14354, 1.19361, 0.37992, 0.31221, 0.07936, 0.94055, -0.10767
3755659,1578642391365414,1,1,1,1,0,1,1,1,1,0,-0.37748718,0.0090332,0.92596436,-0.32414246,-0.00120544,0.94599915,30.06274414,-0.23060608,-28.18806458,-29.05186462,1.83950806,-26.79302979,0,0.0,3.66937256,3.66937256,1.0,1.0,1578642391365379,252305076639, HMD, -0.14355, 1.19361, 0.37992, 0.31228, 0.07938, 0.94053, -0.10765
3755668,1578642391369550,1,1,1,1,0,1,1,1,1,0,-0.37411499,0.00808716,0.92733765,-0.32380676,-0.0020752,0.94610596,30.05895996,-0.19378662,-28.29682922,-29.05615234,1.83995056,-26.78530884,0,0.0,3.67642212,3.67642212,1.0,1.0,1578642391368235,252305105198, HMD, -0.14353, 1.19360, 0.37990, 0.31260, 0.07948, 0.94043, -0.10754
3755668,1578642391373570,1,1,1,1,0,1,1,1,1,0,-0.37411499,0.00808716,0.92733765,-0.32380676,-0.0020752,0.94610596,30.05895996,-0.19378662,-28.29682922,-29.05615234,1.83995056,-26.78530884,0,0.0,3.67642212,3.67642212,1.0,1.0,1578642391368235,252305105198, HMD, -0.14353, 1.19360, 0.37990, 0.31260, 0.07948, 0.94043, -0.10754
3755676,1578642391377586,1,1,1,1,0,1,1,1,1,0,-0.37167358,0.00613403,0.92832947,-0.32218933,-0.00292969,0.94665527,30.05421448,-0.1648407,-28.38191223,-29.0604248,1.83950806,-26.77757263,0,0.0,3.67263794,3.67263794,1.0,1.0,1578642391382181,252305244663, HMD, -0.14343, 1.19356, 0.37979, 0.31414, 0.07995, 0.93994, -0.10699
3755676,1578642391383577,1,1,1,1,0,1,1,1,1,0,-0.37167358,0.00613403,0.92832947,-0.32218933,-0.00292969,0.94665527,30.05421448,-0.1648407,-28.38191223,-29.0604248,1.83950806,-26.77757263,0,0.0,3.67263794,3.67263794,1.0,1.0,1578642391383513,252305257976, HMD, -0.14342, 1.19355, 0.37978, 0.31428, 0.07999, 0.93989, -0.10694
3755684,1578642391387807,1,1,1,1,0,1,1,1,1,0,-0.36923218,0.00462341,0.92932129,-0.32110596,-0.00431824,0.94702148,30.04945374,-0.13589478,-28.4670105,-29.06466675,1.82946777,-26.73982239,0,0.0,3.66912842,3.66912842,1.0,1.0,1578642391385335,252305276196, HMD, -0.14344, 1.19353, 0.37978, 0.31448, 0.08004, 0.93983, -0.10687
3755684,1578642391391813,1,1,1,1,0,1,1,1,1,0,-0.36923218,0.00462341,0.92932129,-0.32110596,-0.00431824,0.94702148,30.04945374,-0.13589478,-28.4670105,-29.06466675,1.82946777,-26.73982239,0,0.0,3.66912842,3.66912842,1.0,1.0,1578642391385335,252305276196, HMD, -0.14344, 1.19353, 0.37978, 0.31448, 0.08004, 0.93983, -0.10687
3755701,1578642391406809,1,1,1,1,0,1,1,1,1,0,-0.36450195,0.00279236,0.93118286,-0.32052612,-0.00579834,0.94720459,30.03871155,-0.06544495,-28.69512939,-29.06288147,1.81834412,-26.69929504,0,0.0,3.65950012,3.65950012,1.0,1.0,1578642391407064,252305493495, HMD, -0.14319, 1.19344, 0.37960, 0.31673, 0.08067, 0.93911, -0.10601
3755709,1578642391410806,1,1,1,1,0,1,1,1,1,0,-0.35929871,0.00202942,0.93321228,-0.32019043,-0.00527954,0.94732666,30.03855896,-0.0275116,-28.82225037,-29.0604248,1.817276,-26.6965332,0,0.0,3.66020203,3.66020203,1.0,1.0,1578642391410755,252305530399, HMD, -0.14315, 1.19343, 0.37957, 0.31709, 0.08077, 0.93900, -0.10587
3755709,1578642391414931,1,1,1,1,0,1,1,1,1,0,-0.35929871,0.00202942,0.93321228,-0.32019043,-0.00527954,0.94732666,30.03855896,-0.0275116,-28.82225037,-29.0604248,1.817276,-26.6965332,0,0.0,3.66020203,3.66020203,1.0,1.0,1578642391412148,252305544323, HMD, -0.14313, 1.19343, 0.37955, 0.31723, 0.08080, 0.93896, -0.10582
3755718,1578642391418902,1,1,1,1,0,1,1,1,1,0,-0.35417175,0.00128174,0.93516541,-0.31703186,-0.00563049,0.94837952,30.03871155,0.01039124,-28.94937134,-29.06140137,1.8162384,-26.69148254,0,0.0,3.66075134,3.66075134,1.0,1.0,1578642391421126,252305634121, HMD, -0.14302, 1.19341, 0.37946, 0.31805, 0.08104, 0.93869, -0.10551
3755718,1578642391422921,1,1,1,1,0,1,1,1,1,0,-0.35417175,0.00128174,0.93516541,-0.31703186,-0.00563049,0.94837952,30.03871155,0.01039124,-28.94937134,-29.06140137,1.8162384,-26.69148254,0,0.0,3.66075134,3.66075134,1.0,1.0,1578642391422876,252305651600, HMD, -0.14302, 1.19339, 0.37942, 0.31821, 0.08109, 0.93864, -0.10547
3755726,1578642391426912,1,1,1,1,0,1,1,1,1,0,-0.35221863,0.00140381,0.93591309,-0.30450439,-0.00198364,0.95249939,30.03871155,0.10440063,-29.2648468,-29.0717926,1.845047,-26.82150269,0,0.0,3.68162537,3.68162537,1.0,1.0,1578642391424533,252305668175, HMD, -0.14299, 1.19339, 0.37940, 0.31836, 0.08111, 0.93859, -0.10542
3755726,1578642391430917,1,1,1,1,0,1,1,1,1,0,-0.35221863,0.00140381,0.93591309,-0.30450439,-0.00198364,0.95249939,30.03871155,0.10440063,-29.2648468,-29.0717926,1.845047,-26.82150269,0,0.0,3.68162537,3.68162537,1.0,1.0,1578642391424533,252305668175, HMD, -0.14299, 1.19339, 0.37940, 0.31836, 0.08111, 0.93859, -0.10542
3755734,1578642391434915,1,1,1,1,0,1,1,1,1,0,-0.35221863,0.00140381,0.93591309,-0.30450439,-0.00198364,0.95249939,30.03871155,0.10440063,-29.2648468,-29.0717926,1.845047,-26.82150269,0,0.0,3.68162537,3.68162537,1.0,1.0,1578642391439423,252305817079, HMD, -0.14276, 1.19338, 0.37918, 0.31970, 0.08149, 0.93814, -0.10509
3755734,1578642391438923,1,1,1,1,0,1,1,1,1,0,-0.34484863,0.00224304,0.93864441,-0.29582214,-0.0039978,0.95523071,30.03871155,0.19459534,-29.57354736,-29.07099915,1.82783508,-26.81887817,0,0.0,3.67089844,3.67089844,1.0,1.0,1578642391439423,252305817079, HMD, -0.14276, 1.19338, 0.37918, 0.31970, 0.08149, 0.93814, -0.10509
3755734,1578642391442916,1,1,1,1,0,1,1,1,1,0,-0.34484863,0.00224304,0.93864441,-0.29582214,-0.0039978,0.95523071,30.03871155,0.19459534,-29.57354736,-29.07099915,1.82783508,-26.81887817,0,0.0,3.67089844,3.67089844,1.0,1.0,1578642391443011,252305852953, HMD, -0.14275, 1.19337, 0.37911, 0.32003, 0.08157, 0.93803, -0.10502
3755743,1578642391446911,1,1,1,1,0,1,1,1,1,0,-0.31088257,-0.01023865,0.95037842,-0.28460693,-0.01637268,0.95849609,30.07608032,0.29341125,-30.06648254,-29.06996155,1.96868896,-27.50196838,0,0.0,3.74128723,3.74128723,1.0,1.0,1578642391443249,252305855338, HMD, -0.14274, 1.19337, 0.37911, 0.32005, 0.08157, 0.93802, -0.10501
3755743,1578642391450907,1,1,1,1,0,1,1,1,1,0,-0.31088257,-0.01023865,0.95037842,-0.28460693,-0.01637268,0.95849609,30.07608032,0.29341125,-30.06648254,-29.06996155,1.96868896,-27.50196838,0,0.0,3.74128723,3.74128723,1.0,1.0,1578642391452037,252305943236, HMD, -0.14271, 1.19343, 0.37901, 0.32081, 0.08175, 0.93776, -0.10488
3755751,1578642391454919,1,1,1,1,0,1,1,1,1,0,-0.36569214,0.0198822,0.93051147,-0.28948975,-0.03198242,0.95663452,30.3591156,-0.94230652,-26.47406006,-28.84515381,1.52702332,-26.23156738,0,0.0,3.89657593,3.89657593,1.0,1.0,1578642391454971,252305972556, HMD, -0.14266, 1.19344, 0.37896, 0.32106, 0.08182, 0.93767, -0.10485
3755751,1578642391458921,1,1,1,1,0,1,1,1,1,0,-0.36569214,0.0198822,0.93051147,-0.28948975,-0.03198242,0.95663452,30.3591156,-0.94230652,-26.47406006,-28.84515381,1.52702332,-26.23156738,0,0.0,3.89657593,3.89657593,1.0,1.0,1578642391455943,252305982273, HMD, -0.14265, 1.19344, 0.37895, 0.32115, 0.08184, 0.93764, -0.10483
3755759,1578642391462914,1,1,1,1,0,1,1,1,1,0,-0.29165649,-0.0415802,0.95561218,-0.27929688,-0.05181885,0.95880127,30.30439758,-0.16731262,-29.06558228,-28.64422607,1.30038452,-25.88117981,0,0.0,3.74453735,3.74453735,1.0,1.0,1578642391469399,252306116837, HMD, -0.14252, 1.19349, 0.37881, 0.32226, 0.08216, 0.93724, -0.10474
3755768,1578642391469924,1,1,1,1,0,1,1,1,1,0,-0.25462341,-0.08016968,0.96369934,-0.26808167,-0.06918335,0.96089172,30.33500671,0.05369568,-30.01568604,-28.44970703,0.93540955,-25.08483887,0,0.0,3.70762634,3.70762634,1.0,1.0,1578642391469943,252306122273, HMD, -0.14251, 1.19349, 0.37880, 0.32231, 0.08217, 0.93723, -0.10474
3755768,1578642391473914,1,1,1,1,0,1,1,1,1,0,-0.25462341,-0.08016968,0.96369934,-0.26808167,-0.06918335,0.96089172,30.33500671,0.05369568,-30.01568604,-28.44970703,0.93540955,-25.08483887,0,0.0,3.70762634,3.70762634,1.0,1.0,1578642391472567,252306148515, HMD, -0.14247, 1.19350, 0.37876, 0.32252, 0.08224, 0.93715, -0.10474
3755776,1578642391477908,1,1,1,1,0,1,1,1,1,0,-0.25094604,-0.12509155,0.95986938,-0.24024963,-0.10375977,0.96514893,30.3795929,0.10218811,-30.45344543,-28.40553284,1.00057983,-25.65653992,0,0.0,3.74447632,3.74447632,1.0,1.0,1578642391482412,252306246966, HMD, -0.14230, 1.19354, 0.37860, 0.32330, 0.08249, 0.93685, -0.10478
3755776,1578642391481900,1,1,1,1,0,1,1,1,1,0,-0.25094604,-0.12509155,0.95986938,-0.24024963,-0.10375977,0.96514893,30.3795929,0.10218811,-30.45344543,-28.40553284,1.00057983,-25.65653992,0,0.0,3.74447632,3.74447632,1.0,1.0,1578642391482412,252306246966, HMD, -0.14230, 1.19354, 0.37860, 0.32330, 0.08249, 0.93685, -0.10478
3755784,1578642391485927,1,1,1,1,0,1,1,1,1,0,-0.22702026,-0.14274597,0.96336365,-0.22462463,-0.12431335,0.96647644,30.39970398,0.10877991,-30.57516479,-28.36410522,1.05632019,-26.04933167,0,0.0,3.71629333,3.71629333,1.0,1.0,1578642391485688,252306279723, HMD, -0.14231, 1.19357, 0.37860, 0.32357, 0.08256, 0.93675, -0.10478
3755784,1578642391490897,1,1,1,1,0,1,1,1,1,0,-0.22702026,-0.14274597,0.96336365,-0.22462463,-0.12431335,0.96647644,30.39970398,0.10877991,-30.57516479,-28.36410522,1.05632019,-26.04933167,0,0.0,3.71629333,3.71629333,1.0,1.0,1578642391494745,252306370305, HMD, -0.14216, 1.19362, 0.37845, 0.32427, 0.08278, 0.93648, -0.10487
3755793,1578642391494918,1,1,1,1,0,1,1,1,1,0,-0.222229,-0.13725281,0.965271,-0.21435547,-0.12704468,0.96844482,30.43095398,0.01293945,-30.27592468,-28.36769104,1.05722046,-26.08694458,0,0.0,3.71391296,3.71391296,1.0,1.0,1578642391494907,252306371919, HMD, -0.14216, 1.19362, 0.37845, 0.32428, 0.08279, 0.93648, -0.10487
3755793,1578642391498913,1,1,1,1,0,1,1,1,1,0,-0.222229,-0.13725281,0.965271,-0.21435547,-0.12704468,0.96844482,30.43095398,0.01293945,-30.27592468,-28.36769104,1.05722046,-26.08694458,0,0.0,3.71391296,3.71391296,1.0,1.0,1578642391498551,252306408352, HMD, -0.14210, 1.19364, 0.37839, 0.32458, 0.08289, 0.93636, -0.10491
3755826,1578642391531534,1,1,1,1,0,1,1,1,1,0,-0.21466064,-0.14100647,0.96644592,-0.21224976,-0.13026428,0.9684906,30.52281189,0.08944702,-30.57043457,-28.41925049,1.12651062,-26.35490417,0,0.0,3.59466553,3.59466553,1.0,1.0,1578642391532602,252306748873, HMD, -0.14155, 1.19379, 0.37782, 0.32734, 0.08371, 0.93528, -0.10535
3755834,1578642391534962,1,1,1,1,0,1,1,1,1,0,-0.21505737,-0.14294434,0.96607971,-0.21141052,-0.13026428,0.96867371,30.53497314,0.07450867,-30.53125,-28.41967773,1.11656189,-26.33454895,0,0.0,3.60206604,3.60206604,1.0,1.0,1578642391535003,252306772876, HMD, -0.14151, 1.19381, 0.37778, 0.32754, 0.08377, 0.93520, -0.10538
3755834,1578642391538076,1,1,1,1,0,1,1,1,1,0,-0.21505737,-0.14294434,0.96607971,-0.21141052,-0.13026428,0.96867371,30.53497314,0.07450867,-30.53125,-28.41967773,1.11656189,-26.33454895,0,0.0,3.60206604,3.60206604,1.0,1.0,1578642391535857,252306781411, HMD, -0.14149, 1.19382, 0.37776, 0.32761, 0.08379, 0.93517, -0.10539
3755834,1578642391541395,1,1,1,1,0,1,1,1,1,0,-0.21505737,-0.14294434,0.96607971,-0.21141052,-0.13026428,0.96867371,30.53497314,0.07450867,-30.53125,-28.41967773,1.11656189,-26.33454895,0,0.0,3.60206604,3.60206604,1.0,1.0,1578642391535857,252306781411, HMD, -0.14149, 1.19382, 0.37776, 0.32761, 0.08379, 0.93517, -0.10539
3755843,1578642391545505,1,1,1,1,0,1,1,1,1,0,-0.21568298,-0.13287354,0.96737671,-0.21203613,-0.12921143,0.96867371,30.5692749,-0.01408386,-30.2816925,-28.42008972,1.1065979,-26.32244873,0,0.0,3.66397095,3.66397095,1.0,1.0,1578642391547919,252306902066, HMD, -0.14134, 1.19388, 0.37756, 0.32862, 0.08411, 0.93477, -0.10554
3755843,1578642391549561,1,1,1,1,0,1,1,1,1,0,-0.21568298,-0.13287354,0.96737671,-0.21203613,-0.12921143,0.96867371,30.5692749,-0.01408386,-30.2816925,-28.42008972,1.1065979,-26.32244873,0,0.0,3.66397095,3.66397095,1.0,1.0,1578642391549567,252306918515, HMD, -0.14131, 1.19390, 0.37753, 0.32875, 0.08415, 0.93472, -0.10556
3755868,1578642391568037,1,1,1,1,0,1,1,1,1,0,-0.21557617,-0.13796997,0.9666748,-0.20800781,-0.12971497,0.96948242,30.63494873,-0.13768005,-29.97640991,-28.42294312,1.11032104,-26.3452301,0,0.0,3.68112183,3.68112183,1.0,1.0,1578642391572349,252307146343, HMD, -0.14097, 1.19404, 0.37708, 0.33055, 0.08486, 0.93399, -0.10585
3755868,1578642391572494,1,1,1,1,0,1,1,1,1,0,-0.21557617,-0.13796997,0.9666748,-0.20800781,-0.12971497,0.96948242,30.63494873,-0.13768005,-29.97640991,-28.42294312,1.11032104,-26.3452301,0,0.0,3.68112183,3.68112183,1.0,1.0,1578642391572577,252307148611, HMD, -0.14097, 1.19404, 0.37707, 0.33057, 0.08486, 0.93398, -0.10585
3755876,1578642391577685,1,1,1,1,0,1,1,1,1,0,-0.21296692,-0.14077759,0.96685791,-0.20637512,-0.12919617,0.96989441,30.65884399,-0.13339233,-30.00009155,-28.42185974,1.11068726,-26.35490417,0,0.0,3.66160583,3.66160583,1.0,1.0,1578642391576446,252307187303, HMD, -0.14090, 1.19407, 0.37699, 0.33087, 0.08500, 0.93386, -0.10589
3755876,1578642391581696,1,1,1,1,0,1,1,1,1,0,-0.21296692,-0.14077759,0.96685791,-0.20637512,-0.12919617,0.96989441,30.65884399,-0.13339233,-30.00009155,-28.42185974,1.11068726,-26.35490417,0,0.0,3.66160583,3.66160583,1.0,1.0,1578642391576446,252307187303, HMD, -0.14090, 1.19407, 0.37699, 0.33087, 0.08500, 0.93386, -0.10589
3755884,1578642391585725,1,1,1,1,0,1,1,1,1,0,-0.21302795,-0.1401825,0.96691895,-0.2064209,-0.1315155,0.96957397,30.67152405,-0.07174683,-30.2033844,-28.42140198,1.1108551,-26.35525513,0,0.0,3.64276123,3.64276123,1.0,1.0,1578642391576446,252307187303, HMD, -0.14090, 1.19407, 0.37699, 0.33087, 0.08500, 0.93386, -0.10589
3755884,1578642391589687,1,1,1,1,0,1,1,1,1,0,-0.21302795,-0.1401825,0.96691895,-0.2064209,-0.1315155,0.96957397,30.67152405,-0.07174683,-30.2033844,-28.42140198,1.1108551,-26.35525513,0,0.0,3.64276123,3.64276123,1.0,1.0,1578642391576446,252307187303, HMD, -0.14090, 1.19407, 0.37699, 0.33087, 0.08500, 0.93386, -0.10589
3755884,1578642391593697,1,1,1,1,0,1,1,1,1,0,-0.21408081,-0.13961792,0.96678162,-0.20629883,-0.13381958,0.96928406,30.68783569,-0.05728149,-30.24029541,-28.42163086,1.11068726,-26.35562134,0,0.0,3.60246277,3.60246277,1.0,1.0,1578642391576446,252307187303, HMD, -0.14090, 1.19407, 0.37699, 0.33087, 0.08500, 0.93386, -0.10589
3755909,1578642391616669,1,1,1,1,0,1,1,1,1,0,-0.21806335,-0.13916016,0.96595764,-0.20324707,-0.13323975,0.97001648,30.70065308,-0.07174683,-30.20475769,-28.42163086,1.10803223,-26.3719635,0,0.0,3.64614868,3.64614868,1.0,1.0,1578642391616694,252307589785, HMD, -0.14030, 1.19430, 0.37616, 0.33393, 0.08625, 0.93262, -0.10622
3755917,1578642391621253,1,1,1,1,0,1,1,1,1,0,-0.21936035,-0.13809204,0.96580505,-0.20303345,-0.13240051,0.97016907,30.70747375,-0.07962036,-30.19277954,-28.42175293,1.10733032,-26.37684631,0,0.0,3.62727356,3.62727356,1.0,1.0,1578642391618767,252307610516, HMD, -0.14026, 1.19431, 0.37611, 0.33409, 0.08631, 0.93255, -0.10624
3755917,1578642391626251,1,1,1,1,0,1,1,1,1,0,-0.21936035,-0.13809204,0.96580505,-0.20303345,-0.13240051,0.97016907,30.70747375,-0.07962036,-30.19277954,-28.42175293,1.10733032,-26.37684631,0,0.0,3.62727356,3.62727356,1.0,1.0,1578642391628114,252307703993, HMD, -0.14016, 1.19434, 0.37589, 0.33479, 0.08654, 0.93227, -0.10633
3755926,1578642391629300,1,1,1,1,0,1,1,1,1,0,-0.22097778,-0.13705444,0.96559143,-0.20283508,-0.1322937,0.9702301,30.71429443,-0.08747864,-30.18080139,-28.42185974,1.10661316,-26.38172913,0,0.0,3.63867188,3.63867188,1.0,1.0,1578642391629350,252307716345, HMD, -0.14013, 1.19435, 0.37586, 0.33488, 0.08658, 0.93223, -0.10635
3755926,1578642391633494,1,1,1,1,0,1,1,1,1,0,-0.22097778,-0.13705444,0.96559143,-0.20283508,-0.1322937,0.9702301,30.71429443,-0.08747864,-30.18080139,-28.42185974,1.10661316,-26.38172913,0,0.0,3.63867188,3.63867188,1.0,1.0,1578642391631789,252307740737, HMD, -0.14009, 1.19436, 0.37580, 0.33507, 0.08664, 0.93215, -0.10637
3755934,1578642391637501,1,1,1,1,0,1,1,1,1,0,-0.21421814,-0.13674927,0.96716309,-0.20175171,-0.13259888,0.97041321,30.71980286,-0.09527588,-30.16448975,-28.42253113,1.1065979,-26.39169312,0,0.0,3.62240601,3.62240601,1.0,1.0,1578642391640106,252307823909, HMD, -0.13996, 1.19439, 0.37559, 0.33571, 0.08684, 0.93190, -0.10645
3755934,1578642391641484,1,1,1,1,0,1,1,1,1,0,-0.21421814,-0.13674927,0.96716309,-0.20175171,-0.13259888,0.97041321,30.71980286,-0.09527588,-30.16448975,-28.42253113,1.1065979,-26.39169312,0,0.0,3.62240601,3.62240601,1.0,1.0,1578642391641383,252307836676, HMD, -0.13994, 1.19440, 0.37555, 0.33581, 0.08686, 0.93185, -0.10646
3755942,1578642391645482,1,1,1,1,0,1,1,1,1,0,-0.20759583,-0.13653564,0.96862793,-0.20103455,-0.13308716,0.9704895,30.72531128,-0.10307312,-30.14816284,-28.42253113,1.10568237,-26.3921814,0,0.0,3.61817932,3.61817932,1.0,1.0,1578642391644415,252307866992, HMD, -0.13993, 1.19439, 0.37547, 0.33604, 0.08692, 0.93176, -0.10649
3755942,1578642391649474,1,1,1,1,0,1,1,1,1,0,-0.20759583,-0.13653564,0.96862793,-0.20103455,-0.13308716,0.9704895,30.72531128,-0.10307312,-30.14816284,-28.42253113,1.10568237,-26.3921814,0,0.0,3.61817932,3.61817932,1.0,1.0,1578642391652978,252307952630, HMD, -0.13983, 1.19444, 0.37527, 0.33670, 0.08708, 0.93150, -0.10660
3755951,1578642391653515,1,1,1,1,0,1,1,1,1,0,-0.2086792,-0.13633728,0.96842957,-0.20098877,-0.13175964,0.97068787,30.7306366,-0.11120605,-30.13244629,-28.42254639,1.10543823,-26.42103577,0,0.0,3.61357117,3.61357117,1.0,1.0,1578642391653595,252307958796, HMD, -0.13983, 1.19445, 0.37525, 0.33674, 0.08710, 0.93148, -0.10661
3755951,1578642391657473,1,1,1,1,0,1,1,1,1,0,-0.2086792,-0.13633728,0.96842957,-0.20098877,-0.13175964,0.97068787,30.7306366,-0.11120605,-30.13244629,-28.42254639,1.10543823,-26.42103577,0,0.0,3.61357117,3.61357117,1.0,1.0,1578642391656332,252307986168, HMD, -0.13979, 1.19446, 0.37518, 0.33696, 0.08715, 0.93139, -0.10664
3755959,1578642391661534,1,1,1,1,0,1,1,1,1,0,-0.20973206,-0.13525391,0.96835327,-0.19944763,-0.13246155,0.97090149,30.73596191,-0.11933899,-30.11672974,-28.42253113,1.10543823,-26.42250061,0,0.0,3.60864258,3.60864258,1.0,1.0,1578642391656332,252307986168, HMD, -0.13979, 1.19446, 0.37518, 0.33696, 0.08715, 0.93139, -0.10664
3755959,1578642391665481,1,1,1,1,0,1,1,1,1,0,-0.20973206,-0.13525391,0.96835327,-0.19944763,-0.13246155,0.97090149,30.73596191,-0.11933899,-30.11672974,-28.42253113,1.10543823,-26.42250061,0,0.0,3.60864258,3.60864258,1.0,1.0,1578642391666758,252308090429, HMD, -0.13969, 1.19449, 0.37492, 0.33778, 0.08732, 0.93106, -0.10681
3755967,1578642391669482,1,1,1,1,0,1,1,1,1,0,-0.21063232,-0.13487244,0.96820068,-0.19534302,-0.13908386,0.97080994,30.74693298,-0.15472412,-29.99909973,-28.42185974,1.10543823,-26.42250061,0,0.0,3.61148071,3.61148071,1.0,1.0,1578642391669441,252308117256, HMD, -0.13965, 1.19451, 0.37485, 0.33800, 0.08736, 0.93097, -0.10685
3755967,1578642391674493,1,1,1,1,0,1,1,1,1,0,-0.21063232,-0.13487244,0.96820068,-0.19534302,-0.13908386,0.97080994,30.74693298,-0.15472412,-29.99909973,-28.42185974,1.10543823,-26.42250061,0,0.0,3.61148071,3.61148071,1.0,1.0,1578642391669846,252308121307, HMD, -0.13965, 1.19451, 0.37483, 0.33803, 0.08737, 0.93096, -0.10686
3755976,1578642391678470,1,1,1,1,0,1,1,1,1,0,-0.21151733,-0.13444519,0.96807861,-0.1842041,-0.1401825,0.9728241,30.75790405,-0.19012451,-29.88146973,-28.41941833,1.02967834,-26.21948242,0,0.0,3.61386108,3.61386108,1.0,1.0,1578642391683613,252308258982, HMD, -0.13946, 1.19461, 0.37444, 0.33921, 0.08757, 0.93048, -0.10716
3755976,1578642391682472,1,1,1,1,0,1,1,1,1,0,-0.21151733,-0.13444519,0.96807861,-0.1842041,-0.1401825,0.9728241,30.75790405,-0.19012451,-29.88146973,-28.41941833,1.02967834,-26.21948242,0,0.0,3.61386108,3.61386108,1.0,1.0,1578642391683613,252308258982, HMD, -0.13946, 1.19461, 0.37444, 0.33921, 0.08757, 0.93048, -0.10716
3755984,1578642391686517,1,1,1,1,0,1,1,1,1,0,-0.20396423,-0.11607361,0.97206116,-0.20056152,-0.12416077,0.97177124,30.67802429,-0.14472961,-29.67958069,-28.49069214,1.12173462,-26.28086853,0,0.0,3.51815796,3.51815796,1.0,1.0,1578642391686542,252308288266, HMD, -0.13947, 1.19465, 0.37437, 0.33944, 0.08763, 0.93038, -0.10722
3755984,1578642391690475,1,1,1,1,0,1,1,1,1,0,-0.20396423,-0.11607361,0.97206116,-0.20056152,-0.12416077,0.97177124,30.67802429,-0.14472961,-29.67958069,-28.49069214,1.12173462,-26.28086853,0,0.0,3.51815796,3.51815796,1.0,1.0,1578642391687311,252308295951, HMD, -0.13946, 1.19466, 0.37435, 0.33951, 0.08764, 0.93035, -0.10724
3755992,1578642391694475,1,1,1,1,0,1,1,1,1,0,-0.2361145,-0.07859802,0.96853638,-0.26580811,-0.08123779,0.96058655,30.46495056,-0.00860596,-29.66731262,-28.46304321,0.97250366,-24.91389465,0,0.0,3.64247131,3.64247131,1.0,1.0,1578642391695791,252308380760, HMD, -0.13936, 1.19472, 0.37409, 0.34027, 0.08778, 0.93003, -0.10748
3755992,1578642391698480,1,1,1,1,0,1,1,1,1,0,-0.2361145,-0.07859802,0.96853638,-0.26580811,-0.08123779,0.96058655,30.46495056,-0.00860596,-29.66731262,-28.46304321,0.97250366,-24.91389465,0,0.0,3.64247131,3.64247131,1.0,1.0,1578642391698547,252308408317, HMD, -0.13933, 1.19475, 0.37401, 0.34052, 0.08783, 0.92992, -0.10756
3756001,1578642391703483,1,1,1,1,0,1,1,1,1,0,-0.26622009,0.0068512,0.96388245,-0.29135132,-0.01759338,0.95643616,30.28311157,-0.12294006,-28.75610352,-28.51272583,1.02064514,-24.25285339,0,0.0,3.62432861,3.62432861,1.0,1.0,1578642391699484,252308417684, HMD, -0.13932, 1.19475, 0.37398, 0.34061, 0.08784, 0.92989, -0.10759
3756001,1578642391707476,1,1,1,1,0,1,1,1,1,0,-0.26622009,0.0068512,0.96388245,-0.29135132,-0.01759338,0.95643616,30.28311157,-0.12294006,-28.75610352,-28.51272583,1.02064514,-24.25285339,0,0.0,3.62432861,3.62432861,1.0,1.0,1578642391699484,252308417684, HMD, -0.13932, 1.19475, 0.37398, 0.34061, 0.08784, 0.92989, -0.10759
3756017,1578642391722616,1,1,1,1,0,1,1,1,1,0,-0.27671814,0.09359741,0.95637512,-0.24461365,0.03431702,0.9690094,30.00068665,0.5874176,-29.69421387,-28.99981689,2.81985474,-29.31604004,0,0.0,3.48320007,3.48320007,1.0,1.0,1578642391723793,252308660785, HMD, -0.13909, 1.19497, 0.37323, 0.34292, 0.08823, 0.92891, -0.10838
3756017,1578642391727297,1,1,1,1,0,1,1,1,1,0,-0.33105469,0.11906433,0.93606567,-0.27183533,0.0592804,0.96051025,30.08853149,0.18438721,-27.87759399,-28.9790802,2.72914124,-28.49577332,0,0.0,3.57699585,3.57699585,1.0,1.0,1578642391726997,252308692816, HMD, -0.13905, 1.19499, 0.37313, 0.34324, 0.08828, 0.92877, -0.10850
3756026,1578642391730389,1,1,1,1,0,1,1,1,1,0,-0.33105469,0.11906433,0.93606567,-0.27183533,0.0592804,0.96051025,30.08853149,0.18438721,-27.87759399,-28.9790802,2.72914124,-28.49577332,0,0.0,3.57699585,3.57699585,1.0,1.0,1578642391726997,252308692816, HMD, -0.13905, 1.19499, 0.37313, 0.34324, 0.08828, 0.92877, -0.10850
3756034,1578642391734010,1,1,1,1,0,1,1,1,1,0,-0.35687256,0.13949585,0.92366028,-0.26954651,0.08634949,0.95909119,30.14431763,-0.03347778,-26.95004272,-29.00920105,2.8706665,-28.74024963,0,0.0,3.64331055,3.64331055,1.0,1.0,1578642391738338,252308806231, HMD, -0.13895, 1.19509, 0.37276, 0.34438, 0.08851, 0.92829, -0.10886
3756034,1578642391738005,1,1,1,1,0,1,1,1,1,0,-0.35687256,0.13949585,0.92366028,-0.26954651,0.08634949,0.95909119,30.14431763,-0.03347778,-26.95004272,-29.00920105,2.8706665,-28.74024963,0,0.0,3.64331055,3.64331055,1.0,1.0,1578642391738338,252308806231, HMD, -0.13895, 1.19509, 0.37276, 0.34438, 0.08851, 0.92829, -0.10886
3756034,1578642391741653,1,1,1,1,0,1,1,1,1,0,-0.35687256,0.13949585,0.92366028,-0.26954651,0.08634949,0.95909119,30.14431763,-0.03347778,-26.95004272,-29.00920105,2.8706665,-28.74024963,0,0.0,3.64331055,3.64331055,1.0,1.0,1578642391741381,252308836649, HMD, -0.13891, 1.19513, 0.37266, 0.34468, 0.08858, 0.92816, -0.10895
3756042,1578642391745221,1,1,1,1,0,1,1,1,1,0,-0.31681824,0.12542725,0.94013977,-0.26379395,0.08415222,0.96089172,30.05062866,0.71247864,-29.43980408,-28.98399353,2.73178101,-28.15301514,0,0.0,3.53430176,3.53430176,1.0,1.0,1578642391741381,252308836649, HMD, -0.13891, 1.19513, 0.37266, 0.34468, 0.08858, 0.92816, -0.10895
3756042,1578642391748453,1,1,1,1,0,1,1,1,1,0,-0.31681824,0.12542725,0.94013977,-0.26379395,0.08415222,0.96089172,30.05062866,0.71247864,-29.43980408,-28.98399353,2.73178101,-28.15301514,0,0.0,3.53430176,3.53430176,1.0,1.0,1578642391741381,252308836649, HMD, -0.13891, 1.19513, 0.37266, 0.34468, 0.08858, 0.92816, -0.10895
3756051,1578642391751705,1,1,1,1,0,1,1,1,1,0,-0.31723022,0.11837769,0.94091797,-0.26655579,0.08024597,0.96046448,30.11439514,0.76341248,-29.65194702,-28.9690094,2.59979248,-27.72631836,0,0.0,3.53263855,3.53263855,1.0,1.0,1578642391761111,252309033963, HMD, -0.13885, 1.19532, 0.37207, 0.34672, 0.08905, 0.92728, -0.10953
3756051,1578642391755977,1,1,1,1,0,1,1,1,1,0,-0.31723022,0.11837769,0.94091797,-0.26655579,0.08024597,0.96046448,30.11439514,0.76341248,-29.65194702,-28.9690094,2.59979248,-27.72631836,0,0.0,3.53263855,3.53263855,1.0,1.0,1578642391761111,252309033963, HMD, -0.13885, 1.19532, 0.37207, 0.34672, 0.08905, 0.92728, -0.10953
3756051,1578642391759546,1,1,1,1,0,1,1,1,1,0,-0.34928894,0.13298035,0.92752075,-0.26686096,0.08508301,0.95996094,30.25292969,-0.01457214,-27.07218933,-28.96929932,2.58370972,-27.68733215,0,0.0,3.6104126,3.6104126,1.0,1.0,1578642391761111,252309033963, HMD, -0.13885, 1.19532, 0.37207, 0.34672, 0.08905, 0.92728, -0.10953
3756059,1578642391763092,1,1,1,1,0,1,1,1,1,0,-0.34928894,0.13298035,0.92752075,-0.26686096,0.08508301,0.95996094,30.25292969,-0.01457214,-27.07218933,-28.96929932,2.58370972,-27.68733215,0,0.0,3.6104126,3.6104126,1.0,1.0,1578642391763091,252309053757, HMD, -0.13882, 1.19535, 0.37201, 0.34693, 0.08911, 0.92719, -0.10960
3756059,1578642391767101,1,1,1,1,0,1,1,1,1,0,-0.34928894,0.13298035,0.92752075,-0.26686096,0.08508301,0.95996094,30.25292969,-0.01457214,-27.07218933,-28.96929932,2.58370972,-27.68733215,0,0.0,3.6104126,3.6104126,1.0,1.0,1578642391764604,252309068885, HMD, -0.13883, 1.19532, 0.37200, 0.34710, 0.08914, 0.92712, -0.10964
3756067,1578642391771873,1,1,1,1,0,1,1,1,1,0,-0.33534241,0.11282349,0.93530273,-0.26731873,0.08442688,0.9598999,30.24253845,0.14213562,-27.57044983,-28.96925354,2.56762695,-27.64834595,0,0.0,3.53140259,3.53140259,1.0,1.0,1578642391778323,252309206131, HMD, -0.13882, 1.19549, 0.37157, 0.34854, 0.08952, 0.92650, -0.11006
3756067,1578642391775383,1,1,1,1,0,1,1,1,1,0,-0.33534241,0.11282349,0.93530273,-0.26731873,0.08442688,0.9598999,30.24253845,0.14213562,-27.57044983,-28.96925354,2.56762695,-27.64834595,0,0.0,3.53140259,3.53140259,1.0,1.0,1578642391778323,252309206131, HMD, -0.13882, 1.19549, 0.37157, 0.34854, 0.08952, 0.92650, -0.11006
3756076,1578642391779580,1,1,1,1,0,1,1,1,1,0,-0.31019592,0.10882568,0.94441223,-0.26863098,0.08517456,0.9594574,30.1835022,0.7303772,-29.59332275,-28.96942139,2.55973816,-27.63830566,0,0.0,3.45582581,3.45582581,1.0,1.0,1578642391779625,252309219091, HMD, -0.13881, 1.19550, 0.37153, 0.34868, 0.08955, 0.92643, -0.11011
3756076,1578642391784541,1,1,1,1,0,1,1,1,1,0,-0.31019592,0.10882568,0.94441223,-0.26863098,0.08517456,0.9594574,30.1835022,0.7303772,-29.59332275,-28.96942139,2.55973816,-27.63830566,0,0.0,3.45582581,3.45582581,1.0,1.0,1578642391783095,252309253797, HMD, -0.13879, 1.19555, 0.37142, 0.34907, 0.08964, 0.92626, -0.11023
3756084,1578642391788541,1,1,1,1,0,1,1,1,1,0,-0.30755615,0.11096191,0.94502258,-0.26991272,0.08509827,0.95910645,30.20225525,0.73324585,-29.59091187,-28.96958923,2.56022644,-27.64834595,0,0.0,3.44380188,3.44380188,1.0,1.0,1578642391783095,252309253797, HMD, -0.13879, 1.19555, 0.37142, 0.34907, 0.08964, 0.92626, -0.11023
3756092,1578642391794831,1,1,1,1,0,1,1,1,1,0,-0.31130981,0.10617065,0.9443512,-0.26777649,0.08557129,0.95967102,30.22335815,0.78529358,-29.75027466,-28.97285461,2.56393433,-27.66401672,0,0.0,3.45246887,3.45246887,1.0,1.0,1578642391802070,252309443567, HMD, -0.13882, 1.19575, 0.37080, 0.35126, 0.09010, 0.92532, -0.11085
3756092,1578642391798878,1,1,1,1,0,1,1,1,1,0,-0.31130981,0.10617065,0.9443512,-0.26777649,0.08557129,0.95967102,30.22335815,0.78529358,-29.75027466,-28.97285461,2.56393433,-27.66401672,0,0.0,3.45246887,3.45246887,1.0,1.0,1578642391802070,252309443567, HMD, -0.13882, 1.19575, 0.37080, 0.35126, 0.09010, 0.92532, -0.11085
3756101,1578642391802858,1,1,1,1,0,1,1,1,1,0,-0.30630493,0.10466003,0.94615173,-0.26565552,0.08491516,0.96031189,30.2323761,0.79862976,-29.79051208,-28.97613525,2.56762695,-27.6796875,0,0.0,3.42472839,3.42472839,1.0,1.0,1578642391802896,252309451808, HMD, -0.13882, 1.19576, 0.37078, 0.35136, 0.09012, 0.92528, -0.11088
3756101,1578642391806849,1,1,1,1,0,1,1,1,1,0,-0.30630493,0.10466003,0.94615173,-0.26565552,0.08491516,0.96031189,30.2323761,0.79862976,-29.79051208,-28.97613525,2.56762695,-27.6796875,0,0.0,3.42472839,3.42472839,1.0,1.0,1578642391806393,252309486778, HMD, -0.13887, 1.19583, 0.37068, 0.35175, 0.09020, 0.92511, -0.11099
3756101,1578642391810867,1,1,1,1,0,1,1,1,1,0,-0.2953949,0.10108948,0.94999695,-0.26449585,0.08111572,0.96095276,30.2611084,0.78974915,-29.77377319,-28.97958374,2.58370972,-27.70300293,0,0.0,3.33605957,3.33605957,1.0,1.0,1578642391806393,252309486778, HMD, -0.13887, 1.19583, 0.37068, 0.35175, 0.09020, 0.92511, -0.11099
3756126,1578642391828446,1,1,1,1,0,1,1,1,1,0,-0.28904724,0.09559631,0.95251465,-0.2568512,0.08184814,0.96296692,30.27998352,0.75784302,-29.71911621,-29.00254822,2.64137268,-27.97782898,0,0.0,3.37594604,3.37594604,1.0,1.0,1578642391831202,252309734881, HMD, -0.13885, 1.19609, 0.36983, 0.35481, 0.09076, 0.92378, -0.11178
3756126,1578642391832433,1,1,1,1,0,1,1,1,1,0,-0.28904724,0.09559631,0.95251465,-0.2568512,0.08184814,0.96296692,30.27998352,0.75784302,-29.71911621,-29.00254822,2.64137268,-27.97782898,0,0.0,3.37594604,3.37594604,1.0,1.0,1578642391832429,252309747139, HMD, -0.13885, 1.19610, 0.36979, 0.35498, 0.09079, 0.92371, -0.11182
3756134,1578642391835520,1,1,1,1,0,1,1,1,1,0,-0.29255676,0.09771729,0.95123291,-0.24230957,0.07954407,0.96691895,30.28407288,0.76615906,-29.75590515,-29.02153015,2.69584656,-28.36230469,0,0.0,3.38876343,3.38876343,1.0,1.0,1578642391835442,252309777265, HMD, -0.13885, 1.19613, 0.36967, 0.35536, 0.09085, 0.92355, -0.11191
3756134,1578642391840684,1,1,1,1,0,1,1,1,1,0,-0.29255676,0.09771729,0.95123291,-0.24230957,0.07954407,0.96691895,30.28407288,0.76615906,-29.75590515,-29.02153015,2.69584656,-28.36230469,0,0.0,3.38876343,3.38876343,1.0,1.0,1578642391835698,252309779822, HMD, -0.13885, 1.19613, 0.36967, 0.35539, 0.09085, 0.92353, -0.11192
3756142,1578642391845158,1,1,1,1,0,1,1,1,1,0,-0.29066467,0.09909058,0.95167542,-0.24317932,0.08197021,0.96650696,30.28816223,0.77418518,-29.79269409,-29.02926636,2.7190094,-28.48931885,0,0.0,3.3768158,3.3768158,1.0,1.0,1578642391835698,252309779822, HMD, -0.13885, 1.19613, 0.36967, 0.35539, 0.09085, 0.92353, -0.11192
3756142,1578642391850682,1,1,1,1,0,1,1,1,1,0,-0.29066467,0.09909058,0.95167542,-0.24317932,0.08197021,0.96650696,30.28816223,0.77418518,-29.79269409,-29.02926636,2.7190094,-28.48931885,0,0.0,3.3768158,3.3768158,1.0,1.0,1578642391860210,252310024954, HMD, -0.13891, 1.19634, 0.36874, 0.35881, 0.09122, 0.92207, -0.11283
3756151,1578642391854713,1,1,1,1,0,1,1,1,1,0,-0.28889465,0.09849548,0.95227051,-0.2407074,0.08102417,0.9671936,30.2915802,0.77433777,-29.80290222,-29.03038025,2.71286011,-28.47644043,0,0.0,3.37542725,3.37542725,1.0,1.0,1578642391860210,252310024954, HMD, -0.13891, 1.19634, 0.36874, 0.35881, 0.09122, 0.92207, -0.11283
3756151,1578642391858690,1,1,1,1,0,1,1,1,1,0,-0.28889465,0.09849548,0.95227051,-0.2407074,0.08102417,0.9671936,30.2915802,0.77433777,-29.80290222,-29.03038025,2.71286011,-28.47644043,0,0.0,3.37542725,3.37542725,1.0,1.0,1578642391860210,252310024954, HMD, -0.13891, 1.19634, 0.36874, 0.35881, 0.09122, 0.92207, -0.11283
3756159,1578642391863687,1,1,1,1,0,1,1,1,1,0,-0.28715515,0.09863281,0.95278931,-0.241745,0.08099365,0.96694946,30.29501343,0.7744751,-29.81309509,-29.03147888,2.71186829,-28.48027039,0,0.0,3.37519836,3.37519836,1.0,1.0,1578642391863645,252310059294, HMD, -0.13892, 1.19638, 0.36860, 0.35934, 0.09125, 0.92184, -0.11299
3756159,1578642391870156,1,1,1,1,0,1,1,1,1,0,-0.28515625,0.09883118,0.95335388,-0.239151,0.07984924,0.96768188,30.29650879,0.78640747,-29.84896851,-29.03500366,2.71543884,-28.48478699,0,0.0,3.37348938,3.37348938,1.0,1.0,1578642391865029,252310073136, HMD, -0.13892, 1.19640, 0.36855, 0.35955, 0.09127, 0.92174, -0.11305
3756184,1578642391888661,1,1,1,1,0,1,1,1,1,0,-0.26953125,0.09237671,0.95854187,-0.23464966,0.07862854,0.96888733,30.33979797,0.77482605,-29.72631836,-29.04107666,2.72184753,-28.50413513,0,0.0,3.18487549,3.18487549,1.0,1.0,1578642391892915,252310352032, HMD, -0.13905, 1.19676, 0.36743, 0.36415, 0.09175, 0.91969, -0.11468
3756192,1578642391892658,1,1,1,1,0,1,1,1,1,0,-0.26167297,0.099823,0.9599762,-0.23396301,0.07870483,0.96903992,30.31829834,0.7472229,-29.74368286,-29.03852844,2.72468567,-28.51895142,0,0.0,3.22607422,3.22607422,1.0,1.0,1578642391892915,252310352032, HMD, -0.13905, 1.19676, 0.36743, 0.36415, 0.09175, 0.91969, -0.11468
3756192,1578642391898670,1,1,1,1,0,1,1,1,1,0,-0.26167297,0.099823,0.9599762,-0.23396301,0.07870483,0.96903992,30.31829834,0.7472229,-29.74368286,-29.03852844,2.72468567,-28.51895142,0,0.0,3.22607422,3.22607422,1.0,1.0,1578642391896354,252310386389, HMD, -0.13907, 1.19681, 0.36727, 0.36474, 0.09185, 0.91941, -0.11492
3756192,1578642391902648,1,1,1,1,0,1,1,1,1,0,-0.25302124,0.105896,0.9616394,-0.22531128,0.07223511,0.97160339,30.35569763,0.76905823,-29.85353088,-28.9954834,2.70568848,-28.44793701,0,0.0,3.2545929,3.2545929,1.0,1.0,1578642391896354,252310386389, HMD, -0.13907, 1.19681, 0.36727, 0.36474, 0.09185, 0.91941, -0.11492
3756201,1578642391906675,1,1,1,1,0,1,1,1,1,0,-0.25302124,0.105896,0.9616394,-0.22531128,0.07223511,0.97160339,30.35569763,0.76905823,-29.85353088,-28.9954834,2.70568848,-28.44793701,0,0.0,3.2545929,3.2545929,1.0,1.0,1578642391916944,252310592341, HMD, -0.13924, 1.19714, 0.36642, 0.36835, 0.09250, 0.91773, -0.11639
3756201,1578642391910646,1,1,1,1,0,1,1,1,1,0,-0.25302124,0.105896,0.9616394,-0.22531128,0.07223511,0.97160339,30.35569763,0.76905823,-29.85353088,-28.9954834,2.70568848,-28.44793701,0,0.0,3.2545929,3.2545929,1.0,1.0,1578642391916944,252310592341, HMD, -0.13924, 1.19714, 0.36642, 0.36835, 0.09250, 0.91773, -0.11639
3756209,1578642391914679,1,1,1,1,0,1,1,1,1,0,-0.24879456,0.10636902,0.96269226,-0.22460938,0.06999207,0.97192383,30.39341736,0.75770569,-29.84115601,-28.96385193,2.61708069,-28.14474487,0,0.0,3.10609436,3.10609436,1.0,1.0,1578642391916944,252310592341, HMD, -0.13924, 1.19714, 0.36642, 0.36835, 0.09250, 0.91773, -0.11639
3756217,1578642391919658,1,1,1,1,0,1,1,1,1,0,-0.24931335,0.10734558,0.96244812,-0.22845459,0.07159424,0.97090149,30.35110474,0.68600464,-29.55595398,-28.96513367,2.61459351,-28.1210022,0,0.0,3.33110046,3.33110046,1.0,1.0,1578642391919605,252310618894, HMD, -0.13926, 1.19718, 0.36631, 0.36883, 0.09259, 0.91750, -0.11658
3756217,1578642391923675,1,1,1,1,0,1,1,1,1,0,-0.24931335,0.10734558,0.96244812,-0.22845459,0.07159424,0.97090149,30.35110474,0.68600464,-29.55595398,-28.96513367,2.61459351,-28.1210022,0,0.0,3.33110046,3.33110046,1.0,1.0,1578642391920822,252310631063, HMD, -0.13927, 1.19720, 0.36625, 0.36905, 0.09263, 0.91739, -0.11667
3756226,1578642391929667,1,1,1,1,0,1,1,1,1,0,-0.28684998,0.10780334,0.95187378,-0.25559998,0.09429932,0.9621582,30.2743988,0.82429504,-29.74758911,-29.01812744,2.57795715,-27.77142334,0,0.0,3.32395935,3.32395935,1.0,1.0,1578642391920822,252310631063, HMD, -0.13927, 1.19720, 0.36625, 0.36905, 0.09263, 0.91739, -0.11667
3756226,1578642391933654,1,1,1,1,0,1,1,1,1,0,-0.28684998,0.10780334,0.95187378,-0.25559998,0.09429932,0.9621582,30.2743988,0.82429504,-29.74758911,-29.01812744,2.57795715,-27.77142334,0,0.0,3.32395935,3.32395935,1.0,1.0,1578642391920822,252310631063, HMD, -0.13927, 1.19720, 0.36625, 0.36905, 0.09263, 0.91739, -0.11667
3756234,1578642391937659,1,1,1,1,0,1,1,1,1,0,-0.31556702,0.13447571,0.9393158,-0.28495789,0.10636902,0.9526062,30.15588379,0.82931519,-29.56309509,-29.10440063,2.70043945,-27.88084412,0,0.0,3.46022034,3.46022034,1.0,1.0,1578642391951352,252310936495, HMD, -0.13959, 1.19765, 0.36498, 0.37441, 0.09372, 0.91484, -0.11878
3756242,1578642391943652,1,1,1,1,0,1,1,1,1,0,-0.29978943,0.14593506,0.94276428,-0.30987549,0.13119507,0.94166565,29.91690063,1.42146301,-31.16487122,-29.12112427,2.61238098,-27.25523376,0,0.0,3.31576538,3.31576538,1.0,1.0,1578642391951352,252310936495, HMD, -0.13959, 1.19765, 0.36498, 0.37441, 0.09372, 0.91484, -0.11878
3756242,1578642391947646,1,1,1,1,0,1,1,1,1,0,-0.29978943,0.14593506,0.94276428,-0.30987549,0.13119507,0.94166565,29.91690063,1.42146301,-31.16487122,-29.12112427,2.61238098,-27.25523376,0,0.0,3.31576538,3.31576538,1.0,1.0,1578642391951352,252310936495, HMD, -0.13959, 1.19765, 0.36498, 0.37441, 0.09372, 0.91484, -0.11878
3756251,1578642391952646,1,1,1,1,0,1,1,1,1,0,-0.30966187,0.15776062,0.93765259,-0.32713318,0.14956665,0.93305969,29.85812378,1.5017395,-31.33743286,-29.15719604,2.54112244,-26.83692932,0,0.0,3.32557678,3.32557678,1.0,1.0,1578642391952641,252310949255, HMD, -0.13960, 1.19767, 0.36493, 0.37464, 0.09377, 0.91473, -0.11886
3756251,1578642391956650,1,1,1,1,0,1,1,1,1,0,-0.30966187,0.15776062,0.93765259,-0.32713318,0.14956665,0.93305969,29.85812378,1.5017395,-31.33743286,-29.15719604,2.54112244,-26.83692932,0,0.0,3.32557678,3.32557678,1.0,1.0,1578642391956574,252310988584, HMD, -0.13963, 1.19772, 0.36476, 0.37533, 0.09390, 0.91440, -0.11912
3756251,1578642391960646,1,1,1,1,0,1,1,1,1,0,-0.31797791,0.15447998,0.9354248,-0.32806396,0.14356995,0.93367004,29.86413574,1.51934814,-31.38397217,-29.15270996,2.48277283,-26.61456299,0,0.0,3.29060364,3.29060364,1.0,1.0,1578642391956996,252310992803, HMD, -0.13964, 1.19773, 0.36474, 0.37540, 0.09391, 0.91436, -0.11914
3756259,1578642391964650,1,1,1,1,0,1,1,1,1,0,-0.31797791,0.15447998,0.9354248,-0.32806396,0.14356995,0.93367004,29.86413574,1.51934814,-31.38397217,-29.15270996,2.48277283,-26.61456299,0,0.0,3.29060364,3.29060364,1.0,1.0,1578642391968954,252311112421, HMD, -0.13976, 1.19788, 0.36423, 0.37747, 0.09424, 0.91338, -0.11989
3756259,1578642391968647,1,1,1,1,0,1,1,1,1,0,-0.31674194,0.16801453,0.9335022,-0.32601929,0.14810181,0.93367004,29.92405701,1.38241577,-30.97525024,-29.12628174,2.44407654,-26.51670837,0,0.0,3.33261108,3.33261108,1.0,1.0,1578642391968954,252311112421, HMD, -0.13976, 1.19788, 0.36423, 0.37747, 0.09424, 0.91338, -0.11989
3756267,1578642391975631,1,1,1,1,0,1,1,1,1,0,-0.31674194,0.16801453,0.9335022,-0.32601929,0.14810181,0.93367004,29.92405701,1.38241577,-30.97525024,-29.12628174,2.44407654,-26.51670837,0,0.0,3.33261108,3.33261108,1.0,1.0,1578642391972134,252311144186, HMD, -0.13979, 1.19792, 0.36409, 0.37803, 0.09433, 0.91311, -0.12008
3756276,1578642391979638,1,1,1,1,0,1,1,1,1,0,-0.31536865,0.16581726,0.93435669,-0.31817627,0.14927673,0.936203,29.96369934,1.30403137,-30.78770447,-29.11534119,2.43161011,-26.53552246,0,0.0,3.3065033,3.3065033,1.0,1.0,1578642391972134,252311144186, HMD, -0.13979, 1.19792, 0.36409, 0.37803, 0.09433, 0.91311, -0.12008
3756284,1578642391984636,1,1,1,1,0,1,1,1,1,0,-0.3097229,0.1640625,0.93655396,-0.31375122,0.14486694,0.93838501,29.9927063,1.24453735,-30.62117004,-29.10980225,2.46134949,-26.65010071,0,0.0,3.38728333,3.38728333,1.0,1.0,1578642391987783,252311300690, HMD, -0.13993, 1.19808, 0.36340, 0.38067, 0.09471, 0.91185, -0.12100
3756284,1578642391988627,1,1,1,1,0,1,1,1,1,0,-0.3097229,0.1640625,0.93655396,-0.31375122,0.14486694,0.93838501,29.9927063,1.24453735,-30.62117004,-29.10980225,2.46134949,-26.65010071,0,0.0,3.38728333,3.38728333,1.0,1.0,1578642391988607,252311308928, HMD, -0.13993, 1.19809, 0.36336, 0.38081, 0.09473, 0.91179, -0.12104
3756292,1578642391993628,1,1,1,1,0,1,1,1,1,0,-0.31283569,0.16497803,0.93536377,-0.31332397,0.14144897,0.93904114,30.01426697,1.23939514,-30.61375427,-29.09912109,2.4367218,-26.5597229,0,0.0,3.36050415,3.36050415,1.0,1.0,1578642391991631,252311339156, HMD, -0.13996, 1.19812, 0.36324, 0.38132, 0.09479, 0.91155, -0.12119
3756292,1578642391997634,1,1,1,1,0,1,1,1,1,0,-0.31283569,0.16497803,0.93536377,-0.31332397,0.14144897,0.93904114,30.01426697,1.23939514,-30.61375427,-29.09912109,2.4367218,-26.5597229,0,0.0,3.36050415,3.36050415,1.0,1.0,1578642392001177,252311434629, HMD, -0.14006, 1.19823, 0.36283, 0.38290, 0.09498, 0.91080, -0.12168
3756301,1578642392001624,1,1,1,1,0,1,1,1,1,0,-0.3109436,0.16426086,0.93611145,-0.32342529,0.13464355,0.93661499,30.04258728,1.21636963,-30.54685974,-29.0587616,2.33709717,-26.20648193,0,0.0,3.41299438,3.41299438,1.0,1.0,1578642392001628,252311439121, HMD, -0.14007, 1.19823, 0.36281, 0.38298, 0.09499, 0.91077, -0.12170
3756301,1578642392005626,1,1,1,1,0,1,1,1,1,0,-0.3109436,0.16426086,0.93611145,-0.32342529,0.13464355,0.93661499,30.04258728,1.21636963,-30.54685974,-29.0587616,2.33709717,-26.20648193,0,0.0,3.41299438,3.41299438,1.0,1.0,1578642392004254,252311465385, HMD, -0.14014, 1.19828, 0.36272, 0.38339, 0.09503, 0.91057, -0.12183
3756301,1578642392009620,1,1,1,1,0,1,1,1,1,0,-0.3109436,0.16426086,0.93611145,-0.32342529,0.13464355,0.93661499,30.04258728,1.21636963,-30.54685974,-29.0587616,2.33709717,-26.20648193,0,0.0,3.41299438,3.41299438,1.0,1.0,1578642392013159,252311554438, HMD, -0.14023, 1.19837, 0.36235, 0.38484, 0.09520, 0.90988, -0.12226
3756309,1578642392013618,1,1,1,1,0,1,1,1,1,0,-0.30310059,0.16546631,0.93847656,-0.30119324,0.13856506,0.94343567,30.06634521,1.18887329,-30.48728943,-29.08921814,2.46598816,-26.66186523,0,0.0,3.37054443,3.37054443,1.0,1.0,1578642392013567,252311558515, HMD, -0.14024, 1.19838, 0.36234, 0.38490, 0.09521, 0.90985, -0.12228
3756317,1578642392017625,1,1,1,1,0,1,1,1,1,0,-0.30310059,0.16546631,0.93847656,-0.30119324,0.13856506,0.94343567,30.06634521,1.18887329,-30.48728943,-29.08921814,2.46598816,-26.66186523,0,0.0,3.37054443,3.37054443,1.0,1.0,1578642392016133,252311584171, HMD, -0.14026, 1.19841, 0.36223, 0.38531, 0.09526, 0.90966, -0.12239
3756317,1578642392021617,1,1,1,1,0,1,1,1,1,0,-0.30897522,0.15783691,0.93786621,-0.30160522,0.14315796,0.94261169,30.09115601,1.19386292,-30.51251221,-29.08332825,2.54832458,-26.95317078,0,0.0,3.47596741,3.47596741,1.0,1.0,1578642392016133,252311584171, HMD, -0.14026, 1.19841, 0.36223, 0.38531, 0.09526, 0.90966, -0.12239
3756326,1578642392025693,1,1,1,1,0,1,1,1,1,0,-0.29969788,0.16531372,0.93959045,-0.29266357,0.13339233,0.94685364,30.12181091,1.14306641,-30.35647583,-29.08105469,2.5539093,-26.95780945,0,0.0,3.3913269,3.3913269,1.0,1.0,1578642392016133,252311584171, HMD, -0.14026, 1.19841, 0.36223, 0.38531, 0.09526, 0.90966, -0.12239
3756326,1578642392030655,1,1,1,1,0,1,1,1,1,0,-0.29969788,0.16531372,0.93959045,-0.29266357,0.13339233,0.94685364,30.12181091,1.14306641,-30.35647583,-29.08105469,2.5539093,-26.95780945,0,0.0,3.3913269,3.3913269,1.0,1.0,1578642392016133,252311584171, HMD, -0.14026, 1.19841, 0.36223, 0.38531, 0.09526, 0.90966, -0.12239
3756342,1578642392049635,1,1,1,1,0,1,1,1,1,0,-0.29530334,0.1730957,0.9395752,-0.29907227,0.13288879,0.94491577,30.16439819,1.04389954,-30.03639221,-29.05412292,2.5440979,-26.90219116,0,0.0,3.36160278,3.36160278,1.0,1.0,1578642392079385,252312216710, HMD, -0.14106, 1.19916, 0.35977, 0.39437, 0.09648, 0.90523, -0.12540
3756351,1578642392053641,1,1,1,1,0,1,1,1,1,0,-0.28297424,0.16972351,0.94398499,-0.29495239,0.12869263,0.9467926,30.14985657,1.0473175,-30.12904358,-29.05879211,2.54899597,-26.93000793,0,0.0,3.43771362,3.43771362,1.0,1.0,1578642392079385,252312216710, HMD, -0.14106, 1.19916, 0.35977, 0.39437, 0.09648, 0.90523, -0.12540
3756359,1578642392061608,1,1,1,1,0,1,1,1,1,0,-0.28352356,0.16963196,0.9438324,-0.28817749,0.12335205,0.94958496,30.16517639,1.04449463,-30.11090088,-29.04502869,2.52006531,-26.82254028,0,0.0,3.41052246,3.41052246,1.0,1.0,1578642392079385,252312216710, HMD, -0.14106, 1.19916, 0.35977, 0.39437, 0.09648, 0.90523, -0.12540
3756359,1578642392065615,1,1,1,1,0,1,1,1,1,0,-0.28352356,0.16963196,0.9438324,-0.28817749,0.12335205,0.94958496,30.16517639,1.04449463,-30.11090088,-29.04502869,2.52006531,-26.82254028,0,0.0,3.41052246,3.41052246,1.0,1.0,1578642392079385,252312216710, HMD, -0.14106, 1.19916, 0.35977, 0.39437, 0.09648, 0.90523, -0.12540
3756367,1578642392071615,1,1,1,1,0,1,1,1,1,0,-0.31542969,0.18814087,0.93009949,-0.28807068,0.12528992,0.94937134,30.29489136,0.51222229,-28.49427795,-29.03457642,2.484375,-26.69691467,0,0.0,3.43966675,3.43966675,1.0,1.0,1578642392079385,252312216710, HMD, -0.14106, 1.19916, 0.35977, 0.39437, 0.09648, 0.90523, -0.12540
3756367,1578642392075613,1,1,1,1,0,1,1,1,1,0,-0.31542969,0.18814087,0.93009949,-0.28807068,0.12528992,0.94937134,30.29489136,0.51222229,-28.49427795,-29.03457642,2.484375,-26.69691467,0,0.0,3.43966675,3.43966675,1.0,1.0,1578642392079385,252312216710, HMD, -0.14106, 1.19916, 0.35977, 0.39437, 0.09648, 0.90523, -0.12540
3756376,1578642392080601,1,1,1,1,0,1,1,1,1,0,-0.30606079,0.18562317,0.93373108,-0.28533936,0.12342834,0.95043945,30.29618835,0.53607178,-28.57557678,-29.02920532,2.46591187,-26.65072632,0,0.0,3.45472717,3.45472717,1.0,1.0,1578642392080658,252312229427, HMD, -0.14108, 1.19918, 0.35972, 0.39454, 0.09650, 0.90514, -0.12545
3756376,1578642392084619,1,1,1,1,0,1,1,1,1,0,-0.30606079,0.18562317,0.93373108,-0.28533936,0.12342834,0.95043945,30.29618835,0.53607178,-28.57557678,-29.02920532,2.46591187,-26.65072632,0,0.0,3.45472717,3.45472717,1.0,1.0,1578642392082676,252312249603, HMD, -0.14108, 1.19921, 0.35966, 0.39481, 0.09654, 0.90501, -0.12553
3756384,1578642392088605,1,1,1,1,0,1,1,1,1,0,-0.30351257,0.18765259,0.93415833,-0.27693176,0.12559509,0.95263672,30.30514526,0.56051636,-28.67272949,-28.99656677,2.3578186,-26.30603027,0,0.0,3.33114624,3.33114624,1.0,1.0,1578642392082676,252312249603, HMD, -0.14108, 1.19921, 0.35966, 0.39481, 0.09654, 0.90501, -0.12553
3756384,1578642392092616,1,1,1,1,0,1,1,1,1,0,-0.30351257,0.18765259,0.93415833,-0.27693176,0.12559509,0.95263672,30.30514526,0.56051636,-28.67272949,-28.99656677,2.3578186,-26.30603027,0,0.0,3.33114624,3.33114624,1.0,1.0,1578642392099792,252312420777, HMD, -0.14141, 1.19936, 0.35908, 0.39703, 0.09676, 0.90393, -0.12614
3756392,1578642392096613,1,1,1,1,0,1,1,1,1,0,-0.30429077,0.1880188,0.93382263,-0.27532959,0.12767029,0.95281982,30.31852722,0.57492065,-28.7407074,-28.98895264,2.42030334,-26.59286499,0,0.0,3.49961853,3.49961853,1.0,1.0,1578642392099792,252312420777, HMD, -0.14141, 1.19936, 0.35908, 0.39703, 0.09676, 0.90393, -0.12614
3756392,1578642392101131,1,1,1,1,0,1,1,1,1,0,-0.2991333,0.17538452,0.9379425,-0.26785278,0.12728882,0.95500183,30.32710266,0.56524658,-28.71250916,-28.98175049,2.49131775,-26.86907959,0,0.0,3.37779236,3.37779236,1.0,1.0,1578642392101203,252312434877, HMD, -0.14138, 1.19939, 0.35905, 0.39721, 0.09678, 0.90384, -0.12619
3756401,1578642392105214,1,1,1,1,0,1,1,1,1,0,-0.2991333,0.17538452,0.9379425,-0.26785278,0.12728882,0.95500183,30.32710266,0.56524658,-28.71250916,-28.98175049,2.49131775,-26.86907959,0,0.0,3.37779236,3.37779236,1.0,1.0,1578642392103175,252312454598, HMD, -0.14135, 1.19939, 0.35897, 0.39747, 0.09681, 0.90372, -0.12625
3756401,1578642392108471,1,1,1,1,0,1,1,1,1,0,-0.2991333,0.17538452,0.9379425,-0.26785278,0.12728882,0.95500183,30.32710266,0.56524658,-28.71250916,-28.98175049,2.49131775,-26.86907959,0,0.0,3.37779236,3.37779236,1.0,1.0,1578642392113523,252312558082, HMD, -0.14149, 1.19944, 0.35859, 0.39874, 0.09693, 0.90310, -0.12656
3756409,1578642392112470,1,1,1,1,0,1,1,1,1,0,-0.29185486,0.17536926,0.94023132,-0.26493835,0.11637878,0.9571991,30.32098389,0.61253357,-28.8533783,-28.95137024,2.45166016,-26.73226929,0,0.0,3.42492676,3.42492676,1.0,1.0,1578642392113523,252312558082, HMD, -0.14149, 1.19944, 0.35859, 0.39874, 0.09693, 0.90310, -0.12656
3756409,1578642392116462,1,1,1,1,0,1,1,1,1,0,-0.29185486,0.17536926,0.94023132,-0.26493835,0.11637878,0.9571991,30.32098389,0.61253357,-28.8533783,-28.95137024,2.45166016,-26.73226929,0,0.0,3.42492676,3.42492676,1.0,1.0,1578642392116501,252312587852, HMD, -0.14153, 1.19945, 0.35849, 0.39911, 0.09695, 0.90293, -0.12664
3756417,1578642392120473,1,1,1,1,0,1,1,1,1,0,-0.28865051,0.17440796,0.94140625,-0.26574707,0.1174469,0.95684814,30.32891846,0.61421204,-28.85487366,-28.92774963,2.41575623,-26.59390259,0,0.0,3.39257813,3.39257813,1.0,1.0,1578642392116501,252312587852, HMD, -0.14153, 1.19945, 0.35849, 0.39911, 0.09695, 0.90293, -0.12664
3756417,1578642392124466,1,1,1,1,0,1,1,1,1,0,-0.28865051,0.17440796,0.94140625,-0.26574707,0.1174469,0.95684814,30.32891846,0.61421204,-28.85487366,-28.92774963,2.41575623,-26.59390259,0,0.0,3.39257813,3.39257813,1.0,1.0,1578642392125943,252312682283, HMD, -0.14169, 1.19951, 0.35815, 0.40025, 0.09702, 0.90238, -0.12689
3756426,1578642392128459,1,1,1,1,0,1,1,1,1,0,-0.28485107,0.17597961,0.942276,-0.26751709,0.12240601,0.95573425,30.33450317,0.62263489,-28.87719727,-28.921875,2.44055176,-26.67263794,0,0.0,3.39149475,3.39149475,1.0,1.0,1578642392128477,252312707613, HMD, -0.14172, 1.19952, 0.35806, 0.40055, 0.09704, 0.90223, -0.12695
3756426,1578642392132463,1,1,1,1,0,1,1,1,1,0,-0.28485107,0.17597961,0.942276,-0.26751709,0.12240601,0.95573425,30.33450317,0.62263489,-28.87719727,-28.921875,2.44055176,-26.67263794,0,0.0,3.39149475,3.39149475,1.0,1.0,1578642392129625,252312719099, HMD, -0.14174, 1.19952, 0.35802, 0.40069, 0.09705, 0.90217, -0.12697
3756434,1578642392136457,1,1,1,1,0,1,1,1,1,0,-0.28106689,0.17687988,0.9432373,-0.27059937,0.12286377,0.95480347,30.34008789,0.63105774,-28.89953613,-28.92056274,2.43325806,-26.63616943,0,0.0,3.39105225,3.39105225,1.0,1.0,1578642392139100,252312813865, HMD, -0.14186, 1.19957, 0.35770, 0.40183, 0.09710, 0.90163, -0.12718
3756434,1578642392140479,1,1,1,1,0,1,1,1,1,0,-0.28106689,0.17687988,0.9432373,-0.27059937,0.12286377,0.95480347,30.34008789,0.63105774,-28.89953613,-28.92056274,2.43325806,-26.63616943,0,0.0,3.39105225,3.39105225,1.0,1.0,1578642392140502,252312827862, HMD, -0.14188, 1.19957, 0.35765, 0.40200, 0.09711, 0.90155, -0.12721
3756442,1578642392144452,1,1,1,1,0,1,1,1,1,0,-0.28060913,0.17420959,0.94386292,-0.26821899,0.1227417,0.95549011,30.34390259,0.64433289,-28.93663025,-28.91925049,2.43109131,-26.62922668,0,0.0,3.40324402,3.40324402,1.0,1.0,1578642392142176,252312844602, HMD, -0.14197, 1.19962, 0.35760, 0.40219, 0.09711, 0.90145, -0.12726
3756442,1578642392149454,1,1,1,1,0,1,1,1,1,0,-0.28060913,0.17420959,0.94386292,-0.26821899,0.1227417,0.95549011,30.34390259,0.64433289,-28.93663025,-28.91925049,2.43109131,-26.62922668,0,0.0,3.40324402,3.40324402,1.0,1.0,1578642392150428,252312927265, HMD, -0.14210, 1.19965, 0.35732, 0.40320, 0.09715, 0.90098, -0.12741
3756451,1578642392153495,1,1,1,1,0,1,1,1,1,0,-0.28010559,0.17572021,0.94374084,-0.26445007,0.12055969,0.95681763,30.34770203,0.65760803,-28.97370911,-28.90107727,2.39807129,-26.50700378,0,0.0,3.41781616,3.41781616,1.0,1.0,1578642392153560,252312958446, HMD, -0.14216, 1.19966, 0.35721, 0.40359, 0.09715, 0.90080, -0.12746
3756451,1578642392157460,1,1,1,1,0,1,1,1,1,0,-0.28010559,0.17572021,0.94374084,-0.26445007,0.12055969,0.95681763,30.34770203,0.65760803,-28.97370911,-28.90107727,2.39807129,-26.50700378,0,0.0,3.41781616,3.41781616,1.0,1.0,1578642392154332,252312966163, HMD, -0.14217, 1.19966, 0.35718, 0.40368, 0.09715, 0.90075, -0.12747
3756459,1578642392161459,1,1,1,1,0,1,1,1,1,0,-0.27868652,0.17356873,0.94454956,-0.26870728,0.12762451,0.95471191,30.34989929,0.66749573,-29.00337219,-28.8916626,2.39575195,-26.48492432,0,0.0,3.4392395,3.4392395,1.0,1.0,1578642392154332,252312966163, HMD, -0.14217, 1.19966, 0.35718, 0.40368, 0.09715, 0.90075, -0.12747
3756459,1578642392165462,1,1,1,1,0,1,1,1,1,0,-0.27868652,0.17356873,0.94454956,-0.26870728,0.12762451,0.95471191,30.34989929,0.66749573,-29.00337219,-28.8916626,2.39575195,-26.48492432,0,0.0,3.4392395,3.4392395,1.0,1.0,1578642392170796,252313130808, HMD, -0.14252, 1.19976, 0.35664, 0.40572, 0.09710, 0.89981, -0.12772
3756467,1578642392169459,1,1,1,1,0,1,1,1,1,0,-0.27722168,0.17527771,0.94467163,-0.26879883,0.12628174,0.9548645,30.35209656,0.67738342,-29.03302002,-28.88916016,2.38619995,-26.44888306,0,0.0,3.4627533,3.4627533,1.0,1.0,1578642392170796,252313130808, HMD, -0.14252, 1.19976, 0.35664, 0.40572, 0.09710, 0.89981, -0.12772
3756467,1578642392173483,1,1,1,1,0,1,1,1,1,0,-0.27722168,0.17527771,0.94467163,-0.26879883,0.12628174,0.9548645,30.35209656,0.67738342,-29.03302002,-28.88916016,2.38619995,-26.44888306,0,0.0,3.4627533,3.4627533,1.0,1.0,1578642392173522,252313158068, HMD, -0.14257, 1.19977, 0.35654, 0.40606, 0.09708, 0.89965, -0.12775
3756476,1578642392178460,1,1,1,1,0,1,1,1,1,0,-0.2756958,0.17362976,0.94541931,-0.2688446,0.1270752,0.95475769,30.3525238,0.70300293,-29.10264587,-28.88665771,2.37663269,-26.41285706,0,0.0,3.46128845,3.46128845,1.0,1.0,1578642392174061,252313163457, HMD, -0.14258, 1.19977, 0.35653, 0.40613, 0.09708, 0.89962, -0.12776
3756476,1578642392182466,1,1,1,1,0,1,1,1,1,0,-0.2756958,0.17362976,0.94541931,-0.2688446,0.1270752,0.95475769,30.3525238,0.70300293,-29.10264587,-28.88665771,2.37663269,-26.41285706,0,0.0,3.46128845,3.46128845,1.0,1.0,1578642392185768,252313280572, HMD, -0.14287, 1.19979, 0.35614, 0.40758, 0.09698, 0.89895, -0.12794
3756484,1578642392186562,1,1,1,1,0,1,1,1,1,0,-0.27416992,0.17196655,0.94616699,-0.2638092,0.12605286,0.95629883,30.35295105,0.72860718,-29.17228699,-28.88497925,2.37243652,-26.40292358,0,0.0,3.46014404,3.46014404,1.0,1.0,1578642392186908,252313291940, HMD, -0.14289, 1.19979, 0.35610, 0.40772, 0.09698, 0.89888, -0.12795
3756484,1578642392190930,1,1,1,1,0,1,1,1,1,0,-0.27416992,0.17196655,0.94616699,-0.2638092,0.12605286,0.95629883,30.35295105,0.72860718,-29.17228699,-28.88497925,2.37243652,-26.40292358,0,0.0,3.46014404,3.46014404,1.0,1.0,1578642392191003,252313332919, HMD, -0.14297, 1.19980, 0.35596, 0.40824, 0.09694, 0.89864, -0.12803
3756492,1578642392201906,1,1,1,1,0,1,1,1,1,0,-0.27354431,0.16943359,0.94680786,-0.25782776,0.12522888,0.95803833,30.35395813,0.74438477,-29.22105408,-28.88017273,2.36936951,-26.40292358,0,0.0,3.50215149,3.50215149,1.0,1.0,1578642392196663,252313389471, HMD, -0.14308, 1.19982, 0.35576, 0.40895, 0.09687, 0.89831, -0.12813
3756501,1578642392205925,1,1,1,1,0,1,1,1,1,0,-0.27354431,0.16943359,0.94680786,-0.25782776,0.12522888,0.95803833,30.35395813,0.74438477,-29.22105408,-28.88017273,2.36936951,-26.40292358,0,0.0,3.50215149,3.50215149,1.0,1.0,1578642392196663,252313389471, HMD, -0.14308, 1.19982, 0.35576, 0.40895, 0.09687, 0.89831, -0.12813
3756509,1578642392211902,1,1,1,1,0,1,1,1,1,0,-0.27198792,0.16876221,0.94737244,-0.25692749,0.12492371,0.95831299,30.35705566,0.74641418,-29.22662354,-28.87702942,2.36824036,-26.39299011,0,0.0,3.48973083,3.48973083,1.0,1.0,1578642392217402,252313596876, HMD, -0.14349, 1.19988, 0.35508, 0.41155, 0.09655, 0.89708, -0.12867
3756509,1578642392215894,1,1,1,1,0,1,1,1,1,0,-0.27198792,0.16876221,0.94737244,-0.25692749,0.12492371,0.95831299,30.35705566,0.74641418,-29.22662354,-28.87702942,2.36824036,-26.39299011,0,0.0,3.48973083,3.48973083,1.0,1.0,1578642392217402,252313596876, HMD, -0.14349, 1.19988, 0.35508, 0.41155, 0.09655, 0.89708, -0.12867
3756517,1578642392220893,1,1,1,1,0,1,1,1,1,0,-0.27075195,0.16876221,0.94772339,-0.25526428,0.12509155,0.95874023,30.36016846,0.74438477,-29.22105408,-28.87690735,2.35853577,-26.36032104,0,0.0,3.50105286,3.50105286,1.0,1.0,1578642392220857,252313631410, HMD, -0.14358, 1.19990, 0.35497, 0.41200, 0.09647, 0.89687, -0.12876
3756517,1578642392224657,1,1,1,1,0,1,1,1,1,0,-0.27075195,0.16876221,0.94772339,-0.25526428,0.12509155,0.95874023,30.36016846,0.74438477,-29.22105408,-28.87690735,2.35853577,-26.36032104,0,0.0,3.50105286,3.50105286,1.0,1.0,1578642392221556,252313638404, HMD, -0.14360, 1.19990, 0.35495, 0.41208, 0.09646, 0.89683, -0.12878
3756526,1578642392228655,1,1,1,1,0,1,1,1,1,0,-0.26937866,0.16703796,0.94842529,-0.25361633,0.12542725,0.9591217,30.36433411,0.74362183,-29.20256042,-28.87678528,2.34881592,-26.32763672,0,0.0,3.48873901,3.48873901,1.0,1.0,1578642392221556,252313638404, HMD, -0.14360, 1.19990, 0.35495, 0.41208, 0.09646, 0.89683, -0.12878
3756534,1578642392235654,1,1,1,1,0,1,1,1,1,0,-0.26826477,0.16644287,0.94885254,-0.25369263,0.12660217,0.95895386,30.3684845,0.74287415,-29.18406677,-28.87268066,2.34724426,-26.32670593,0,0.0,3.50010681,3.50010681,1.0,1.0,1578642392237631,252313799161, HMD, -0.14393, 1.19994, 0.35445, 0.41407, 0.09615, 0.89588, -0.12925
3756534,1578642392239651,1,1,1,1,0,1,1,1,1,0,-0.26826477,0.16644287,0.94885254,-0.25369263,0.12660217,0.95895386,30.3684845,0.74287415,-29.18406677,-28.87268066,2.34724426,-26.32670593,0,0.0,3.50010681,3.50010681,1.0,1.0,1578642392239705,252313819892, HMD, -0.14397, 1.19995, 0.35439, 0.41433, 0.09610, 0.89575, -0.12931
3756542,1578642392243639,1,1,1,1,0,1,1,1,1,0,-0.24087524,0.16575623,0.95628357,-0.25378418,0.12608337,0.95899963,30.42909241,0.70388794,-29.0599823,-28.86859131,2.34568787,-26.32579041,0,0.0,3.53689575,3.53689575,1.0,1.0,1578642392240848,252313831329, HMD, -0.14401, 1.19996, 0.35435, 0.41448, 0.09607, 0.89568, -0.12935
3756542,1578642392247644,1,1,1,1,0,1,1,1,1,0,-0.24087524,0.16575623,0.95628357,-0.25378418,0.12608337,0.95899963,30.42909241,0.70388794,-29.0599823,-28.86859131,2.34568787,-26.32579041,0,0.0,3.53689575,3.53689575,1.0,1.0,1578642392250236,252313925208, HMD, -0.14416, 1.19996, 0.35407, 0.41559, 0.09587, 0.89515, -0.12964
3756551,1578642392251648,1,1,1,1,0,1,1,1,1,0,-0.23875427,0.16738892,0.95652771,-0.25126648,0.12548828,0.95973206,30.4460907,0.70251465,-29.05612183,-28.86605835,2.34561157,-26.32116699,0,0.0,3.56190491,3.56190491,1.0,1.0,1578642392251651,252313939358, HMD, -0.14419, 1.19997, 0.35402, 0.41576, 0.09583, 0.89507, -0.12969
3756551,1578642392255640,1,1,1,1,0,1,1,1,1,0,-0.23875427,0.16738892,0.95652771,-0.25126648,0.12548828,0.95973206,30.4460907,0.70251465,-29.05612183,-28.86605835,2.34561157,-26.32116699,0,0.0,3.56190491,3.56190491,1.0,1.0,1578642392253478,252313957626, HMD, -0.14422, 1.19998, 0.35397, 0.41598, 0.09579, 0.89496, -0.12975
3756559,1578642392259643,1,1,1,1,0,1,1,1,1,0,-0.241745,0.16781616,0.95570374,-0.24874878,0.12495422,0.96046448,30.45349121,0.71192932,-29.08692932,-28.86352539,2.34553528,-26.31655884,0,0.0,3.57009888,3.57009888,1.0,1.0,1578642392264824,252314071090, HMD, -0.14441, 1.20007, 0.35364, 0.41732, 0.09553, 0.89431, -0.13008
3756559,1578642392264641,1,1,1,1,0,1,1,1,1,0,-0.241745,0.16781616,0.95570374,-0.24874878,0.12495422,0.96046448,30.45349121,0.71192932,-29.08692932,-28.86352539,2.34553528,-26.31655884,0,0.0,3.57009888,3.57009888,1.0,1.0,1578642392264824,252314071090, HMD, -0.14441, 1.20007, 0.35364, 0.41732, 0.09553, 0.89431, -0.13008
3756567,1578642392268643,1,1,1,1,0,1,1,1,1,0,-0.24511719,0.16293335,0.95568848,-0.2482605,0.12503052,0.96058655,30.47935486,0.74749756,-29.20388794,-28.86227417,2.34355164,-26.30964661,0,0.0,3.65859985,3.65859985,1.0,1.0,1578642392268082,252314103664, HMD, -0.14460, 1.20011, 0.35362, 0.41768, 0.09547, 0.89414, -0.13016
3756567,1578642392272647,1,1,1,1,0,1,1,1,1,0,-0.24511719,0.16293335,0.95568848,-0.2482605,0.12503052,0.96058655,30.47935486,0.74749756,-29.20388794,-28.86227417,2.34355164,-26.30964661,0,0.0,3.65859985,3.65859985,1.0,1.0,1578642392276819,252314191052, HMD, -0.14476, 1.20017, 0.35336, 0.41867, 0.09529, 0.89366, -0.13042
3756576,1578642392276634,1,1,1,1,0,1,1,1,1,0,-0.23843384,0.16246033,0.9574585,-0.24777222,0.12506104,0.96070862,30.49214172,0.78553772,-29.326828,-28.86102295,2.34158325,-26.30274963,0,0.0,3.59178162,3.59178162,1.0,1.0,1578642392276819,252314191052, HMD, -0.14476, 1.20017, 0.35336, 0.41867, 0.09529, 0.89366, -0.13042
3756576,1578642392280638,1,1,1,1,0,1,1,1,1,0,-0.23843384,0.16246033,0.9574585,-0.24777222,0.12506104,0.96070862,30.49214172,0.78553772,-29.326828,-28.86102295,2.34158325,-26.30274963,0,0.0,3.59178162,3.59178162,1.0,1.0,1578642392279891,252314221759, HMD, -0.14482, 1.20019, 0.35327, 0.41901, 0.09523, 0.89349, -0.13050
3756584,1578642392284663,1,1,1,1,0,1,1,1,1,0,-0.23843384,0.16246033,0.9574585,-0.24777222,0.12506104,0.96070862,30.49214172,0.78553772,-29.326828,-28.86102295,2.34158325,-26.30274963,0,0.0,3.59178162,3.59178162,1.0,1.0,1578642392279891,252314221759, HMD, -0.14482, 1.20019, 0.35327, 0.41901, 0.09523, 0.89349, -0.13050
3756584,1578642392288628,1,1,1,1,0,1,1,1,1,0,-0.23951721,0.16687012,0.95643616,-0.24159241,0.12528992,0.96224976,30.42985535,0.67457581,-28.98043823,-28.81303406,2.2101593,-25.8729248,0,0.0,3.59300232,3.59300232,1.0,1.0,1578642392292425,252314347105, HMD, -0.14503, 1.20025, 0.35292, 0.42042, 0.09499, 0.89281, -0.13080
3756592,1578642392293627,1,1,1,1,0,1,1,1,1,0,-0.28477478,0.17396545,0.94265747,-0.26873779,0.1335144,0.9539032,30.26768494,0.75022888,-29.1716156,-28.92292786,2.27633667,-26.10305786,0,0.0,3.56965637,3.56965637,1.0,1.0,1578642392293571,252314358551, HMD, -0.14505, 1.20026, 0.35288, 0.42055, 0.09497, 0.89275, -0.13083
3756592,1578642392297618,1,1,1,1,0,1,1,1,1,0,-0.28477478,0.17396545,0.94265747,-0.26873779,0.1335144,0.9539032,30.26768494,0.75022888,-29.1716156,-28.92292786,2.27633667,-26.10305786,0,0.0,3.56965637,3.56965637,1.0,1.0,1578642392295568,252314378525, HMD, -0.14508, 1.20027, 0.35282, 0.42077, 0.09492, 0.89265, -0.13087
3756601,1578642392301641,1,1,1,1,0,1,1,1,1,0,-0.2999115,0.1456604,0.94276428,-0.30931091,0.14781189,0.93939209,29.95994568,1.29454041,-30.73350525,-29.11018372,2.34580994,-26.36376953,0,0.0,3.71487427,3.71487427,1.0,1.0,1578642392303996,252314462809, HMD, -0.14521, 1.20030, 0.35258, 0.42169, 0.09472, 0.89221, -0.13103
3756601,1578642392305630,1,1,1,1,0,1,1,1,1,0,-0.2999115,0.1456604,0.94276428,-0.30931091,0.14781189,0.93939209,29.95994568,1.29454041,-30.73350525,-29.11018372,2.34580994,-26.36376953,0,0.0,3.71487427,3.71487427,1.0,1.0,1578642392305685,252314479696, HMD, -0.14526, 1.20031, 0.35253, 0.42186, 0.09470, 0.89212, -0.13108
3756609,1578642392309625,1,1,1,1,0,1,1,1,1,0,-0.347229,0.16799927,0.92259216,-0.34675598,0.16558838,0.92320251,29.74855042,1.24172974,-30.52870178,-29.25526428,2.4074707,-26.67398071,0,0.0,3.69754028,3.69754028,1.0,1.0,1578642392307193,252314494770, HMD, -0.14528, 1.20032, 0.35249, 0.42203, 0.09466, 0.89205, -0.13110
3756609,1578642392313622,1,1,1,1,0,1,1,1,1,0,-0.347229,0.16799927,0.92259216,-0.34675598,0.16558838,0.92320251,29.74855042,1.24172974,-30.52870178,-29.25526428,2.4074707,-26.67398071,0,0.0,3.69754028,3.69754028,1.0,1.0,1578642392316356,252314586409, HMD, -0.14542, 1.20035, 0.35223, 0.42301, 0.09444, 0.89158, -0.13127
3756617,1578642392317630,1,1,1,1,0,1,1,1,1,0,-0.39234924,0.19261169,0.89941406,-0.37359619,0.19009399,0.90789795,29.61952209,0.65589905,-28.63336182,-29.36740112,2.25186157,-26.21492004,0,0.0,3.75085449,3.75085449,1.0,1.0,1578642392317591,252314598751, HMD, -0.14544, 1.20035, 0.35219, 0.42314, 0.09441, 0.89152, -0.13129
3756617,1578642392322619,1,1,1,1,0,1,1,1,1,0,-0.39234924,0.19261169,0.89941406,-0.37359619,0.19009399,0.90789795,29.61952209,0.65589905,-28.63336182,-29.36740112,2.25186157,-26.21492004,0,0.0,3.75085449,3.75085449,1.0,1.0,1578642392319742,252314620269, HMD, -0.14547, 1.20036, 0.35213, 0.42336, 0.09436, 0.89141, -0.13133
3756626,1578642392326617,1,1,1,1,0,1,1,1,1,0,-0.44090271,0.22676086,0.86842346,-0.41630554,0.1971283,0.8875885,29.57633972,-0.03201294,-26.50602722,-29.38088989,1.85650635,-24.69297791,0,0.0,3.823349,3.823349,1.0,1.0,1578642392329212,252314714967, HMD, -0.14566, 1.20041, 0.35187, 0.42434, 0.09414, 0.89094, -0.13150
3756626,1578642392330626,1,1,1,1,0,1,1,1,1,0,-0.44090271,0.22676086,0.86842346,-0.41630554,0.1971283,0.8875885,29.57633972,-0.03201294,-26.50602722,-29.38088989,1.85650635,-24.69297791,0,0.0,3.823349,3.823349,1.0,1.0,1578642392330587,252314728718, HMD, -0.14568, 1.20041, 0.35183, 0.42448, 0.09411, 0.89088, -0.13152
3756634,1578642392334637,1,1,1,1,0,1,1,1,1,0,-0.48817444,0.24528503,0.83755493,-0.41812134,0.19203186,0.8878479,29.64205933,-0.44395447,-25.11076355,-29.4438324,2.05534363,-25.3188324,0,0.0,3.97077942,3.97077942,1.0,1.0,1578642392332967,252314752515, HMD, -0.14571, 1.20042, 0.35176, 0.42472, 0.09405, 0.89076, -0.13156
3756634,1578642392338630,1,1,1,1,0,1,1,1,1,0,-0.48817444,0.24528503,0.83755493,-0.41812134,0.19203186,0.8878479,29.64205933,-0.44395447,-25.11076355,-29.4438324,2.05534363,-25.3188324,0,0.0,3.97077942,3.97077942,1.0,1.0,1578642392344208,252314865043, HMD, -0.14586, 1.20049, 0.35146, 0.42585, 0.09381, 0.89022, -0.13176
3756634,1578642392342628,1,1,1,1,0,1,1,1,1,0,-0.48817444,0.24528503,0.83755493,-0.41812134,0.19203186,0.8878479,29.64205933,-0.44395447,-25.11076355,-29.4438324,2.05534363,-25.3188324,0,0.0,3.97077942,3.97077942,1.0,1.0,1578642392344208,252314865043, HMD, -0.14586, 1.20049, 0.35146, 0.42585, 0.09381, 0.89022, -0.13176
3756642,1578642392345613,1,1,1,1,0,1,1,1,1,0,-0.45289612,0.23350525,0.86042786,-0.37815857,0.18319702,0.90742493,29.59895325,-0.11573792,-26.14369202,-29.53413391,2.4868927,-26.92097473,0,0.0,3.90878296,3.90878296,1.0,1.0,1578642392345438,252314877223, HMD, -0.14595, 1.20050, 0.35146, 0.42595, 0.09380, 0.89017, -0.13178
3756642,1578642392349623,1,1,1,1,0,1,1,1,1,0,-0.45289612,0.23350525,0.86042786,-0.37815857,0.18319702,0.90742493,29.59895325,-0.11573792,-26.14369202,-29.53413391,2.4868927,-26.92097473,0,0.0,3.90878296,3.90878296,1.0,1.0,1578642392348027,252314903112, HMD, -0.14599, 1.20051, 0.35138, 0.42620, 0.09376, 0.89005, -0.13182
3756651,1578642392353653,1,1,1,1,0,1,1,1,1,0,-0.44856262,0.22535706,0.86485291,-0.38409424,0.18873596,0.90379333,29.59260559,0.09144592,-26.85699463,-29.51135254,2.35469055,-26.47225952,0,0.0,3.90538025,3.90538025,1.0,1.0,1578642392356760,252314990456, HMD, -0.14612, 1.20054, 0.35111, 0.42707, 0.09359, 0.88963, -0.13195
3756651,1578642392357639,1,1,1,1,0,1,1,1,1,0,-0.44856262,0.22535706,0.86485291,-0.38409424,0.18873596,0.90379333,29.59260559,0.09144592,-26.85699463,-29.51135254,2.35469055,-26.47225952,0,0.0,3.90538025,3.90538025,1.0,1.0,1578642392357568,252314998526, HMD, -0.14614, 1.20055, 0.35108, 0.42715, 0.09357, 0.88959, -0.13196
3756659,1578642392362629,1,1,1,1,0,1,1,1,1,0,-0.44709778,0.22494507,0.86572266,-0.38677979,0.19297791,0.90174866,29.59286499,0.11724854,-26.93284607,-29.5015564,2.23054504,-26.05110168,0,0.0,3.90542603,3.90542603,1.0,1.0,1578642392360089,252315023736, HMD, -0.14618, 1.20057, 0.35101, 0.42742, 0.09350, 0.88946, -0.13200
3756659,1578642392366622,1,1,1,1,0,1,1,1,1,0,-0.44709778,0.22494507,0.86572266,-0.38677979,0.19297791,0.90174866,29.59286499,0.11724854,-26.93284607,-29.5015564,2.23054504,-26.05110168,0,0.0,3.90542603,3.90542603,1.0,1.0,1578642392360089,252315023736, HMD, -0.14618, 1.20057, 0.35101, 0.42742, 0.09350, 0.88946, -0.13200
3756667,1578642392370621,1,1,1,1,0,1,1,1,1,0,-0.44563293,0.2228241,0.86701965,-0.38687134,0.19087219,0.90216064,29.59260559,0.14305115,-27.00869751,-29.50408936,2.22653198,-26.037323,0,0.0,3.89474487,3.89474487,1.0,1.0,1578642392373855,252315161424, HMD, -0.14646, 1.20064, 0.35055, 0.42885, 0.09319, 0.88878, -0.13220
3756676,1578642392374632,1,1,1,1,0,1,1,1,1,0,-0.44563293,0.2228241,0.86701965,-0.38687134,0.19087219,0.90216064,29.59260559,0.14305115,-27.00869751,-29.50408936,2.22653198,-26.037323,0,0.0,3.89474487,3.89474487,1.0,1.0,1578642392374559,252315168431, HMD, -0.14647, 1.20064, 0.35052, 0.42893, 0.09318, 0.88874, -0.13221
3756676,1578642392378613,1,1,1,1,0,1,1,1,1,0,-0.44032288,0.22212219,0.86991882,-0.38903809,0.19372559,0.90060425,29.58992004,0.14891052,-27.03526306,-29.51521301,2.19628906,-25.96405029,0,0.0,3.86160278,3.86160278,1.0,1.0,1578642392377979,252315202629, HMD, -0.14652, 1.20065, 0.35040, 0.42931, 0.09309, 0.88856, -0.13225
3756676,1578642392382612,1,1,1,1,0,1,1,1,1,0,-0.44032288,0.22212219,0.86991882,-0.38903809,0.19372559,0.90060425,29.58992004,0.14891052,-27.03526306,-29.51521301,2.19628906,-25.96405029,0,0.0,3.86160278,3.86160278,1.0,1.0,1578642392386624,252315289090, HMD, -0.14662, 1.20066, 0.35005, 0.43028, 0.09282, 0.88810, -0.13238
3756684,1578642392386612,1,1,1,1,0,1,1,1,1,0,-0.43502808,0.22131348,0.87278748,-0.37918091,0.18406677,0.90681458,29.58721924,0.1547699,-27.06182861,-29.56288147,2.38241577,-26.62638855,0,0.0,3.82850647,3.82850647,1.0,1.0,1578642392386624,252315289090, HMD, -0.14662, 1.20066, 0.35005, 0.43028, 0.09282, 0.88810, -0.13238
3756684,1578642392390604,1,1,1,1,0,1,1,1,1,0,-0.43502808,0.22131348,0.87278748,-0.37918091,0.18406677,0.90681458,29.58721924,0.1547699,-27.06182861,-29.56288147,2.38241577,-26.62638855,0,0.0,3.82850647,3.82850647,1.0,1.0,1578642392390033,252315323178, HMD, -0.14667, 1.20066, 0.34991, 0.43069, 0.09270, 0.88791, -0.13241
3756692,1578642392394598,1,1,1,1,0,1,1,1,1,0,-0.43205261,0.22227478,0.87402344,-0.36929321,0.18182373,0.91133118,29.58331299,0.15611267,-27.08712769,-29.5854187,2.43467712,-26.84872437,0,0.0,3.80897522,3.80897522,1.0,1.0,1578642392390033,252315323178, HMD, -0.14667, 1.20066, 0.34991, 0.43069, 0.09270, 0.88791, -0.13241
3756692,1578642392398606,1,1,1,1,0,1,1,1,1,0,-0.43205261,0.22227478,0.87402344,-0.36929321,0.18182373,0.91133118,29.58331299,0.15611267,-27.08712769,-29.5854187,2.43467712,-26.84872437,0,0.0,3.80897522,3.80897522,1.0,1.0,1578642392404802,252315470887, HMD, -0.14692, 1.20070, 0.34931, 0.43259, 0.09207, 0.88702, -0.13260
3756701,1578642392402590,1,1,1,1,0,1,1,1,1,0,-0.4289856,0.22296143,0.87535095,-0.36857605,0.18013,0.91195679,29.57940674,0.15744019,-27.11242676,-29.58872986,2.44851685,-26.90446472,0,0.0,3.78875732,3.78875732,1.0,1.0,1578642392404802,252315470887, HMD, -0.14692, 1.20070, 0.34931, 0.43259, 0.09207, 0.88702, -0.13260
3756701,1578642392406611,1,1,1,1,0,1,1,1,1,0,-0.4289856,0.22296143,0.87535095,-0.36857605,0.18013,0.91195679,29.57940674,0.15744019,-27.11242676,-29.58872986,2.44851685,-26.90446472,0,0.0,3.78875732,3.78875732,1.0,1.0,1578642392406570,252315488545, HMD, -0.14697, 1.20071, 0.34923, 0.43280, 0.09199, 0.88692, -0.13264
3756709,1578642392410599,1,1,1,1,0,1,1,1,1,0,-0.40597534,0.20013428,0.89169312,-0.36477661,0.17927551,0.91366577,29.56306458,0.41896057,-27.92169189,-29.5907135,2.44398499,-26.88734436,0,0.0,3.66471863,3.66471863,1.0,1.0,1578642392407961,252315502454, HMD, -0.14699, 1.20071, 0.34917, 0.43299, 0.09191, 0.88683, -0.13266
3756709,1578642392414588,1,1,1,1,0,1,1,1,1,0,-0.40597534,0.20013428,0.89169312,-0.36477661,0.17927551,0.91366577,29.56306458,0.41896057,-27.92169189,-29.5907135,2.44398499,-26.88734436,0,0.0,3.66471863,3.66471863,1.0,1.0,1578642392416531,252315588164, HMD, -0.14712, 1.20073, 0.34878, 0.43419, 0.09145, 0.88627, -0.13284
3756717,1578642392418605,1,1,1,1,0,1,1,1,1,0,-0.40713501,0.19593811,0.89208984,-0.36700439,0.17970276,0.91268921,29.56575012,0.52558899,-28.17704773,-29.5904541,2.43945313,-26.87023926,0,0.0,3.71008301,3.71008301,1.0,1.0,1578642392418600,252315608849, HMD, -0.14716, 1.20073, 0.34868, 0.43449, 0.09134, 0.88612, -0.13289
3756717,1578642392422619,1,1,1,1,0,1,1,1,1,0,-0.40713501,0.19593811,0.89208984,-0.36700439,0.17970276,0.91268921,29.56575012,0.52558899,-28.17704773,-29.5904541,2.43945313,-26.87023926,0,0.0,3.71008301,3.71008301,1.0,1.0,1578642392420180,252315624654, HMD, -0.14717, 1.20076, 0.34862, 0.43474, 0.09124, 0.88600, -0.13295
3756726,1578642392426593,1,1,1,1,0,1,1,1,1,0,-0.39445496,0.18978882,0.89909363,-0.36650085,0.1796875,0.91288757,29.56269836,0.62828064,-28.46516418,-29.58959961,2.41835022,-26.78782654,0,0.0,3.66275024,3.66275024,1.0,1.0,1578642392429200,252315714850, HMD, -0.14731, 1.20082, 0.34818, 0.43607, 0.09075, 0.88535, -0.13324
3756726,1578642392430585,1,1,1,1,0,1,1,1,1,0,-0.39445496,0.18978882,0.89909363,-0.36650085,0.1796875,0.91288757,29.56269836,0.62828064,-28.46516418,-29.58959961,2.41835022,-26.78782654,0,0.0,3.66275024,3.66275024,1.0,1.0,1578642392430600,252315728843, HMD, -0.14734, 1.20083, 0.34811, 0.43629, 0.09067, 0.88525, -0.13329
3756734,1578642392434604,1,1,1,1,0,1,1,1,1,0,-0.39073181,0.18569946,0.90156555,-0.3677063,0.1799469,0.91235352,29.56019592,0.74632263,-28.79891968,-29.58872986,2.39724731,-26.70541382,0,0.0,3.56343079,3.56343079,1.0,1.0,1578642392432278,252315745619, HMD, -0.14736, 1.20085, 0.34803, 0.43656, 0.09057, 0.88511, -0.13336
3756734,1578642392438593,1,1,1,1,0,1,1,1,1,0,-0.39073181,0.18569946,0.90156555,-0.3677063,0.1799469,0.91235352,29.56019592,0.74632263,-28.79891968,-29.58872986,2.39724731,-26.70541382,0,0.0,3.56343079,3.56343079,1.0,1.0,1578642392441337,252315836240, HMD, -0.14754, 1.20092, 0.34755, 0.43806, 0.09005, 0.88437, -0.13372
3756742,1578642392443588,1,1,1,1,0,1,1,1,1,0,-0.37730408,0.18170166,0.90808105,-0.36759949,0.18156433,0.91207886,29.5572052,0.81692505,-29.01856995,-29.58709717,2.36676025,-26.58197021,0,0.0,3.57168579,3.57168579,1.0,1.0,1578642392443630,252315859140, HMD, -0.14757, 1.20094, 0.34742, 0.43845, 0.08993, 0.88418, -0.13382
3756742,1578642392447587,1,1,1,1,0,1,1,1,1,0,-0.37730408,0.18170166,0.90808105,-0.36759949,0.18156433,0.91207886,29.5572052,0.81692505,-29.01856995,-29.58709717,2.36676025,-26.58197021,0,0.0,3.57168579,3.57168579,1.0,1.0,1578642392444907,252315871914, HMD, -0.14759, 1.20095, 0.34735, 0.43868, 0.08987, 0.88406, -0.13389
3756751,1578642392452596,1,1,1,1,0,1,1,1,1,0,-0.37756348,0.18156433,0.90800476,-0.36755371,0.18344116,0.91172791,29.55905151,0.8288269,-29.05830383,-29.58546448,2.33625793,-26.45852661,0,0.0,3.56442261,3.56442261,1.0,1.0,1578642392453296,252315955819, HMD, -0.14779, 1.20107, 0.34690, 0.44015, 0.08946, 0.88331, -0.13430
3756751,1578642392456589,1,1,1,1,0,1,1,1,1,0,-0.37756348,0.18156433,0.90800476,-0.36755371,0.18344116,0.91172791,29.55905151,0.8288269,-29.05830383,-29.58546448,2.33625793,-26.45852661,0,0.0,3.56442261,3.56442261,1.0,1.0,1578642392456666,252315989505, HMD, -0.14784, 1.20111, 0.34671, 0.44078, 0.08931, 0.88298, -0.13447
3756759,1578642392461581,1,1,1,1,0,1,1,1,1,0,-0.37760925,0.18191528,0.90791321,-0.36578369,0.18518066,0.91207886,29.56089783,0.83805847,-29.09802246,-29.53572083,2.25085449,-26.0355072,0,0.0,3.56945801,3.56945801,1.0,1.0,1578642392456952,252315992359, HMD, -0.14784, 1.20111, 0.34669, 0.44083, 0.08929, 0.88295, -0.13448
3756759,1578642392465584,1,1,1,1,0,1,1,1,1,0,-0.37760925,0.18191528,0.90791321,-0.36578369,0.18518066,0.91207886,29.56089783,0.83805847,-29.09802246,-29.53572083,2.25085449,-26.0355072,0,0.0,3.56945801,3.56945801,1.0,1.0,1578642392470842,252316131272, HMD, -0.14813, 1.20133, 0.34591, 0.44354, 0.08874, 0.88154, -0.13521
3756767,1578642392469581,1,1,1,1,0,1,1,1,1,0,-0.36958313,0.18463135,0.91065979,-0.36105347,0.17242432,0.91645813,29.57348633,0.84397888,-29.16307068,-29.49812317,2.14996338,-25.70678711,0,0.0,3.55773926,3.55773926,1.0,1.0,1578642392470842,252316131272, HMD, -0.14813, 1.20133, 0.34591, 0.44354, 0.08874, 0.88154, -0.13521
3756767,1578642392473596,1,1,1,1,0,1,1,1,1,0,-0.36958313,0.18463135,0.91065979,-0.36105347,0.17242432,0.91645813,29.57348633,0.84397888,-29.16307068,-29.49812317,2.14996338,-25.70678711,0,0.0,3.55773926,3.55773926,1.0,1.0,1578642392473657,252316159415, HMD, -0.14817, 1.20136, 0.34574, 0.44411, 0.08864, 0.88124, -0.13536
3756776,1578642392477599,1,1,1,1,0,1,1,1,1,0,-0.35339355,0.18063354,0.91786194,-0.35949707,0.18586731,0.91442871,29.60064697,0.95481873,-29.53764343,-29.49069214,2.22116089,-25.93942261,0,0.0,3.51345825,3.51345825,1.0,1.0,1578642392474188,252316164726, HMD, -0.14818, 1.20137, 0.34571, 0.44422, 0.08864, 0.88118, -0.13538
3756776,1578642392481577,1,1,1,1,0,1,1,1,1,0,-0.35339355,0.18063354,0.91786194,-0.35949707,0.18586731,0.91442871,29.60064697,0.95481873,-29.53764343,-29.49069214,2.22116089,-25.93942261,0,0.0,3.51345825,3.51345825,1.0,1.0,1578642392482382,252316246667, HMD, -0.14830, 1.20148, 0.34522, 0.44595, 0.08842, 0.88027, -0.13581
3756784,1578642392485578,1,1,1,1,0,1,1,1,1,0,-0.35519409,0.1809082,0.91711426,-0.35899353,0.19274902,0.91320801,29.61286926,0.96377563,-29.58639526,-29.47354126,2.1738739,-25.78083801,0,0.0,3.51997375,3.51997375,1.0,1.0,1578642392485623,252316279077, HMD, -0.14835, 1.20152, 0.34501, 0.44661, 0.08835, 0.87991, -0.13596
3756784,1578642392489580,1,1,1,1,0,1,1,1,1,0,-0.35519409,0.1809082,0.91711426,-0.35899353,0.19274902,0.91320801,29.61286926,0.96377563,-29.58639526,-29.47354126,2.1738739,-25.78083801,0,0.0,3.51997375,3.51997375,1.0,1.0,1578642392485623,252316279077, HMD, -0.14835, 1.20152, 0.34501, 0.44661, 0.08835, 0.87991, -0.13596
3756792,1578642392493568,1,1,1,1,0,1,1,1,1,0,-0.38911438,0.19696045,0.89987183,-0.38136292,0.20458984,0.90148926,29.54679871,0.68727112,-28.69812012,-29.50112915,2.06983948,-25.43640137,0,0.0,3.56053162,3.56053162,1.0,1.0,1578642392501490,252316437791, HMD, -0.14854, 1.20176, 0.34406, 0.45003, 0.08825, 0.87806, -0.13672
3756792,1578642392497579,1,1,1,1,0,1,1,1,1,0,-0.38911438,0.19696045,0.89987183,-0.38136292,0.20458984,0.90148926,29.54679871,0.68727112,-28.69812012,-29.50112915,2.06983948,-25.43640137,0,0.0,3.56053162,3.56053162,1.0,1.0,1578642392501490,252316437791, HMD, -0.14854, 1.20176, 0.34406, 0.45003, 0.08825, 0.87806, -0.13672
3756801,1578642392501584,1,1,1,1,0,1,1,1,1,0,-0.44865417,0.24708557,0.8588562,-0.35134888,0.16859436,0.92092896,29.47375488,0.03787231,-26.57041931,-29.74768066,3.09898376,-28.7328186,0,0.0,3.7721405,3.7721405,1.0,1.0,1578642392501490,252316437791, HMD, -0.14854, 1.20176, 0.34406, 0.45003, 0.08825, 0.87806, -0.13672
3756801,1578642392505575,1,1,1,1,0,1,1,1,1,0,-0.44865417,0.24708557,0.8588562,-0.35134888,0.16859436,0.92092896,29.47375488,0.03787231,-26.57041931,-29.74768066,3.09898376,-28.7328186,0,0.0,3.7721405,3.7721405,1.0,1.0,1578642392505042,252316473261, HMD, -0.14854, 1.20178, 0.34384, 0.45080, 0.08829, 0.87764, -0.13689
3756809,1578642392509583,1,1,1,1,0,1,1,1,1,0,-0.40596008,0.21589661,0.88800049,-0.36810303,0.17102051,0.91390991,29.19319153,0.97782898,-29.52294922,-29.79641724,3.11143494,-28.74191284,0,0.0,3.60826111,3.60826111,1.0,1.0,1578642392505042,252316473261, HMD, -0.14854, 1.20178, 0.34384, 0.45080, 0.08829, 0.87764, -0.13689
3756809,1578642392513578,1,1,1,1,0,1,1,1,1,0,-0.40596008,0.21589661,0.88800049,-0.36810303,0.17102051,0.91390991,29.19319153,0.97782898,-29.52294922,-29.79641724,3.11143494,-28.74191284,0,0.0,3.60826111,3.60826111,1.0,1.0,1578642392514502,252316567896, HMD, -0.14872, 1.20195, 0.34329, 0.45280, 0.08843, 0.87654, -0.13724
3756809,1578642392517571,1,1,1,1,0,1,1,1,1,0,-0.41809082,0.21534729,0.88249207,-0.42082214,0.21635437,0.88095093,29.13557434,1.15962219,-30.17024231,-29.69032288,2.31544495,-26.12741089,0,0.0,3.70013428,3.70013428,1.0,1.0,1578642392517511,252316597957, HMD, -0.14875, 1.20199, 0.34310, 0.45345, 0.08849, 0.87618, -0.13734
3756817,1578642392521575,1,1,1,1,0,1,1,1,1,0,-0.41809082,0.21534729,0.88249207,-0.42082214,0.21635437,0.88095093,29.13557434,1.15962219,-30.17024231,-29.69032288,2.31544495,-26.12741089,0,0.0,3.70013428,3.70013428,1.0,1.0,1578642392517511,252316597957, HMD, -0.14875, 1.20199, 0.34310, 0.45345, 0.08849, 0.87618, -0.13734
3756817,1578642392525588,1,1,1,1,0,1,1,1,1,0,-0.39785767,0.20846558,0.89343262,-0.37788391,0.17190552,0.90974426,29.16891479,1.23292542,-30.47323608,-29.80081177,3.0559845,-28.56881714,0,0.0,3.49737549,3.49737549,1.0,1.0,1578642392530587,252316728745, HMD, -0.14895, 1.20219, 0.34234, 0.45627, 0.08887, 0.87461, -0.13771
3756826,1578642392529577,1,1,1,1,0,1,1,1,1,0,-0.39785767,0.20846558,0.89343262,-0.37788391,0.17190552,0.90974426,29.16891479,1.23292542,-30.47323608,-29.80081177,3.0559845,-28.56881714,0,0.0,3.49737549,3.49737549,1.0,1.0,1578642392530587,252316728745, HMD, -0.14895, 1.20219, 0.34234, 0.45627, 0.08887, 0.87461, -0.13771
3756826,1578642392533575,1,1,1,1,0,1,1,1,1,0,-0.39785767,0.20846558,0.89343262,-0.37788391,0.17190552,0.90974426,29.16891479,1.23292542,-30.47323608,-29.80081177,3.0559845,-28.56881714,0,0.0,3.49737549,3.49737549,1.0,1.0,1578642392533507,252316757916, HMD, -0.14897, 1.20222, 0.34216, 0.45691, 0.08897, 0.87426, -0.13777
3756834,1578642392537565,1,1,1,1,0,1,1,1,1,0,-0.41807556,0.21195984,0.8833313,-0.37483215,0.17680359,0.9100647,29.27565002,0.71833801,-28.64761353,-29.77891541,2.99635315,-28.42762756,0,0.0,3.59031677,3.59031677,1.0,1.0,1578642392534947,252316772311, HMD, -0.14898, 1.20224, 0.34207, 0.45722, 0.08904, 0.87409, -0.13779
3756842,1578642392544559,1,1,1,1,0,1,1,1,1,0,-0.51116943,0.27934265,0.81280518,-0.37132263,0.17611694,0.91163635,29.60116577,-0.84698486,-23.8525238,-29.758255,2.93319702,-28.2620697,0,0.0,3.81851196,3.81851196,1.0,1.0,1578642392534947,252316772311, HMD, -0.14898, 1.20224, 0.34207, 0.45722, 0.08904, 0.87409, -0.13779
3756842,1578642392548592,1,1,1,1,0,1,1,1,1,0,-0.51116943,0.27934265,0.81280518,-0.37132263,0.17611694,0.91163635,29.60116577,-0.84698486,-23.8525238,-29.758255,2.93319702,-28.2620697,0,0.0,3.81851196,3.81851196,1.0,1.0,1578642392534947,252316772311, HMD, -0.14898, 1.20224, 0.34207, 0.45722, 0.08904, 0.87409, -0.13779
3756851,1578642392559833,1,1,1,1,0,1,1,1,1,0,-0.47546387,0.2565918,0.84147644,-0.40649414,0.22694397,0.88500977,29.57182312,-0.40454102,-25.34318542,-29.57519531,1.98158264,-25.28842163,0,0.0,3.74508667,3.74508667,1.0,1.0,1578642392564418,252317067055, HMD, -0.14920, 1.20253, 0.34029, 0.46348, 0.09027, 0.87066, -0.13783
3756859,1578642392564828,1,1,1,1,0,1,1,1,1,0,-0.47546387,0.2565918,0.84147644,-0.40649414,0.22694397,0.88500977,29.57182312,-0.40454102,-25.34318542,-29.57519531,1.98158264,-25.28842163,0,0.0,3.74508667,3.74508667,1.0,1.0,1578642392564852,252317071364, HMD, -0.14921, 1.20254, 0.34026, 0.46358, 0.09027, 0.87060, -0.13782
3756867,1578642392569858,1,1,1,1,0,1,1,1,1,0,-0.46246338,0.25033569,0.85055542,-0.41123962,0.2205658,0.88442993,29.5514679,-0.1315918,-26.2255249,-29.56135559,2.00352478,-25.39707947,0,0.0,3.63439941,3.63439941,1.0,1.0,1578642392568523,252317108078, HMD, -0.14923, 1.20255, 0.34006, 0.46434, 0.09042, 0.87019, -0.13779
3756867,1578642392573816,1,1,1,1,0,1,1,1,1,0,-0.46246338,0.25033569,0.85055542,-0.41123962,0.2205658,0.88442993,29.5514679,-0.1315918,-26.2255249,-29.56135559,2.00352478,-25.39707947,0,0.0,3.63439941,3.63439941,1.0,1.0,1578642392568523,252317108078, HMD, -0.14923, 1.20255, 0.34006, 0.46434, 0.09042, 0.87019, -0.13779
3756876,1578642392577803,1,1,1,1,0,1,1,1,1,0,-0.44410706,0.23884583,0.86354065,-0.40267944,0.21343994,0.89009094,29.54856873,-0.0279541,-26.55369568,-29.5615387,2.08406067,-25.64251709,0,0.0,3.61222839,3.61222839,1.0,1.0,1578642392568523,252317108078, HMD, -0.14923, 1.20255, 0.34006, 0.46434, 0.09042, 0.87019, -0.13779
3756884,1578642392583799,1,1,1,1,0,1,1,1,1,0,-0.43504333,0.22817993,0.8710022,-0.39231873,0.21476746,0.89439392,29.548172,0.05662537,-26.8192749,-29.55279541,2.09066772,-25.66360474,0,0.0,3.54501343,3.54501343,1.0,1.0,1578642392588398,252317306932, HMD, -0.14938, 1.20269, 0.33898, 0.46835, 0.09122, 0.86800, -0.13746
3756884,1578642392587837,1,1,1,1,0,1,1,1,1,0,-0.43504333,0.22817993,0.8710022,-0.39231873,0.21476746,0.89439392,29.548172,0.05662537,-26.8192749,-29.55279541,2.09066772,-25.66360474,0,0.0,3.54501343,3.54501343,1.0,1.0,1578642392588398,252317306932, HMD, -0.14938, 1.20269, 0.33898, 0.46835, 0.09122, 0.86800, -0.13746
3756884,1578642392593796,1,1,1,1,0,1,1,1,1,0,-0.4283905,0.23355103,0.87287903,-0.39538574,0.21121216,0.89389038,29.55081177,0.16137695,-27.11853027,-29.53912354,2.0650177,-25.58042908,0,0.0,3.6309967,3.6309967,1.0,1.0,1578642392593093,252317353779, HMD, -0.14939, 1.20272, 0.33870, 0.46930, 0.09139, 0.86749, -0.13738
3756892,1578642392597798,1,1,1,1,0,1,1,1,1,0,-0.4283905,0.23355103,0.87287903,-0.39538574,0.21121216,0.89389038,29.55081177,0.16137695,-27.11853027,-29.53912354,2.0650177,-25.58042908,0,0.0,3.6309967,3.6309967,1.0,1.0,1578642392593093,252317353779, HMD, -0.14939, 1.20272, 0.33870, 0.46930, 0.09139, 0.86749, -0.13738
3756901,1578642392603801,1,1,1,1,0,1,1,1,1,0,-0.41253662,0.21870422,0.88427734,-0.39337158,0.21421814,0.89405823,29.55899048,0.30200195,-27.5267334,-29.53520203,2.06210327,-25.57424927,0,0.0,3.48986816,3.48986816,1.0,1.0,1578642392611183,252317534703, HMD, -0.14947, 1.20281, 0.33772, 0.47293, 0.09195, 0.86550, -0.13709
3756901,1578642392607800,1,1,1,1,0,1,1,1,1,0,-0.41253662,0.21870422,0.88427734,-0.39337158,0.21421814,0.89405823,29.55899048,0.30200195,-27.5267334,-29.53520203,2.06210327,-25.57424927,0,0.0,3.48986816,3.48986816,1.0,1.0,1578642392611183,252317534703, HMD, -0.14947, 1.20281, 0.33772, 0.47293, 0.09195, 0.86550, -0.13709
3756909,1578642392612797,1,1,1,1,0,1,1,1,1,0,-0.4099884,0.21206665,0.88708496,-0.39155579,0.21142578,0.89552307,29.56283569,0.45497131,-27.97853088,-29.53129578,2.05918884,-25.5680542,0,0.0,3.44419861,3.44419861,1.0,1.0,1578642392612759,252317550433, HMD, -0.14948, 1.20282, 0.33763, 0.47326, 0.09199, 0.86532, -0.13706
3756909,1578642392616787,1,1,1,1,0,1,1,1,1,0,-0.4099884,0.21206665,0.88708496,-0.39155579,0.21142578,0.89552307,29.56283569,0.45497131,-27.97853088,-29.53129578,2.05918884,-25.5680542,0,0.0,3.44419861,3.44419861,1.0,1.0,1578642392614285,252317565694, HMD, -0.14948, 1.20283, 0.33755, 0.47357, 0.09202, 0.86515, -0.13704
3756917,1578642392620787,1,1,1,1,0,1,1,1,1,0,-0.40600586,0.19454956,0.89291382,-0.39186096,0.21406555,0.89476013,29.56419373,0.5692749,-28.3276062,-29.52450562,2.04914856,-25.52993774,0,0.0,3.46510315,3.46510315,1.0,1.0,1578642392614285,252317565694, HMD, -0.14948, 1.20283, 0.33755, 0.47357, 0.09202, 0.86515, -0.13704
3756917,1578642392624798,1,1,1,1,0,1,1,1,1,0,-0.40600586,0.19454956,0.89291382,-0.39186096,0.21406555,0.89476013,29.56419373,0.5692749,-28.3276062,-29.52450562,2.04914856,-25.52993774,0,0.0,3.46510315,3.46510315,1.0,1.0,1578642392627515,252317698021, HMD, -0.14967, 1.20293, 0.33686, 0.47629, 0.09234, 0.86367, -0.13676
3756926,1578642392628777,1,1,1,1,0,1,1,1,1,0,-0.39378357,0.1905365,0.89923096,-0.39225769,0.21195984,0.89509583,29.56990051,0.67260742,-28.65185547,-29.51771545,2.03912354,-25.49182129,0,0.0,3.43513489,3.43513489,1.0,1.0,1578642392628821,252317711055, HMD, -0.14968, 1.20293, 0.33679, 0.47656, 0.09237, 0.86352, -0.13672
3756934,1578642392633784,1,1,1,1,0,1,1,1,1,0,-0.38417053,0.1955719,0.90229797,-0.34202576,0.16793823,0.92456055,29.57366943,0.76216125,-28.95846558,-29.61410522,2.85882568,-28.14657593,0,0.0,3.27587891,3.27587891,1.0,1.0,1578642392630635,252317729192, HMD, -0.14968, 1.20294, 0.33669, 0.47694, 0.09241, 0.86331, -0.13668
3756934,1578642392637780,1,1,1,1,0,1,1,1,1,0,-0.38417053,0.1955719,0.90229797,-0.34202576,0.16793823,0.92456055,29.57366943,0.76216125,-28.95846558,-29.61410522,2.85882568,-28.14657593,0,0.0,3.27587891,3.27587891,1.0,1.0,1578642392641236,252317835272, HMD, -0.14970, 1.20297, 0.33613, 0.47918, 0.09261, 0.86209, -0.13643
3756934,1578642392641789,1,1,1,1,0,1,1,1,1,0,-0.38417053,0.1955719,0.90229797,-0.34202576,0.16793823,0.92456055,29.57366943,0.76216125,-28.95846558,-29.61410522,2.85882568,-28.14657593,0,0.0,3.27587891,3.27587891,1.0,1.0,1578642392641713,252317839980, HMD, -0.14970, 1.20297, 0.33610, 0.47929, 0.09261, 0.86203, -0.13642
3756942,1578642392645781,1,1,1,1,0,1,1,1,1,0,-0.37516785,0.19873047,0.90539551,-0.37054443,0.21492004,0.90359497,29.58694458,0.82427979,-29.15699768,-29.4730835,2.0861969,-25.6493988,0,0.0,3.37930298,3.37930298,1.0,1.0,1578642392645767,252317880515, HMD, -0.14975, 1.20298, 0.33591, 0.48012, 0.09267, 0.86158, -0.13630
3756942,1578642392649782,1,1,1,1,0,1,1,1,1,0,-0.37516785,0.19873047,0.90539551,-0.37054443,0.21492004,0.90359497,29.58694458,0.82427979,-29.15699768,-29.4730835,2.0861969,-25.6493988,0,0.0,3.37930298,3.37930298,1.0,1.0,1578642392646718,252317890025, HMD, -0.14976, 1.20298, 0.33585, 0.48032, 0.09269, 0.86147, -0.13628
3756951,1578642392653792,1,1,1,1,0,1,1,1,1,0,-0.37294006,0.19670105,0.90675354,-0.32579041,0.1599884,0.93179321,29.60856628,0.91465759,-29.41326904,-29.60826111,3.02859497,-28.75093079,0,0.0,3.35122681,3.35122681,1.0,1.0,1578642392646718,252317890025, HMD, -0.14976, 1.20298, 0.33585, 0.48032, 0.09269, 0.86147, -0.13628
3756951,1578642392657788,1,1,1,1,0,1,1,1,1,0,-0.37294006,0.19670105,0.90675354,-0.32579041,0.1599884,0.93179321,29.60856628,0.91465759,-29.41326904,-29.60826111,3.02859497,-28.75093079,0,0.0,3.35122681,3.35122681,1.0,1.0,1578642392664353,252318066410, HMD, -0.14996, 1.20303, 0.33499, 0.48397, 0.09295, 0.85948, -0.13576
3756959,1578642392661768,1,1,1,1,0,1,1,1,1,0,-0.36665344,0.19355774,0.9099884,-0.37055969,0.20501709,0.90588379,29.63250732,0.97833252,-29.61729431,-29.41326904,1.94207764,-25.14704895,0,0.0,3.30625916,3.30625916,1.0,1.0,1578642392664353,252318066410, HMD, -0.14996, 1.20303, 0.33499, 0.48397, 0.09295, 0.85948, -0.13576
3756959,1578642392665779,1,1,1,1,0,1,1,1,1,0,-0.36665344,0.19355774,0.9099884,-0.37055969,0.20501709,0.90588379,29.63250732,0.97833252,-29.61729431,-29.41326904,1.94207764,-25.14704895,0,0.0,3.30625916,3.30625916,1.0,1.0,1578642392665685,252318079791, HMD, -0.14997, 1.20303, 0.33492, 0.48425, 0.09296, 0.85933, -0.13573
3756967,1578642392669773,1,1,1,1,0,1,1,1,1,0,-0.35786438,0.18717957,0.91481018,-0.36564636,0.21022034,0.9066925,29.65341187,1.09707642,-29.95385742,-29.40351868,1.98756409,-25.30183411,0,0.0,3.32823181,3.32823181,1.0,1.0,1578642392669505,252318117889, HMD, -0.14997, 1.20304, 0.33472, 0.48507, 0.09301, 0.85888, -0.13562
3756967,1578642392674776,1,1,1,1,0,1,1,1,1,0,-0.35786438,0.18717957,0.91481018,-0.36564636,0.21022034,0.9066925,29.65341187,1.09707642,-29.95385742,-29.40351868,1.98756409,-25.30183411,0,0.0,3.32823181,3.32823181,1.0,1.0,1578642392679868,252318221534, HMD, -0.14997, 1.20304, 0.33417, 0.48728, 0.09313, 0.85765, -0.13535
3756976,1578642392678790,1,1,1,1,0,1,1,1,1,0,-0.35740662,0.18951416,0.914505,-0.36178589,0.21211243,0.90779114,29.6631012,1.16203308,-30.11831665,-29.39312744,2.0093689,-25.34442139,0,0.0,3.24563599,3.24563599,1.0,1.0,1578642392679868,252318221534, HMD, -0.14997, 1.20304, 0.33417, 0.48728, 0.09313, 0.85765, -0.13535
3756976,1578642392682765,1,1,1,1,0,1,1,1,1,0,-0.35740662,0.18951416,0.914505,-0.36178589,0.21211243,0.90779114,29.6631012,1.16203308,-30.11831665,-29.39312744,2.0093689,-25.34442139,0,0.0,3.24563599,3.24563599,1.0,1.0,1578642392682798,252318250822, HMD, -0.14998, 1.20306, 0.33404, 0.48793, 0.09313, 0.85729, -0.13529
3756984,1578642392686780,1,1,1,1,0,1,1,1,1,0,-0.35430908,0.19363403,0.91485596,-0.32217407,0.18228149,0.92895508,29.6653595,1.16766357,-30.12191772,-29.52523804,2.82148743,-27.95283508,0,0.0,3.24829102,3.24829102,1.0,1.0,1578642392683100,252318253848, HMD, -0.14999, 1.20306, 0.33403, 0.48800, 0.09314, 0.85725, -0.13527
3756984,1578642392690771,1,1,1,1,0,1,1,1,1,0,-0.35430908,0.19363403,0.91485596,-0.32217407,0.18228149,0.92895508,29.6653595,1.16766357,-30.12191772,-29.52523804,2.82148743,-27.95283508,0,0.0,3.24829102,3.24829102,1.0,1.0,1578642392695947,252318382339, HMD, -0.15012, 1.20310, 0.33338, 0.49074, 0.09326, 0.85572, -0.13497
3756992,1578642392695767,1,1,1,1,0,1,1,1,1,0,-0.338974,0.20080566,0.91911316,-0.36357117,0.21755981,0.90579224,29.68081665,1.15133667,-30.03997803,-29.35806274,1.93197632,-25.03677368,0,0.0,3.25212097,3.25212097,1.0,1.0,1578642392695947,252318382339, HMD, -0.15012, 1.20310, 0.33338, 0.49074, 0.09326, 0.85572, -0.13497
3756992,1578642392699772,1,1,1,1,0,1,1,1,1,0,-0.338974,0.20080566,0.91911316,-0.36357117,0.21755981,0.90579224,29.68081665,1.15133667,-30.03997803,-29.35806274,1.93197632,-25.03677368,0,0.0,3.25212097,3.25212097,1.0,1.0,1578642392699265,252318415497, HMD, -0.15012, 1.20312, 0.33322, 0.49149, 0.09326, 0.85530, -0.13491
3757001,1578642392704762,1,1,1,1,0,1,1,1,1,0,-0.33410645,0.20004272,0.92105103,-0.36338806,0.2170105,0.90600586,29.70195007,1.17314148,-30.09541321,-29.33331299,1.9133606,-24.9719696,0,0.0,3.28952026,3.28952026,1.0,1.0,1578642392699265,252318415497, HMD, -0.15012, 1.20312, 0.33322, 0.49149, 0.09326, 0.85530, -0.13491
3757001,1578642392708773,1,1,1,1,0,1,1,1,1,0,-0.33410645,0.20004272,0.92105103,-0.36338806,0.2170105,0.90600586,29.70195007,1.17314148,-30.09541321,-29.33331299,1.9133606,-24.9719696,0,0.0,3.28952026,3.28952026,1.0,1.0,1578642392699265,252318415497, HMD, -0.15012, 1.20312, 0.33322, 0.49149, 0.09326, 0.85530, -0.13491
3757009,1578642392712770,1,1,1,1,0,1,1,1,1,0,-0.32093811,0.19166565,0.92749023,-0.32313538,0.17980957,0.92910767,29.68745422,1.43832397,-30.9944458,-29.4336853,2.64704895,-27.34204102,0,0.0,3.24526978,3.24526978,1.0,1.0,1578642392718318,252318606097, HMD, -0.15035, 1.20321, 0.33232, 0.49573, 0.09326, 0.85292, -0.13448
3757009,1578642392716760,1,1,1,1,0,1,1,1,1,0,-0.32093811,0.19166565,0.92749023,-0.32313538,0.17980957,0.92910767,29.68745422,1.43832397,-30.9944458,-29.4336853,2.64704895,-27.34204102,0,0.0,3.24526978,3.24526978,1.0,1.0,1578642392718318,252318606097, HMD, -0.15035, 1.20321, 0.33232, 0.49573, 0.09326, 0.85292, -0.13448
3757017,1578642392720786,1,1,1,1,0,1,1,1,1,0,-0.32243347,0.18261719,0.92880249,-0.35244751,0.21733093,0.91023254,29.74229431,1.50242615,-31.18759155,-29.27662659,1.89254761,-24.86686707,0,0.0,3.27201843,3.27201843,1.0,1.0,1578642392720729,252318630130, HMD, -0.15037, 1.20323, 0.33221, 0.49628, 0.09325, 0.85261, -0.13444
3757026,1578642392729866,1,1,1,1,0,1,1,1,1,0,-0.31581116,0.19039917,0.92950439,-0.30944824,0.17582703,0.93450928,29.77827454,1.41287231,-30.90084839,-29.40670776,2.7281189,-27.58062744,0,0.0,3.24046326,3.24046326,1.0,1.0,1578642392721808,252318640919, HMD, -0.15037, 1.20323, 0.33216, 0.49652, 0.09325, 0.85247, -0.13443
3757026,1578642392733646,1,1,1,1,0,1,1,1,1,0,-0.31581116,0.19039917,0.92950439,-0.30944824,0.17582703,0.93450928,29.77827454,1.41287231,-30.90084839,-29.40670776,2.7281189,-27.58062744,0,0.0,3.24046326,3.24046326,1.0,1.0,1578642392742335,252318846220, HMD, -0.15048, 1.20325, 0.33121, 0.50104, 0.09327, 0.84988, -0.13404
3757034,1578642392738599,1,1,1,1,0,1,1,1,1,0,-0.31213379,0.18391418,0.93205261,-0.29216003,0.1746521,0.9402771,29.80552673,1.39859009,-30.845047,-29.3915863,2.75637817,-27.6368103,0,0.0,3.14768982,3.14768982,1.0,1.0,1578642392742335,252318846220, HMD, -0.15048, 1.20325, 0.33121, 0.50104, 0.09327, 0.84988, -0.13404
3757034,1578642392742607,1,1,1,1,0,1,1,1,1,0,-0.31213379,0.18391418,0.93205261,-0.29216003,0.1746521,0.9402771,29.80552673,1.39859009,-30.845047,-29.3915863,2.75637817,-27.6368103,0,0.0,3.14768982,3.14768982,1.0,1.0,1578642392742589,252318848737, HMD, -0.15048, 1.20325, 0.33120, 0.50110, 0.09327, 0.84985, -0.13403
3757042,1578642392746581,1,1,1,1,0,1,1,1,1,0,-0.30889893,0.1884613,0.93222046,-0.28292847,0.16984558,0.94396973,29.83337402,1.40483093,-30.88027954,-29.36958313,2.76515198,-27.64968872,0,0.0,3.28736877,3.28736877,1.0,1.0,1578642392746442,252318887267, HMD, -0.15045, 1.20325, 0.33097, 0.50192, 0.09333, 0.84936, -0.13398
3757042,1578642392750568,1,1,1,1,0,1,1,1,1,0,-0.30889893,0.1884613,0.93222046,-0.28292847,0.16984558,0.94396973,29.83337402,1.40483093,-30.88027954,-29.36958313,2.76515198,-27.64968872,0,0.0,3.28736877,3.28736877,1.0,1.0,1578642392746442,252318887267, HMD, -0.15045, 1.20325, 0.33097, 0.50192, 0.09333, 0.84936, -0.13398
3757051,1578642392754595,1,1,1,1,0,1,1,1,1,0,-0.30039978,0.18267822,0.93614197,-0.28445435,0.17094421,0.9433136,29.85083008,1.41448975,-30.92723083,-29.33551025,2.72290039,-27.49508667,0,0.0,3.19281006,3.19281006,1.0,1.0,1578642392746442,252318887267, HMD, -0.15045, 1.20325, 0.33097, 0.50192, 0.09333, 0.84936, -0.13398
3757059,1578642392760579,1,1,1,1,0,1,1,1,1,0,-0.29338074,0.18692017,0.93753052,-0.28111267,0.17796326,0.94302368,29.87103271,1.36198425,-30.77658081,-29.31765747,2.74783325,-27.55230713,0,0.0,3.16023254,3.16023254,1.0,1.0,1578642392746442,252318887267, HMD, -0.15045, 1.20325, 0.33097, 0.50192, 0.09333, 0.84936, -0.13398
3757059,1578642392764631,1,1,1,1,0,1,1,1,1,0,-0.29338074,0.18692017,0.93753052,-0.28111267,0.17796326,0.94302368,29.87103271,1.36198425,-30.77658081,-29.31765747,2.74783325,-27.55230713,0,0.0,3.16023254,3.16023254,1.0,1.0,1578642392775104,252319173902, HMD, -0.15060, 1.20332, 0.32977, 0.50793, 0.09374, 0.84585, -0.13327
3757067,1578642392773563,1,1,1,1,0,1,1,1,1,0,-0.29672241,0.18800354,0.93626404,-0.27607727,0.16918945,0.94612122,29.90325928,1.34744263,-30.69445801,-29.31144714,2.82957458,-27.84692383,0,0.0,3.3759613,3.3759613,1.0,1.0,1578642392775104,252319173902, HMD, -0.15060, 1.20332, 0.32977, 0.50793, 0.09374, 0.84585, -0.13327
3757076,1578642392777577,1,1,1,1,0,1,1,1,1,0,-0.29359436,0.18807983,0.93722534,-0.27580261,0.16345215,0.94720459,29.94104004,1.28796387,-30.46725464,-29.31265259,2.89373779,-28.10325623,0,0.0,3.25776672,3.25776672,1.0,1.0,1578642392777676,252319199609, HMD, -0.15059, 1.20332, 0.32966, 0.50846, 0.09379, 0.84554, -0.13319
3757076,1578642392782553,1,1,1,1,0,1,1,1,1,0,-0.29359436,0.18807983,0.93722534,-0.27580261,0.16345215,0.94720459,29.94104004,1.28796387,-30.46725464,-29.31265259,2.89373779,-28.10325623,0,0.0,3.25776672,3.25776672,1.0,1.0,1578642392779348,252319216326, HMD, -0.15058, 1.20332, 0.32959, 0.50881, 0.09382, 0.84533, -0.13315
3757084,1578642392786547,1,1,1,1,0,1,1,1,1,0,-0.29586792,0.18061829,0.93798828,-0.26019287,0.16564941,0.95123291,29.97315979,1.21031189,-30.19444275,-29.30427551,2.92971802,-28.23483276,0,0.0,3.21884155,3.21884155,1.0,1.0,1578642392788820,252319311076, HMD, -0.15046, 1.20326, 0.32917, 0.51073, 0.09402, 0.84419, -0.13289
3757084,1578642392790547,1,1,1,1,0,1,1,1,1,0,-0.29586792,0.18061829,0.93798828,-0.26019287,0.16564941,0.95123291,29.97315979,1.21031189,-30.19444275,-29.30427551,2.92971802,-28.23483276,0,0.0,3.21884155,3.21884155,1.0,1.0,1578642392790493,252319327771, HMD, -0.15045, 1.20326, 0.32910, 0.51107, 0.09405, 0.84399, -0.13284
3757092,1578642392795044,1,1,1,1,0,1,1,1,1,0,-0.2933197,0.18901062,0.93713379,-0.26608276,0.16572571,0.94958496,29.99160767,1.12043762,-29.89190674,-29.27256775,2.82798767,-27.88969421,0,0.0,3.32051086,3.32051086,1.0,1.0,1578642392791945,252319342292, HMD, -0.15044, 1.20326, 0.32903, 0.51137, 0.09408, 0.84381, -0.13280
3757092,1578642392799045,1,1,1,1,0,1,1,1,1,0,-0.2933197,0.18901062,0.93713379,-0.26608276,0.16572571,0.94958496,29.99160767,1.12043762,-29.89190674,-29.27256775,2.82798767,-27.88969421,0,0.0,3.32051086,3.32051086,1.0,1.0,1578642392802389,252319446756, HMD, -0.15036, 1.20327, 0.32863, 0.51344, 0.09425, 0.84258, -0.13252
3757101,1578642392803040,1,1,1,1,0,1,1,1,1,0,-0.28967285,0.19017029,0.93803406,-0.25971985,0.15922546,0.95245361,30.00894165,1.04420471,-29.62406921,-29.24401855,2.87956238,-28.05108643,0,0.0,3.27470398,3.27470398,1.0,1.0,1578642392803043,252319453272, HMD, -0.15035, 1.20327, 0.32860, 0.51357, 0.09426, 0.84250, -0.13250
3757101,1578642392807063,1,1,1,1,0,1,1,1,1,0,-0.28967285,0.19017029,0.93803406,-0.25971985,0.15922546,0.95245361,30.00894165,1.04420471,-29.62406921,-29.24401855,2.87956238,-28.05108643,0,0.0,3.27470398,3.27470398,1.0,1.0,1578642392805504,252319477879, HMD, -0.15068, 1.20340, 0.32860, 0.51394, 0.09429, 0.84229, -0.13240
3757109,1578642392811041,1,1,1,1,0,1,1,1,1,0,-0.28367615,0.19166565,0.93955994,-0.26538086,0.16793823,0.9493866,30.0271759,1.02122498,-29.52764893,-29.23310852,2.87348938,-28.02888489,0,0.0,3.20947266,3.20947266,1.0,1.0,1578642392805504,252319477879, HMD, -0.15068, 1.20340, 0.32860, 0.51394, 0.09429, 0.84229, -0.13240
3757109,1578642392814819,1,1,1,1,0,1,1,1,1,0,-0.28367615,0.19166565,0.93955994,-0.26538086,0.16793823,0.9493866,30.0271759,1.02122498,-29.52764893,-29.23310852,2.87348938,-28.02888489,0,0.0,3.20947266,3.20947266,1.0,1.0,1578642392820035,252319623253, HMD, -0.15057, 1.20338, 0.32802, 0.51678, 0.09451, 0.84058, -0.13200
3757117,1578642392818832,1,1,1,1,0,1,1,1,1,0,-0.28430176,0.19267273,0.93916321,-0.24752808,0.15039063,0.9571228,30.05204773,1.00886536,-29.50428772,-29.2326355,2.99865723,-28.43713379,0,0.0,3.24681091,3.24681091,1.0,1.0,1578642392820035,252319623253, HMD, -0.15057, 1.20338, 0.32802, 0.51678, 0.09451, 0.84058, -0.13200
3757117,1578642392823829,1,1,1,1,0,1,1,1,1,0,-0.28430176,0.19267273,0.93916321,-0.24752808,0.15039063,0.9571228,30.05204773,1.00886536,-29.50428772,-29.2326355,2.99865723,-28.43713379,0,0.0,3.24681091,3.24681091,1.0,1.0,1578642392823755,252319660399, HMD, -0.15056, 1.20339, 0.32789, 0.51754, 0.09453, 0.84013, -0.13189
3757126,1578642392827829,1,1,1,1,0,1,1,1,1,0,-0.30586243,0.2159729,0.92724609,-0.24635315,0.15368652,0.95690918,30.16615295,0.54798889,-28.15478516,-29.23812866,3.10089111,-28.77523804,0,0.0,3.338974,3.338974,1.0,1.0,1578642392826088,252319683722, HMD, -0.15073, 1.20345, 0.32786, 0.51788, 0.09460, 0.83993, -0.13181
3757134,1578642392835812,1,1,1,1,0,1,1,1,1,0,-0.30436707,0.21324158,0.92837524,-0.2427063,0.16189575,0.95648193,30.16343689,0.53033447,-28.11369324,-29.22845459,3.09063721,-28.74240112,0,0.0,3.22579956,3.22579956,1.0,1.0,1578642392835722,252319780074, HMD, -0.15065, 1.20344, 0.32750, 0.51971, 0.09476, 0.83882, -0.13156
3757134,1578642392839812,1,1,1,1,0,1,1,1,1,0,-0.30436707,0.21324158,0.92837524,-0.2427063,0.16189575,0.95648193,30.16343689,0.53033447,-28.11369324,-29.22845459,3.09063721,-28.74240112,0,0.0,3.22579956,3.22579956,1.0,1.0,1578642392839173,252319814577, HMD, -0.15062, 1.20343, 0.32737, 0.52036, 0.09482, 0.83842, -0.13146
3757142,1578642392845812,1,1,1,1,0,1,1,1,1,0,-0.28398132,0.19216919,0.93936157,-0.26083374,0.16281128,0.95153809,29.9571991,1.2084198,-30.24943542,-29.27127075,2.96734619,-28.34872437,0,0.0,3.19622803,3.19622803,1.0,1.0,1578642392850365,252319926519, HMD, -0.15070, 1.20348, 0.32698, 0.52233, 0.09504, 0.83721, -0.13117
3757142,1578642392849812,1,1,1,1,0,1,1,1,1,0,-0.28398132,0.19216919,0.93936157,-0.26083374,0.16281128,0.95153809,29.9571991,1.2084198,-30.24943542,-29.27127075,2.96734619,-28.34872437,0,0.0,3.19622803,3.19622803,1.0,1.0,1578642392850365,252319926519, HMD, -0.15070, 1.20348, 0.32698, 0.52233, 0.09504, 0.83721, -0.13117
3757151,1578642392854823,1,1,1,1,0,1,1,1,1,0,-0.3180542,0.17562866,0.93165588,-0.27832031,0.17169189,0.94500732,29.78657532,1.34860229,-30.6975708,-29.35993958,2.97186279,-28.37408447,0,0.0,3.27807617,3.27807617,1.0,1.0,1578642392853920,252319962044, HMD, -0.15066, 1.20347, 0.32685, 0.52298, 0.09512, 0.83682, -0.13108
3757159,1578642392858819,1,1,1,1,0,1,1,1,1,0,-0.35652161,0.18927002,0.91490173,-0.30731201,0.17076111,0.93615723,29.62571716,1.0827179,-30.01773071,-29.39840698,2.81277466,-27.81213379,0,0.0,3.26072693,3.26072693,1.0,1.0,1578642392853920,252319962044, HMD, -0.15066, 1.20347, 0.32685, 0.52298, 0.09512, 0.83682, -0.13108
3757159,1578642392862903,1,1,1,1,0,1,1,1,1,0,-0.35652161,0.18927002,0.91490173,-0.30731201,0.17076111,0.93615723,29.62571716,1.0827179,-30.01773071,-29.39840698,2.81277466,-27.81213379,0,0.0,3.26072693,3.26072693,1.0,1.0,1578642392866105,252320083915, HMD, -0.15071, 1.20350, 0.32646, 0.52508, 0.09540, 0.83551, -0.13079
3757167,1578642392867816,1,1,1,1,0,1,1,1,1,0,-0.37373352,0.18911743,0.90803528,-0.37165833,0.18762207,0.90919495,29.5667572,0.79794312,-29.23800659,-29.3290863,2.20095825,-25.86672974,0,0.0,3.37985229,3.37985229,1.0,1.0,1578642392867800,252320100844, HMD, -0.15069, 1.20350, 0.32640, 0.52537, 0.09545, 0.83533, -0.13076
3757167,1578642392871819,1,1,1,1,0,1,1,1,1,0,-0.37373352,0.18911743,0.90803528,-0.37165833,0.18762207,0.90919495,29.5667572,0.79794312,-29.23800659,-29.3290863,2.20095825,-25.86672974,0,0.0,3.37985229,3.37985229,1.0,1.0,1578642392869192,252320114759, HMD, -0.15068, 1.20350, 0.32635, 0.52561, 0.09548, 0.83518, -0.13073
3757167,1578642392875904,1,1,1,1,0,1,1,1,1,0,-0.37373352,0.18911743,0.90803528,-0.37165833,0.18762207,0.90919495,29.5667572,0.79794312,-29.23800659,-29.3290863,2.20095825,-25.86672974,0,0.0,3.37985229,3.37985229,1.0,1.0,1578642392869192,252320114759, HMD, -0.15068, 1.20350, 0.32635, 0.52561, 0.09548, 0.83518, -0.13073
3757176,1578642392879807,1,1,1,1,0,1,1,1,1,0,-0.37042236,0.18865967,0.90948486,-0.35479736,0.18754578,0.91592407,29.57804871,0.82444763,-29.30870056,-29.37332153,2.3302002,-26.2906189,0,0.0,3.37033081,3.37033081,1.0,1.0,1578642392869192,252320114759, HMD, -0.15068, 1.20350, 0.32635, 0.52561, 0.09548, 0.83518, -0.13073
3757176,1578642392885823,1,1,1,1,0,1,1,1,1,0,-0.36663818,0.17709351,0.91334534,-0.35533142,0.18432617,0.91636658,29.61579895,0.91983032,-29.57981873,-29.36416626,2.31643677,-26.26272583,0,0.0,3.3768158,3.3768158,1.0,1.0,1578642392890523,252320328107, HMD, -0.15055, 1.20352, 0.32573, 0.52907, 0.09605, 0.83299, -0.13036
3757184,1578642392889822,1,1,1,1,0,1,1,1,1,0,-0.36663818,0.17709351,0.91334534,-0.35533142,0.18432617,0.91636658,29.61579895,0.91983032,-29.57981873,-29.36416626,2.31643677,-26.26272583,0,0.0,3.3768158,3.3768158,1.0,1.0,1578642392890523,252320328107, HMD, -0.15055, 1.20352, 0.32573, 0.52907, 0.09605, 0.83299, -0.13036
3757192,1578642392893804,1,1,1,1,0,1,1,1,1,0,-0.36239624,0.18315125,0.91383362,-0.35583496,0.18074036,0.91690063,29.64016724,1.0440979,-29.93638611,-29.35501099,2.30265808,-26.23483276,0,0.0,3.34977722,3.34977722,1.0,1.0,1578642392893748,252320360326, HMD, -0.15052, 1.20352, 0.32564, 0.52957, 0.09615, 0.83266, -0.13032
3757192,1578642392897815,1,1,1,1,0,1,1,1,1,0,-0.36239624,0.18315125,0.91383362,-0.35583496,0.18074036,0.91690063,29.64016724,1.0440979,-29.93638611,-29.35501099,2.30265808,-26.23483276,0,0.0,3.34977722,3.34977722,1.0,1.0,1578642392894514,252320367983, HMD, -0.15051, 1.20352, 0.32561, 0.52969, 0.09617, 0.83259, -0.13031
3757201,1578642392901823,1,1,1,1,0,1,1,1,1,0,-0.35163879,0.17909241,0.9188385,-0.35600281,0.17854309,0.91725159,29.65608215,1.0695343,-30.00151062,-29.35023499,2.27622986,-26.16162109,0,0.0,3.35549927,3.35549927,1.0,1.0,1578642392908288,252320505746, HMD, -0.15046, 1.20355, 0.32525, 0.53168, 0.09655, 0.83130, -0.13013
3757201,1578642392905788,1,1,1,1,0,1,1,1,1,0,-0.35163879,0.17909241,0.9188385,-0.35600281,0.17854309,0.91725159,29.65608215,1.0695343,-30.00151062,-29.35023499,2.27622986,-26.16162109,0,0.0,3.35549927,3.35549927,1.0,1.0,1578642392908288,252320505746, HMD, -0.15046, 1.20355, 0.32525, 0.53168, 0.09655, 0.83130, -0.13013
3757209,1578642392909807,1,1,1,1,0,1,1,1,1,0,-0.35276794,0.17282104,0.91960144,-0.35842896,0.18051147,0.91592407,29.66705322,1.0802002,-30.03549194,-29.34547424,2.24980164,-26.11703491,0,0.0,3.35157776,3.35157776,1.0,1.0,1578642392909742,252320520259, HMD, -0.15044, 1.20354, 0.32521, 0.53190, 0.09659, 0.83116, -0.13011
3757209,1578642392913793,1,1,1,1,0,1,1,1,1,0,-0.35276794,0.17282104,0.91960144,-0.35842896,0.18051147,0.91592407,29.66705322,1.0802002,-30.03549194,-29.34547424,2.24980164,-26.11703491,0,0.0,3.35157776,3.35157776,1.0,1.0,1578642392911838,252320541229, HMD, -0.15041, 1.20354, 0.32515, 0.53221, 0.09663, 0.83096, -0.13008
3757209,1578642392917798,1,1,1,1,0,1,1,1,1,0,-0.35276794,0.17282104,0.91960144,-0.35842896,0.18051147,0.91592407,29.66705322,1.0802002,-30.03549194,-29.34547424,2.24980164,-26.11703491,0,0.0,3.35157776,3.35157776,1.0,1.0,1578642392920608,252320628932, HMD, -0.15025, 1.20355, 0.32493, 0.53346, 0.09684, 0.83015, -0.12998
3757217,1578642392921796,1,1,1,1,0,1,1,1,1,0,-0.34887695,0.17155457,0.92132568,-0.35780334,0.17971802,0.91633606,29.68112183,1.08023071,-30.06652832,-29.34309387,2.24978638,-26.11911011,0,0.0,3.33395386,3.33395386,1.0,1.0,1578642392921829,252320641130, HMD, -0.15024, 1.20355, 0.32490, 0.53363, 0.09687, 0.83004, -0.12997
3757226,1578642392926798,1,1,1,1,0,1,1,1,1,0,-0.33807373,0.1762085,0.92446899,-0.35717773,0.17863464,0.91677856,29.69973755,1.06700134,-30.01719666,-29.3407135,2.24977112,-26.11703491,0,0.0,3.36228943,3.36228943,1.0,1.0,1578642392923934,252320662188, HMD, -0.15018, 1.20352, 0.32485, 0.53394, 0.09689, 0.82984, -0.12995
3757226,1578642392930804,1,1,1,1,0,1,1,1,1,0,-0.33807373,0.1762085,0.92446899,-0.35717773,0.17863464,0.91677856,29.69973755,1.06700134,-30.01719666,-29.3407135,2.24977112,-26.11703491,0,0.0,3.36228943,3.36228943,1.0,1.0,1578642392933165,252320754504, HMD, -0.15016, 1.20355, 0.32465, 0.53514, 0.09709, 0.82906, -0.12985
3757234,1578642392935788,1,1,1,1,0,1,1,1,1,0,-0.33456421,0.18287659,0.92445374,-0.35675049,0.17921448,0.9168396,29.71815491,1.08807373,-30.05725098,-29.33920288,2.24978638,-26.11911011,0,0.0,3.33616638,3.33616638,1.0,1.0,1578642392935803,252320780875, HMD, -0.15012, 1.20355, 0.32458, 0.53548, 0.09714, 0.82884, -0.12983
3757234,1578642392939781,1,1,1,1,0,1,1,1,1,0,-0.33456421,0.18287659,0.92445374,-0.35675049,0.17921448,0.9168396,29.71815491,1.08807373,-30.05725098,-29.33920288,2.24978638,-26.11911011,0,0.0,3.33616638,3.33616638,1.0,1.0,1578642392936258,252320785420, HMD, -0.15012, 1.20355, 0.32457, 0.53554, 0.09714, 0.82880, -0.12983
3757242,1578642392944782,1,1,1,1,0,1,1,1,1,0,-0.3314209,0.17338562,0.92739868,-0.35635376,0.17883301,0.91706848,29.73948669,1.10568237,-30.10374451,-29.33769226,2.24980164,-26.12120056,0,0.0,3.32972717,3.32972717,1.0,1.0,1578642392948404,252320906891, HMD, -0.15002, 1.20360, 0.32432, 0.53702, 0.09730, 0.82783, -0.12979
3757242,1578642392948784,1,1,1,1,0,1,1,1,1,0,-0.3314209,0.17338562,0.92739868,-0.35635376,0.17883301,0.91706848,29.73948669,1.10568237,-30.10374451,-29.33769226,2.24980164,-26.12120056,0,0.0,3.32972717,3.32972717,1.0,1.0,1578642392948725,252320910089, HMD, -0.15002, 1.20360, 0.32432, 0.53706, 0.09731, 0.82780, -0.12979
3757251,1578642392952792,1,1,1,1,0,1,1,1,1,0,-0.33769226,0.18257141,0.92337036,-0.35491943,0.17855835,0.91767883,29.75947571,1.17518616,-30.31079102,-29.33753967,2.26257324,-26.17800903,0,0.0,3.41429138,3.41429138,1.0,1.0,1578642392951480,252320937645, HMD, -0.14998, 1.20360, 0.32426, 0.53740, 0.09733, 0.82758, -0.12979
3757251,1578642392956777,1,1,1,1,0,1,1,1,1,0,-0.33769226,0.18257141,0.92337036,-0.35491943,0.17855835,0.91767883,29.75947571,1.17518616,-30.31079102,-29.33753967,2.26257324,-26.17800903,0,0.0,3.41429138,3.41429138,1.0,1.0,1578642392961946,252321042320, HMD, -0.14979, 1.20363, 0.32408, 0.53866, 0.09736, 0.82675, -0.12982
3757259,1578642392960774,1,1,1,1,0,1,1,1,1,0,-0.33235168,0.1789093,0.92602539,-0.35343933,0.17858887,0.91824341,29.78381348,1.1783905,-30.31491089,-29.33769226,2.27536011,-26.23483276,0,0.0,3.36352539,3.36352539,1.0,1.0,1578642392961946,252321042320, HMD, -0.14979, 1.20363, 0.32408, 0.53866, 0.09736, 0.82675, -0.12982
3757267,1578642392968775,1,1,1,1,0,1,1,1,1,0,-0.33227539,0.17817688,0.92619324,-0.34863281,0.17654419,0.92047119,29.79890442,1.18211365,-30.32099915,-29.33920288,2.28140259,-26.24577332,0,0.0,3.32417297,3.32417297,1.0,1.0,1578642392965778,252321080619, HMD, -0.14987, 1.20366, 0.32405, 0.53907, 0.09735, 0.82648, -0.12982
3757267,1578642392972781,1,1,1,1,0,1,1,1,1,0,-0.33227539,0.17817688,0.92619324,-0.34863281,0.17654419,0.92047119,29.79890442,1.18211365,-30.32099915,-29.33920288,2.28140259,-26.24577332,0,0.0,3.32417297,3.32417297,1.0,1.0,1578642392975394,252321176785, HMD, -0.14973, 1.20368, 0.32389, 0.54017, 0.09730, 0.82577, -0.12983
3757276,1578642392976770,1,1,1,1,0,1,1,1,1,0,-0.33105469,0.17515564,0.92720032,-0.34378052,0.17419434,0.92274475,29.80426025,1.17683411,-30.30337524,-29.3407135,2.28744507,-26.25672913,0,0.0,3.38771057,3.38771057,1.0,1.0,1578642392976717,252321190014, HMD, -0.14971, 1.20368, 0.32387, 0.54032, 0.09729, 0.82567, -0.12983
3757276,1578642392980762,1,1,1,1,0,1,1,1,1,0,-0.33105469,0.17515564,0.92720032,-0.34378052,0.17419434,0.92274475,29.80426025,1.17683411,-30.30337524,-29.3407135,2.28744507,-26.25672913,0,0.0,3.38771057,3.38771057,1.0,1.0,1578642392978383,252321206677, HMD, -0.14965, 1.20369, 0.32386, 0.54051, 0.09727, 0.82555, -0.12984
3757284,1578642392984770,1,1,1,1,0,1,1,1,1,0,-0.32913208,0.17921448,0.92710876,-0.33876038,0.17259216,0.92489624,29.80961609,1.17155457,-30.28575134,-29.34309387,2.2950592,-26.26951599,0,0.0,3.40400696,3.40400696,1.0,1.0,1578642392986679,252321289638, HMD, -0.14966, 1.20373, 0.32379, 0.54140, 0.09719, 0.82498, -0.12979
3757284,1578642392988767,1,1,1,1,0,1,1,1,1,0,-0.32913208,0.17921448,0.92710876,-0.33876038,0.17259216,0.92489624,29.80961609,1.17155457,-30.28575134,-29.34309387,2.2950592,-26.26951599,0,0.0,3.40400696,3.40400696,1.0,1.0,1578642392988814,252321310983, HMD, -0.14963, 1.20373, 0.32376, 0.54163, 0.09718, 0.82484, -0.12978
3757292,1578642392992768,1,1,1,1,0,1,1,1,1,0,-0.32444763,0.17590332,0.92938232,-0.33483887,0.17103577,0.92660522,29.81401062,1.15562439,-30.23088074,-29.3407135,2.30265808,-26.2822876,0,0.0,3.38673401,3.38673401,1.0,1.0,1578642392989756,252321320402, HMD, -0.14961, 1.20373, 0.32375, 0.54173, 0.09717, 0.82477, -0.12977
3757292,1578642392997765,1,1,1,1,0,1,1,1,1,0,-0.32444763,0.17590332,0.92938232,-0.33483887,0.17103577,0.92660522,29.81401062,1.15562439,-30.23088074,-29.3407135,2.30265808,-26.2822876,0,0.0,3.38673401,3.38673401,1.0,1.0,1578642392998727,252321410114, HMD, -0.14947, 1.20372, 0.32364, 0.54264, 0.09711, 0.82419, -0.12969
3757301,1578642393001769,1,1,1,1,0,1,1,1,1,0,-0.32006836,0.17791748,0.93052673,-0.33183289,0.16947937,0.92797852,29.81838989,1.13969421,-30.17599487,-29.33769226,2.30265808,-26.2822876,0,0.0,3.40345764,3.40345764,1.0,1.0,1578642393001783,252321440670, HMD, -0.14945, 1.20373, 0.32361, 0.54298, 0.09702, 0.82398, -0.12965
3757301,1578642393005775,1,1,1,1,0,1,1,1,1,0,-0.32006836,0.17791748,0.93052673,-0.33183289,0.16947937,0.92797852,29.81838989,1.13969421,-30.17599487,-29.33769226,2.30265808,-26.2822876,0,0.0,3.40345764,3.40345764,1.0,1.0,1578642393001980,252321442642, HMD, -0.14945, 1.20373, 0.32361, 0.54300, 0.09702, 0.82397, -0.12965
3757309,1578642393009761,1,1,1,1,0,1,1,1,1,0,-0.31532288,0.17652893,0.93241882,-0.33335876,0.18824768,0.92379761,29.90020752,1.10678101,-30.09912109,-29.21075439,1.95837402,-25.17964172,0,0.0,3.32118225,3.32118225,1.0,1.0,1578642393010695,252321529799, HMD, -0.14940, 1.20373, 0.32356, 0.54376, 0.09700, 0.82351, -0.12944
3757309,1578642393013774,1,1,1,1,0,1,1,1,1,0,-0.31532288,0.17652893,0.93241882,-0.33335876,0.18824768,0.92379761,29.90020752,1.10678101,-30.09912109,-29.21075439,1.95837402,-25.17964172,0,0.0,3.32118225,3.32118225,1.0,1.0,1578642393013695,252321559791, HMD, -0.14936, 1.20372, 0.32353, 0.54401, 0.09698, 0.82335, -0.12937
3757317,1578642393017769,1,1,1,1,0,1,1,1,1,0,-0.31532288,0.17652893,0.93241882,-0.33335876,0.18824768,0.92379761,29.90020752,1.10678101,-30.09912109,-29.21075439,1.95837402,-25.17964172,0,0.0,3.32118225,3.32118225,1.0,1.0,1578642393013891,252321561760, HMD, -0.14935, 1.20372, 0.32353, 0.54403, 0.09698, 0.82334, -0.12937
3757317,1578642393021780,1,1,1,1,0,1,1,1,1,0,-0.30809021,0.17462158,0.93518066,-0.3200531,0.17637634,0.93083191,29.87663269,1.25575256,-30.73823547,-29.22067261,2.13626099,-25.77160645,0,0.0,3.38722229,3.38722229,1.0,1.0,1578642393013891,252321561760, HMD, -0.14935, 1.20372, 0.32353, 0.54403, 0.09698, 0.82334, -0.12937
3757326,1578642393027784,1,1,1,1,0,1,1,1,1,0,-0.30517578,0.17901611,0.93530273,-0.31750488,0.17201233,0.93251038,29.91415405,1.25733948,-30.73114014,-29.2102356,2.12742615,-25.72886658,0,0.0,3.38569641,3.38569641,1.0,1.0,1578642393039817,252321821027, HMD, -0.14898, 1.20361, 0.32336, 0.54574, 0.09693, 0.82233, -0.12864
3757326,1578642393031758,1,1,1,1,0,1,1,1,1,0,-0.30517578,0.17901611,0.93530273,-0.31750488,0.17201233,0.93251038,29.91415405,1.25733948,-30.73114014,-29.2102356,2.12742615,-25.72886658,0,0.0,3.38569641,3.38569641,1.0,1.0,1578642393039817,252321821027, HMD, -0.14898, 1.20361, 0.32336, 0.54574, 0.09693, 0.82233, -0.12864
3757334,1578642393036052,1,1,1,1,0,1,1,1,1,0,-0.3031311,0.18130493,0.93553162,-0.32479858,0.17694092,0.92907715,29.93869019,1.23905945,-30.65464783,-29.20025635,2.13626099,-25.77160645,0,0.0,3.36738586,3.36738586,1.0,1.0,1578642393039817,252321821027, HMD, -0.14898, 1.20361, 0.32336, 0.54574, 0.09693, 0.82233, -0.12864
3757334,1578642393042064,1,1,1,1,0,1,1,1,1,0,-0.3031311,0.18130493,0.93553162,-0.32479858,0.17694092,0.92907715,29.93869019,1.23905945,-30.65464783,-29.20025635,2.13626099,-25.77160645,0,0.0,3.36738586,3.36738586,1.0,1.0,1578642393042097,252321843815, HMD, -0.14893, 1.20359, 0.32335, 0.54587, 0.09691, 0.82226, -0.12858
3757342,1578642393046024,1,1,1,1,0,1,1,1,1,0,-0.304245,0.17759705,0.93588257,-0.3195343,0.17222595,0.93177795,29.94947815,1.18354797,-30.46131897,-29.20002747,2.16296387,-25.84687805,0,0.0,3.38796997,3.38796997,1.0,1.0,1578642393044059,252321863431, HMD, -0.14887, 1.20355, 0.32331, 0.54595, 0.09692, 0.82221, -0.12854
3757342,1578642393050038,1,1,1,1,0,1,1,1,1,0,-0.304245,0.17759705,0.93588257,-0.3195343,0.17222595,0.93177795,29.94947815,1.18354797,-30.46131897,-29.20002747,2.16296387,-25.84687805,0,0.0,3.38796997,3.38796997,1.0,1.0,1578642393051378,252321936625, HMD, -0.14874, 1.20351, 0.32330, 0.54628, 0.09691, 0.82202, -0.12830
3757351,1578642393054020,1,1,1,1,0,1,1,1,1,0,-0.30384827,0.17765808,0.93600464,-0.31419373,0.17192078,0.93365479,29.94996643,1.17756653,-30.43519592,-29.19979858,2.18965149,-25.92214966,0,0.0,3.41001892,3.41001892,1.0,1.0,1578642393054028,252321963126, HMD, -0.14870, 1.20349, 0.32329, 0.54640, 0.09690, 0.82196, -0.12822
3757351,1578642393058030,1,1,1,1,0,1,1,1,1,0,-0.30384827,0.17765808,0.93600464,-0.31419373,0.17192078,0.93365479,29.94996643,1.17756653,-30.43519592,-29.19979858,2.18965149,-25.92214966,0,0.0,3.41001892,3.41001892,1.0,1.0,1578642393054613,252321968974, HMD, -0.14869, 1.20349, 0.32329, 0.54642, 0.09690, 0.82195, -0.12820
3757359,1578642393062048,1,1,1,1,0,1,1,1,1,0,-0.30448914,0.17741394,0.93583679,-0.31604004,0.17379761,0.93267822,29.94947815,1.17158508,-30.40905762,-29.19464111,2.19044495,-25.92996216,0,0.0,3.40078735,3.40078735,1.0,1.0,1578642393063893,252322061796, HMD, -0.14845, 1.20340, 0.32330, 0.54679, 0.09687, 0.82175, -0.12791
3757359,1578642393066050,1,1,1,1,0,1,1,1,1,0,-0.30448914,0.17741394,0.93583679,-0.31604004,0.17379761,0.93267822,29.94947815,1.17158508,-30.40905762,-29.19464111,2.19044495,-25.92996216,0,0.0,3.40078735,3.40078735,1.0,1.0,1578642393066058,252322083422, HMD, -0.14850, 1.20343, 0.32331, 0.54680, 0.09689, 0.82176, -0.12781
3757367,1578642393070016,1,1,1,1,0,1,1,1,1,0,-0.30307007,0.18092346,0.93562317,-0.31604004,0.17547607,0.93237305,29.94692993,1.16624451,-30.39033508,-29.19136047,2.1912384,-25.93778992,0,0.0,3.39717102,3.39717102,1.0,1.0,1578642393067094,252322093782, HMD, -0.14848, 1.20343, 0.32331, 0.54684, 0.09689, 0.82174, -0.12777
3757367,1578642393074013,1,1,1,1,0,1,1,1,1,0,-0.30307007,0.18092346,0.93562317,-0.31604004,0.17547607,0.93237305,29.94692993,1.16624451,-30.39033508,-29.19136047,2.1912384,-25.93778992,0,0.0,3.39717102,3.39717102,1.0,1.0,1578642393074974,252322172586, HMD, -0.14835, 1.20337, 0.32332, 0.54709, 0.09684, 0.82163, -0.12747
3757376,1578642393078030,1,1,1,1,0,1,1,1,1,0,-0.30328369,0.18444824,0.93487549,-0.31558228,0.17298889,0.9329834,29.94436646,1.16088867,-30.37161255,-29.19432068,2.20050049,-25.94877625,0,0.0,3.39407349,3.39407349,1.0,1.0,1578642393077980,252322202644, HMD, -0.14830, 1.20334, 0.32333, 0.54717, 0.09683, 0.82159, -0.12737
3757376,1578642393082029,1,1,1,1,0,1,1,1,1,0,-0.30328369,0.18444824,0.93487549,-0.31558228,0.17298889,0.9329834,29.94436646,1.16088867,-30.37161255,-29.19432068,2.20050049,-25.94877625,0,0.0,3.39407349,3.39407349,1.0,1.0,1578642393078425,252322207096, HMD, -0.14829, 1.20334, 0.32333, 0.54718, 0.09683, 0.82158, -0.12735
3757384,1578642393086072,1,1,1,1,0,1,1,1,1,0,-0.30160522,0.18478394,0.93534851,-0.31469727,0.17044067,0.93374634,29.94065857,1.16239929,-30.38082886,-29.19728088,2.20976257,-25.95977783,0,0.0,3.39909363,3.39909363,1.0,1.0,1578642393087034,252322293193, HMD, -0.14823, 1.20329, 0.32339, 0.54736, 0.09676, 0.82153, -0.12696
3757384,1578642393091008,1,1,1,1,0,1,1,1,1,0,-0.30160522,0.18478394,0.93534851,-0.31469727,0.17044067,0.93374634,29.94065857,1.16239929,-30.38082886,-29.19728088,2.20976257,-25.95977783,0,0.0,3.39909363,3.39909363,1.0,1.0,1578642393090727,252322330113, HMD, -0.14817, 1.20326, 0.32340, 0.54742, 0.09674, 0.82152, -0.12679
3757392,1578642393095023,1,1,1,1,0,1,1,1,1,0,-0.30166626,0.18449402,0.93537903,-0.31352234,0.16923523,0.93437195,29.93695068,1.16088867,-30.37161255,-29.19717407,2.22149658,-25.99645996,0,0.0,3.40486145,3.40486145,1.0,1.0,1578642393090727,252322330113, HMD, -0.14817, 1.20326, 0.32340, 0.54742, 0.09674, 0.82152, -0.12679
3757392,1578642393099012,1,1,1,1,0,1,1,1,1,0,-0.30166626,0.18449402,0.93537903,-0.31352234,0.16923523,0.93437195,29.93695068,1.16088867,-30.37161255,-29.19717407,2.22149658,-25.99645996,0,0.0,3.40486145,3.40486145,1.0,1.0,1578642393099619,252322419040, HMD, -0.14802, 1.20316, 0.32345, 0.54758, 0.09667, 0.82149, -0.12636
3757401,1578642393103018,1,1,1,1,0,1,1,1,1,0,-0.30195618,0.18431091,0.93531799,-0.31355286,0.16923523,0.93435669,29.94065857,1.15487671,-30.3440094,-29.19708252,2.23323059,-26.03314209,0,0.0,3.41426086,3.41426086,1.0,1.0,1578642393102963,252322452474, HMD, -0.14802, 1.20318, 0.32348, 0.54766, 0.09660, 0.82147, -0.12618
3757401,1578642393107040,1,1,1,1,0,1,1,1,1,0,-0.30195618,0.18431091,0.93531799,-0.31355286,0.16923523,0.93435669,29.94065857,1.15487671,-30.3440094,-29.19708252,2.23323059,-26.03314209,0,0.0,3.41426086,3.41426086,1.0,1.0,1578642393103490,252322457741, HMD, -0.14811, 1.20320, 0.32351, 0.54761, 0.09661, 0.82151, -0.12614
3757409,1578642393111024,1,1,1,1,0,1,1,1,1,0,-0.30224609,0.18411255,0.93527222,-0.31288147,0.16920471,0.93458557,29.94436646,1.14888,-30.31640625,-29.19717407,2.23832703,-26.04121399,0,0.0,3.42364502,3.42364502,1.0,1.0,1578642393112323,252322546077, HMD, -0.14799, 1.20311, 0.32357, 0.54770, 0.09651, 0.82153, -0.12567
3757409,1578642393115017,1,1,1,1,0,1,1,1,1,0,-0.30224609,0.18411255,0.93527222,-0.31288147,0.16920471,0.93458557,29.94436646,1.14888,-30.31640625,-29.19717407,2.23832703,-26.04121399,0,0.0,3.42364502,3.42364502,1.0,1.0,1578642393114963,252322572471, HMD, -0.14795, 1.20308, 0.32360, 0.54774, 0.09648, 0.82153, -0.12552
3757417,1578642393119000,1,1,1,1,0,1,1,1,1,0,-0.30111694,0.18489075,0.93547058,-0.31222534,0.16920471,0.93481445,29.94564819,1.14752197,-30.31634521,-29.19728088,2.24342346,-26.04927063,0,0.0,3.43130493,3.43130493,1.0,1.0,1578642393115570,252322578542, HMD, -0.14794, 1.20308, 0.32360, 0.54774, 0.09646, 0.82154, -0.12549
3757417,1578642393123013,1,1,1,1,0,1,1,1,1,0,-0.30111694,0.18489075,0.93547058,-0.31222534,0.16920471,0.93481445,29.94564819,1.14752197,-30.31634521,-29.19728088,2.24342346,-26.04927063,0,0.0,3.43130493,3.43130493,1.0,1.0,1578642393124371,252322666558, HMD, -0.14783, 1.20296, 0.32369, 0.54781, 0.09631, 0.82159, -0.12500
3757426,1578642393127016,1,1,1,1,0,1,1,1,1,0,-0.30302429,0.18507385,0.93482971,-0.31143188,0.16943359,0.93502808,29.94691467,1.14614868,-30.31629944,-29.19821167,2.24534607,-26.05787659,0,0.0,3.4395752,3.4395752,1.0,1.0,1578642393126968,252322692527, HMD, -0.14779, 1.20293, 0.32371, 0.54783, 0.09628, 0.82160, -0.12484
3757426,1578642393131020,1,1,1,1,0,1,1,1,1,0,-0.30302429,0.18507385,0.93482971,-0.31143188,0.16943359,0.93502808,29.94691467,1.14614868,-30.31629944,-29.19821167,2.24534607,-26.05787659,0,0.0,3.4395752,3.4395752,1.0,1.0,1578642393127482,252322697660, HMD, -0.14779, 1.20292, 0.32371, 0.54783, 0.09626, 0.82161, -0.12481
3757434,1578642393135014,1,1,1,1,0,1,1,1,1,0,-0.30415344,0.1855011,0.93437195,-0.31129456,0.16970825,0.93502808,29.94819641,1.14524841,-30.31246948,-29.19915771,2.24728394,-26.06646729,0,0.0,3.44073486,3.44073486,1.0,1.0,1578642393137225,252322795108, HMD, -0.14767, 1.20280, 0.32381, 0.54791, 0.09610, 0.82167, -0.12418
3757434,1578642393139999,1,1,1,1,0,1,1,1,1,0,-0.30415344,0.1855011,0.93437195,-0.31129456,0.16970825,0.93502808,29.94819641,1.14524841,-30.31246948,-29.19915771,2.24728394,-26.06646729,0,0.0,3.44073486,3.44073486,1.0,1.0,1578642393139951,252322822351, HMD, -0.14761, 1.20276, 0.32383, 0.54793, 0.09604, 0.82169, -0.12400
3757442,1578642393144009,1,1,1,1,0,1,1,1,1,0,-0.30529785,0.18600464,0.93389893,-0.31118774,0.17024231,0.93496704,29.94947815,1.14433289,-30.30863953,-29.19915771,2.25512695,-26.09587097,0,0.0,3.44194031,3.44194031,1.0,1.0,1578642393140506,252322827899, HMD, -0.14761, 1.20276, 0.32383, 0.54794, 0.09603, 0.82169, -0.12396
3757442,1578642393148010,1,1,1,1,0,1,1,1,1,0,-0.30529785,0.18600464,0.93389893,-0.31118774,0.17024231,0.93496704,29.94947815,1.14433289,-30.30863953,-29.19915771,2.25512695,-26.09587097,0,0.0,3.44194031,3.44194031,1.0,1.0,1578642393149015,252322913006, HMD, -0.14764, 1.20269, 0.32396, 0.54802, 0.09585, 0.82176, -0.12328
3757450,1578642393151990,1,1,1,1,0,1,1,1,1,0,-0.3052063,0.18572998,0.93399048,-0.31115723,0.17002869,0.93501282,29.9486084,1.14216614,-30.29296875,-29.19915771,2.25971985,-26.10813904,0,0.0,3.44160461,3.44160461,1.0,1.0,1578642393151926,252322942105, HMD, -0.14762, 1.20265, 0.32399, 0.54807, 0.09578, 0.82177, -0.12304
3757450,1578642393155995,1,1,1,1,0,1,1,1,1,0,-0.3052063,0.18572998,0.93399048,-0.31115723,0.17002869,0.93501282,29.9486084,1.14216614,-30.29296875,-29.19915771,2.25971985,-26.10813904,0,0.0,3.44160461,3.44160461,1.0,1.0,1578642393152210,252322944942, HMD, -0.14761, 1.20264, 0.32400, 0.54808, 0.09577, 0.82177, -0.12302
3757459,1578642393159986,1,1,1,1,0,1,1,1,1,0,-0.30513,0.1854248,0.93406677,-0.31098938,0.17199707,0.93470764,29.94773865,1.13999939,-30.27731323,-29.19915771,2.27609253,-26.1566925,0,0.0,3.44248962,3.44248962,1.0,1.0,1578642393161962,252323042472, HMD, -0.14756, 1.20252, 0.32408, 0.54831, 0.09552, 0.82178, -0.12213
3757459,1578642393164002,1,1,1,1,0,1,1,1,1,0,-0.30513,0.1854248,0.93406677,-0.31098938,0.17199707,0.93470764,29.94773865,1.13999939,-30.27731323,-29.19915771,2.27609253,-26.1566925,0,0.0,3.44248962,3.44248962,1.0,1.0,1578642393163955,252323062389, HMD, -0.14768, 1.20250, 0.32416, 0.54831, 0.09547, 0.82182, -0.12190
3757467,1578642393168004,1,1,1,1,0,1,1,1,1,0,-0.30601501,0.17642212,0.93553162,-0.31083679,0.17269897,0.93463135,29.94691467,1.12620544,-30.09005737,-29.19940186,2.28800964,-26.1761322,0,0.0,3.44322205,3.44322205,1.0,1.0,1578642393165638,252323079220, HMD, -0.14767, 1.20247, 0.32417, 0.54836, 0.09543, 0.82181, -0.12173
3757467,1578642393172000,1,1,1,1,0,1,1,1,1,0,-0.30601501,0.17642212,0.93553162,-0.31083679,0.17269897,0.93463135,29.94691467,1.12620544,-30.09005737,-29.19940186,2.28800964,-26.1761322,0,0.0,3.44322205,3.44322205,1.0,1.0,1578642393174079,252323163654, HMD, -0.14763, 1.20232, 0.32423, 0.54867, 0.09518, 0.82177, -0.12084
3757467,1578642393175998,1,1,1,1,0,1,1,1,1,0,-0.30601501,0.17642212,0.93553162,-0.31083679,0.17269897,0.93463135,29.94691467,1.12620544,-30.09005737,-29.19940186,2.28800964,-26.1761322,0,0.0,3.44322205,3.44322205,1.0,1.0,1578642393176028,252323183129, HMD, -0.14762, 1.20228, 0.32425, 0.54875, 0.09511, 0.82175, -0.12062
3757475,1578642393180003,1,1,1,1,0,1,1,1,1,0,-0.3074646,0.18208313,0.93395996,-0.31767273,0.18836975,0.92929077,29.8278656,1.04437256,-29.95285034,-29.29975891,2.13034058,-25.8432312,0,0.0,3.47232056,3.47232056,1.0,1.0,1578642393178209,252323204933, HMD, -0.14759, 1.20225, 0.32426, 0.54885, 0.09504, 0.82173, -0.12038
3757475,1578642393183987,1,1,1,1,0,1,1,1,1,0,-0.3074646,0.18208313,0.93395996,-0.31767273,0.18836975,0.92929077,29.8278656,1.04437256,-29.95285034,-29.29975891,2.13034058,-25.8432312,0,0.0,3.47232056,3.47232056,1.0,1.0,1578642393178209,252323204933, HMD, -0.14759, 1.20225, 0.32426, 0.54885, 0.09504, 0.82173, -0.12038
3757484,1578642393188011,1,1,1,1,0,1,1,1,1,0,-0.34118652,0.17430115,0.92367554,-0.30210876,0.12265015,0.94534302,29.64898682,0.62011719,-29.14276123,-29.52400208,2.96247864,-28.93914795,0,0.0,3.49964905,3.49964905,1.0,1.0,1578642393192567,252323348531, HMD, -0.14769, 1.20195, 0.32438, 0.54957, 0.09456, 0.82155, -0.11869
3757484,1578642393192001,1,1,1,1,0,1,1,1,1,0,-0.34118652,0.17430115,0.92367554,-0.30210876,0.12265015,0.94534302,29.64898682,0.62011719,-29.14276123,-29.52400208,2.96247864,-28.93914795,0,0.0,3.49964905,3.49964905,1.0,1.0,1578642393192567,252323348531, HMD, -0.14769, 1.20195, 0.32438, 0.54957, 0.09456, 0.82155, -0.11869
3757492,1578642393196039,1,1,1,1,0,1,1,1,1,0,-0.42297363,0.16291809,0.89135742,-0.33952332,0.10092163,0.93516541,29.55119324,-0.19715881,-26.85951233,-29.58053589,2.8062439,-28.7348938,0,0.0,3.58039856,3.58039856,1.0,1.0,1578642393195650,252323379341, HMD, -0.14769, 1.20188, 0.32438, 0.54977, 0.09445, 0.82149, -0.11830
3757500,1578642393200998,1,1,1,1,0,1,1,1,1,0,-0.41291809,0.08908081,0.90638733,-0.35739136,0.06465149,0.93170166,29.2386322,0.64277649,-29.86862183,-29.70471191,2.73321533,-28.99679565,0,0.0,3.50996399,3.50996399,1.0,1.0,1578642393204923,252323472090, HMD, -0.14759, 1.20162, 0.32439, 0.55040, 0.09409, 0.82127, -0.11717
3757500,1578642393204998,1,1,1,1,0,1,1,1,1,0,-0.41291809,0.08908081,0.90638733,-0.35739136,0.06465149,0.93170166,29.2386322,0.64277649,-29.86862183,-29.70471191,2.73321533,-28.99679565,0,0.0,3.50996399,3.50996399,1.0,1.0,1578642393204923,252323472090, HMD, -0.14759, 1.20162, 0.32439, 0.55040, 0.09409, 0.82127, -0.11717
3757509,1578642393208995,1,1,1,1,0,1,1,1,1,0,-0.40318298,0.07159424,0.91230774,-0.38563538,0.04692078,0.92144775,28.98800659,0.65815735,-30.6247406,-29.78773499,2.49864197,-28.67393494,0,0.0,3.43597412,3.43597412,1.0,1.0,1578642393208390,252323506742, HMD, -0.14760, 1.20154, 0.32438, 0.55068, 0.09394, 0.82116, -0.11673
3757509,1578642393213021,1,1,1,1,0,1,1,1,1,0,-0.40318298,0.07159424,0.91230774,-0.38563538,0.04692078,0.92144775,28.98800659,0.65815735,-30.6247406,-29.78773499,2.49864197,-28.67393494,0,0.0,3.43597412,3.43597412,1.0,1.0,1578642393208390,252323506742, HMD, -0.14760, 1.20154, 0.32438, 0.55068, 0.09394, 0.82116, -0.11673
3757517,1578642393216991,1,1,1,1,0,1,1,1,1,0,-0.46382141,0.05690002,0.88407898,-0.39584351,0.01727295,0.9181366,28.88613892,-0.15058899,-28.46644592,-29.91734314,2.48171997,-29.12574768,0,0.0,3.73933411,3.73933411,1.0,1.0,1578642393217791,252323600775, HMD, -0.14761, 1.20130, 0.32435, 0.55151, 0.09347, 0.82083, -0.11551
3757517,1578642393220991,1,1,1,1,0,1,1,1,1,0,-0.46382141,0.05690002,0.88407898,-0.39584351,0.01727295,0.9181366,28.88613892,-0.15058899,-28.46644592,-29.91734314,2.48171997,-29.12574768,0,0.0,3.73933411,3.73933411,1.0,1.0,1578642393220954,252323632388, HMD, -0.14762, 1.20122, 0.32434, 0.55182, 0.09330, 0.82070, -0.11510
3757517,1578642393224978,1,1,1,1,0,1,1,1,1,0,-0.46382141,0.05690002,0.88407898,-0.39584351,0.01727295,0.9181366,28.88613892,-0.15058899,-28.46644592,-29.91734314,2.48171997,-29.12574768,0,0.0,3.73933411,3.73933411,1.0,1.0,1578642393221619,252323639030, HMD, -0.14762, 1.20121, 0.32433, 0.55189, 0.09326, 0.82067, -0.11501
3757525,1578642393227994,1,1,1,1,0,1,1,1,1,0,-0.48728943,0.0123291,0.87313843,-0.4249115,0.00718689,0.90519714,28.76542664,0.19720459,-29.73591614,-29.99545288,2.39474487,-29.15411377,0,0.0,3.70324707,3.70324707,1.0,1.0,1578642393230842,252323731267, HMD, -0.14765, 1.20096, 0.32423, 0.55286, 0.09274, 0.82025, -0.11378
3757525,1578642393231991,1,1,1,1,0,1,1,1,1,0,-0.48728943,0.0123291,0.87313843,-0.4249115,0.00718689,0.90519714,28.76542664,0.19720459,-29.73591614,-29.99545288,2.39474487,-29.15411377,0,0.0,3.70324707,3.70324707,1.0,1.0,1578642393231941,252323742254, HMD, -0.14766, 1.20093, 0.32422, 0.55298, 0.09268, 0.82019, -0.11363
3757534,1578642393235975,1,1,1,1,0,1,1,1,1,0,-0.48245239,-0.03086853,0.87536621,-0.44918823,-0.03651428,0.89268494,28.52529907,0.48469543,-31.02740479,-30.11280823,2.28160095,-29.1927948,0,0.0,3.73925781,3.73925781,1.0,1.0,1578642393233813,252323760972, HMD, -0.14767, 1.20088, 0.32421, 0.55320, 0.09256, 0.82009, -0.11338
3757534,1578642393239984,1,1,1,1,0,1,1,1,1,0,-0.48245239,-0.03086853,0.87536621,-0.44918823,-0.03651428,0.89268494,28.52529907,0.48469543,-31.02740479,-30.11280823,2.28160095,-29.1927948,0,0.0,3.73925781,3.73925781,1.0,1.0,1578642393243727,252323860127, HMD, -0.14776, 1.20059, 0.32412, 0.55444, 0.09191, 0.81951, -0.11205
3757542,1578642393243975,1,1,1,1,0,1,1,1,1,0,-0.62605286,0.03491211,0.7789917,-0.44525146,-0.03114319,0.89485168,28.17703247,1.43952942,-34.59648132,-30.29945374,2.4315033,-30.1764679,0,0.0,3.43772888,3.43772888,1.0,1.0,1578642393244023,252323863077, HMD, -0.14776, 1.20058, 0.32412, 0.55447, 0.09189, 0.81949, -0.11201
3757542,1578642393247986,1,1,1,1,0,1,1,1,1,0,-0.62605286,0.03491211,0.7789917,-0.44525146,-0.03114319,0.89485168,28.17703247,1.43952942,-34.59648132,-30.29945374,2.4315033,-30.1764679,0,0.0,3.43772888,3.43772888,1.0,1.0,1578642393246824,252323891086, HMD, -0.14778, 1.20050, 0.32408, 0.55486, 0.09171, 0.81930, -0.11163
3757550,1578642393252966,1,1,1,1,0,1,1,1,1,0,-0.64375305,0.04096985,0.76412964,-0.47946167,-0.05703735,0.8757019,28.09211731,0.91023254,-32.97583008,-30.36820984,2.19841003,-29.53703308,0,0.0,3.33103943,3.33103943,1.0,1.0,1578642393255167,252323974520, HMD, -0.14784, 1.20026, 0.32395, 0.55608, 0.09114, 0.81869, -0.11054
3757550,1578642393256964,1,1,1,1,0,1,1,1,1,0,-0.64375305,0.04096985,0.76412964,-0.47946167,-0.05703735,0.8757019,28.09211731,0.91023254,-32.97583008,-30.36820984,2.19841003,-29.53703308,0,0.0,3.33103943,3.33103943,1.0,1.0,1578642393256938,252323992220, HMD, -0.14783, 1.20021, 0.32393, 0.55635, 0.09101, 0.81855, -0.11032
3757559,1578642393261980,1,1,1,1,0,1,1,1,1,0,-0.69369507,0.06546021,0.7172699,-0.5019989,-0.06573486,0.86235046,28.02676392,0.65776062,-32.10539246,-30.44422913,2.14796448,-29.52351379,0,0.0,3.353302,3.353302,1.0,1.0,1578642393258091,252324003758, HMD, -0.14784, 1.20018, 0.32391, 0.55652, 0.09093, 0.81846, -0.11017
3757559,1578642393265967,1,1,1,1,0,1,1,1,1,0,-0.69369507,0.06546021,0.7172699,-0.5019989,-0.06573486,0.86235046,28.02676392,0.65776062,-32.10539246,-30.44422913,2.14796448,-29.52351379,0,0.0,3.353302,3.353302,1.0,1.0,1578642393267668,252324099527, HMD, -0.14797, 1.19989, 0.32374, 0.55808, 0.09028, 0.81764, -0.10894
3757567,1578642393269999,1,1,1,1,0,1,1,1,1,0,-0.70994568,-0.03512573,0.70336914,-0.49130249,-0.0652771,0.86853027,28.1355896,-0.12382507,-29.66525269,-30.52459717,2.21350098,-29.82495117,0,0.0,3.5791626,3.5791626,1.0,1.0,1578642393270014,252324122992, HMD, -0.14799, 1.19982, 0.32369, 0.55848, 0.09012, 0.81742, -0.10865
3757567,1578642393273974,1,1,1,1,0,1,1,1,1,0,-0.70994568,-0.03512573,0.70336914,-0.49130249,-0.0652771,0.86853027,28.1355896,-0.12382507,-29.66525269,-30.52459717,2.21350098,-29.82495117,0,0.0,3.5791626,3.5791626,1.0,1.0,1578642393270790,252324130745, HMD, -0.14800, 1.19980, 0.32367, 0.55863, 0.09007, 0.81733, -0.10856
3757575,1578642393277987,1,1,1,1,0,1,1,1,1,0,-0.72113037,0.03997803,0.69161987,-0.49272156,-0.0614624,0.86799622,28.09063721,0.08096313,-30.27778625,-30.55427551,2.20794678,-29.75016785,0,0.0,3.81274414,3.81274414,1.0,1.0,1578642393283069,252324253538, HMD, -0.14806, 1.19943, 0.32334, 0.56100, 0.08927, 0.81600, -0.10704
3757575,1578642393281988,1,1,1,1,0,1,1,1,1,0,-0.72113037,0.03997803,0.69161987,-0.49272156,-0.0614624,0.86799622,28.09063721,0.08096313,-30.27778625,-30.55427551,2.20794678,-29.75016785,0,0.0,3.81274414,3.81274414,1.0,1.0,1578642393283069,252324253538, HMD, -0.14806, 1.19943, 0.32334, 0.56100, 0.08927, 0.81600, -0.10704
3757584,1578642393285983,1,1,1,1,0,1,1,1,1,0,-0.6947937,-0.00302124,0.7191925,-0.47622681,-0.05955505,0.87728882,28.08570862,0.15481567,-30.49353027,-30.60006714,2.420578,-30.50816345,0,0.0,3.65995789,3.65995789,1.0,1.0,1578642393286006,252324282903, HMD, -0.14815, 1.19936, 0.32326, 0.56156, 0.08910, 0.81568, -0.10667
3757584,1578642393290971,1,1,1,1,0,1,1,1,1,0,-0.6947937,-0.00302124,0.7191925,-0.47622681,-0.05955505,0.87728882,28.08570862,0.15481567,-30.49353027,-30.60006714,2.420578,-30.50816345,0,0.0,3.65995789,3.65995789,1.0,1.0,1578642393286933,252324292170, HMD, -0.14816, 1.19934, 0.32323, 0.56177, 0.08905, 0.81556, -0.10656
3757592,1578642393294985,1,1,1,1,0,1,1,1,1,0,-0.71057129,0.03988647,0.70248413,-0.4788208,-0.06025696,0.87583923,28.06568909,0.22029114,-30.69192505,-30.59405518,2.33187866,-30.15086365,0,0.0,3.77935791,3.77935791,1.0,1.0,1578642393299641,252324419257, HMD, -0.14826, 1.19898, 0.32281, 0.56466, 0.08833, 0.81384, -0.10501
3757592,1578642393298964,1,1,1,1,0,1,1,1,1,0,-0.71057129,0.03988647,0.70248413,-0.4788208,-0.06025696,0.87583923,28.06568909,0.22029114,-30.69192505,-30.59405518,2.33187866,-30.15086365,0,0.0,3.77935791,3.77935791,1.0,1.0,1578642393299641,252324419257, HMD, -0.14826, 1.19898, 0.32281, 0.56466, 0.08833, 0.81384, -0.10501
3757600,1578642393302958,1,1,1,1,0,1,1,1,1,0,-0.68844604,-0.00823975,0.72521973,-0.48048401,-0.06486511,0.87458801,28.0814209,0.28575134,-30.89031982,-30.59156799,2.31658936,-30.08222961,0,0.0,3.62995911,3.62995911,1.0,1.0,1578642393302732,252324450159, HMD, -0.14828, 1.19889, 0.32270, 0.56545, 0.08814, 0.81336, -0.10463
3757600,1578642393306966,1,1,1,1,0,1,1,1,1,0,-0.68844604,-0.00823975,0.72521973,-0.48048401,-0.06486511,0.87458801,28.0814209,0.28575134,-30.89031982,-30.59156799,2.31658936,-30.08222961,0,0.0,3.62995911,3.62995911,1.0,1.0,1578642393302732,252324450159, HMD, -0.14828, 1.19889, 0.32270, 0.56545, 0.08814, 0.81336, -0.10463
3757609,1578642393311965,1,1,1,1,0,1,1,1,1,0,-0.6817627,-0.00997925,0.73149109,-0.48075867,-0.06318665,0.8745575,28.08357239,0.30766296,-30.9675293,-30.58908081,2.30128479,-30.01361084,0,0.0,3.68421936,3.68421936,1.0,1.0,1578642393314197,252324564850, HMD, -0.14836, 1.19854, 0.32223, 0.56840, 0.08759, 0.81154, -0.10323
3757609,1578642393315983,1,1,1,1,0,1,1,1,1,0,-0.6817627,-0.00997925,0.73149109,-0.48075867,-0.06318665,0.8745575,28.08357239,0.30766296,-30.9675293,-30.58908081,2.30128479,-30.01361084,0,0.0,3.68421936,3.68421936,1.0,1.0,1578642393315987,252324582713, HMD, -0.14838, 1.19850, 0.32215, 0.56888, 0.08750, 0.81124, -0.10300
3757617,1578642393320964,1,1,1,1,0,1,1,1,1,0,-0.64561462,0.01713562,0.76345825,-0.48265076,-0.06269836,0.87355042,28.07647705,0.92811584,-32.92860413,-30.58113098,2.27282715,-29.8948822,0,0.0,3.48114014,3.48114014,1.0,1.0,1578642393317522,252324598063, HMD, -0.14840, 1.19846, 0.32209, 0.56929, 0.08744, 0.81098, -0.10281
3757617,1578642393324953,1,1,1,1,0,1,1,1,1,0,-0.64561462,0.01713562,0.76345825,-0.48265076,-0.06269836,0.87355042,28.07647705,0.92811584,-32.92860413,-30.58113098,2.27282715,-29.8948822,0,0.0,3.48114014,3.48114014,1.0,1.0,1578642393326845,252324691330, HMD, -0.14860, 1.19827, 0.32170, 0.57184, 0.08704, 0.80937, -0.10168
3757625,1578642393328964,1,1,1,1,0,1,1,1,1,0,-0.5778656,-0.02799988,0.81564331,-0.49169922,-0.04927063,0.86935425,28.22309875,0.15245056,-30.49388123,-30.52676392,2.07286072,-29.03378296,0,0.0,3.66078186,3.66078186,1.0,1.0,1578642393328983,252324712671, HMD, -0.14863, 1.19822, 0.32161, 0.57245, 0.08697, 0.80898, -0.10143
3757625,1578642393333020,1,1,1,1,0,1,1,1,1,0,-0.5778656,-0.02799988,0.81564331,-0.49169922,-0.04927063,0.86935425,28.22309875,0.15245056,-30.49388123,-30.52676392,2.07286072,-29.03378296,0,0.0,3.66078186,3.66078186,1.0,1.0,1578642393330637,252324729212, HMD, -0.14865, 1.19818, 0.32153, 0.57292, 0.08691, 0.80868, -0.10123
3757634,1578642393337007,1,1,1,1,0,1,1,1,1,0,-0.61946106,-0.00892639,0.78495789,-0.48086548,-0.04904175,0.87541199,28.270401,0.33082581,-30.96064758,-30.50827026,2.06712341,-28.97624207,0,0.0,3.62840271,3.62840271,1.0,1.0,1578642393338867,252324811521, HMD, -0.14874, 1.19799, 0.32115, 0.57531, 0.08668, 0.80712, -0.10028
3757634,1578642393341998,1,1,1,1,0,1,1,1,1,0,-0.61946106,-0.00892639,0.78495789,-0.48086548,-0.04904175,0.87541199,28.270401,0.33082581,-30.96064758,-30.50827026,2.06712341,-28.97624207,0,0.0,3.62840271,3.62840271,1.0,1.0,1578642393342043,252324843277, HMD, -0.14879, 1.19794, 0.32100, 0.57627, 0.08659, 0.80649, -0.09992
3757642,1578642393346004,1,1,1,1,0,1,1,1,1,0,-0.60276794,-0.00665283,0.79788208,-0.47285461,-0.05039978,0.87968445,28.31124878,0.34230042,-30.91560364,-30.48100281,2.11299133,-29.09669495,0,0.0,3.57579041,3.57579041,1.0,1.0,1578642393342043,252324843277, HMD, -0.14879, 1.19794, 0.32100, 0.57627, 0.08659, 0.80649, -0.09992
3757650,1578642393350004,1,1,1,1,0,1,1,1,1,0,-0.60276794,-0.00665283,0.79788208,-0.47285461,-0.05039978,0.87968445,28.31124878,0.34230042,-30.91560364,-30.48100281,2.11299133,-29.09669495,0,0.0,3.57579041,3.57579041,1.0,1.0,1578642393351591,252324938766, HMD, -0.14898, 1.19777, 0.32056, 0.57912, 0.08644, 0.80460, -0.09884
3757650,1578642393353995,1,1,1,1,0,1,1,1,1,0,-0.59051514,-0.02709961,0.80654907,-0.47273254,-0.03593445,0.88046265,28.37947083,0.50550842,-31.38264465,-30.45718384,2.21879578,-29.45220947,0,0.0,3.72576904,3.72576904,1.0,1.0,1578642393354060,252324963448, HMD, -0.14901, 1.19772, 0.32044, 0.57987, 0.08641, 0.80409, -0.09856
3757650,1578642393358009,1,1,1,1,0,1,1,1,1,0,-0.59051514,-0.02709961,0.80654907,-0.47273254,-0.03593445,0.88046265,28.37947083,0.50550842,-31.38264465,-30.45718384,2.21879578,-29.45220947,0,0.0,3.72576904,3.72576904,1.0,1.0,1578642393355400,252324976843, HMD, -0.14903, 1.19769, 0.32038, 0.58028, 0.08640, 0.80382, -0.09842
3757675,1578642393381000,1,1,1,1,0,1,1,1,1,0,-0.50482178,-0.04570007,0.86199951,-0.44998169,-0.0506897,0.8915863,28.64833069,0.25668335,-30.3089447,-30.34944153,2.15657043,-29.19544983,0,0.0,3.85949707,3.85949707,1.0,1.0,1578642393370393,252325126772, HMD, -0.14923, 1.19740, 0.31962, 0.58489, 0.08625, 0.80069, -0.09677
3757684,1578642393385120,1,1,1,1,0,1,1,1,1,0,-0.49316406,-0.05358887,0.86827087,-0.46018982,-0.04243469,0.88679504,28.71655273,0.20812988,-30.05976868,-30.23973083,1.84553528,-28.03715515,0,0.0,3.81167603,3.81167603,1.0,1.0,1578642393370393,252325126772, HMD, -0.14923, 1.19740, 0.31962, 0.58489, 0.08625, 0.80069, -0.09677
3757684,1578642393395091,1,1,1,1,0,1,1,1,1,0,-0.51713562,-0.04573059,0.85467529,-0.44740295,-0.04820251,0.89302063,28.82775879,-0.1290741,-28.97317505,-30.21453857,1.88781738,-28.24737549,0,0.0,3.88977051,3.88977051,1.0,1.0,1578642393370393,252325126772, HMD, -0.14923, 1.19740, 0.31962, 0.58489, 0.08625, 0.80069, -0.09677
3757692,1578642393404045,1,1,1,1,0,1,1,1,1,0,-0.51979065,-0.0355072,0.85354614,-0.4335022,-0.04728699,0.89990234,28.89173889,-0.23536682,-28.60418701,-30.18389893,1.9614563,-28.48664856,0,0.0,3.94244385,3.94244385,1.0,1.0,1578642393370393,252325126772, HMD, -0.14923, 1.19740, 0.31962, 0.58489, 0.08625, 0.80069, -0.09677
3757692,1578642393408033,1,1,1,1,0,1,1,1,1,0,-0.51979065,-0.0355072,0.85354614,-0.4335022,-0.04728699,0.89990234,28.89173889,-0.23536682,-28.60418701,-30.18389893,1.9614563,-28.48664856,0,0.0,3.94244385,3.94244385,1.0,1.0,1578642393370393,252325126772, HMD, -0.14923, 1.19740, 0.31962, 0.58489, 0.08625, 0.80069, -0.09677
3757709,1578642393412043,1,1,1,1,0,1,1,1,1,0,-0.50387573,-0.04806519,0.86242676,-0.43658447,-0.04176331,0.89868164,28.92189026,0.04005432,-29.44297791,-30.14735413,2.0710144,-28.81698608,0,0.0,3.86378479,3.86378479,1.0,1.0,1578642393447553,252325898557, HMD, -0.15036, 1.19608, 0.31641, 0.60681, 0.08640, 0.78507, -0.08934
3757709,1578642393416020,1,1,1,1,0,1,1,1,1,0,-0.50387573,-0.04806519,0.86242676,-0.43658447,-0.04176331,0.89868164,28.92189026,0.04005432,-29.44297791,-30.14735413,2.0710144,-28.81698608,0,0.0,3.86378479,3.86378479,1.0,1.0,1578642393447553,252325898557, HMD, -0.15036, 1.19608, 0.31641, 0.60681, 0.08640, 0.78507, -0.08934
3757717,1578642393427926,1,1,1,1,0,1,1,1,1,0,-0.49703979,-0.02690125,0.86729431,-0.42236328,-0.0459137,0.90524292,29.0068512,-0.37882996,-28.08479309,-30.07894897,2.05833435,-28.66859436,0,0.0,3.9044342,3.9044342,1.0,1.0,1578642393447553,252325898557, HMD, -0.15036, 1.19608, 0.31641, 0.60681, 0.08640, 0.78507, -0.08934
3757725,1578642393432847,1,1,1,1,0,1,1,1,1,0,-0.49703979,-0.02690125,0.86729431,-0.42236328,-0.0459137,0.90524292,29.0068512,-0.37882996,-28.08479309,-30.07894897,2.05833435,-28.66859436,0,0.0,3.9044342,3.9044342,1.0,1.0,1578642393447553,252325898557, HMD, -0.15036, 1.19608, 0.31641, 0.60681, 0.08640, 0.78507, -0.08934
3757742,1578642393445846,1,1,1,1,0,1,1,1,1,0,-0.47532654,-0.01861572,0.8795929,-0.42324829,-0.04376221,0.904953,29.03330994,-0.3152771,-28.38032532,-29.99911499,1.8911438,-28.06660461,0,0.0,3.81010437,3.81010437,1.0,1.0,1578642393447553,252325898557, HMD, -0.15036, 1.19608, 0.31641, 0.60681, 0.08640, 0.78507, -0.08934
3757742,1578642393449833,1,1,1,1,0,1,1,1,1,0,-0.47532654,-0.01861572,0.8795929,-0.42324829,-0.04376221,0.904953,29.03330994,-0.3152771,-28.38032532,-29.99911499,1.8911438,-28.06660461,0,0.0,3.81010437,3.81010437,1.0,1.0,1578642393449887,252325921720, HMD, -0.15038, 1.19604, 0.31633, 0.60738, 0.08642, 0.78465, -0.08915
3757750,1578642393455835,1,1,1,1,0,1,1,1,1,0,-0.47067261,0.00239563,0.8822937,-0.41194153,-0.05543518,0.90951538,29.08558655,-0.36334229,-28.29936218,-29.95477295,1.84759521,-27.94303894,0,0.0,3.83651733,3.83651733,1.0,1.0,1578642393452735,252325950199, HMD, -0.15041, 1.19600, 0.31623, 0.60806, 0.08644, 0.78415, -0.08892
3757759,1578642393459815,1,1,1,1,0,1,1,1,1,0,-0.45985413,0.00166321,0.88798523,-0.41688538,-0.05172729,0.9074707,29.11837769,-0.32173157,-28.44160461,-29.92947388,1.86407471,-28.01664734,0,0.0,3.78491211,3.78491211,1.0,1.0,1578642393461304,252326035918, HMD, -0.15041, 1.19580, 0.31595, 0.61003, 0.08650, 0.78268, -0.08824
3757759,1578642393463854,1,1,1,1,0,1,1,1,1,0,-0.45985413,0.00166321,0.88798523,-0.41688538,-0.05172729,0.9074707,29.11837769,-0.32173157,-28.44160461,-29.92947388,1.86407471,-28.01664734,0,0.0,3.78491211,3.78491211,1.0,1.0,1578642393463948,252326062330, HMD, -0.15052, 1.19577, 0.31591, 0.61060, 0.08651, 0.78226, -0.08799
3757767,1578642393468829,1,1,1,1,0,1,1,1,1,0,-0.44856262,0.0062561,0.89372253,-0.41319275,-0.04008484,0.90974426,29.13476563,-0.17459106,-28.94242859,-29.91175842,1.85992432,-28.03756714,0,0.0,3.87519836,3.87519836,1.0,1.0,1578642393465745,252326080300, HMD, -0.15054, 1.19574, 0.31586, 0.61100, 0.08651, 0.78197, -0.08785
3757767,1578642393472828,1,1,1,1,0,1,1,1,1,0,-0.44856262,0.0062561,0.89372253,-0.41319275,-0.04008484,0.90974426,29.13476563,-0.17459106,-28.94242859,-29.91175842,1.85992432,-28.03756714,0,0.0,3.87519836,3.87519836,1.0,1.0,1578642393465745,252326080300, HMD, -0.15054, 1.19574, 0.31586, 0.61100, 0.08651, 0.78197, -0.08785
3757784,1578642393487806,1,1,1,1,0,1,1,1,1,0,-0.44274902,0.00622559,0.89660645,-0.40309143,-0.04074097,0.91424561,29.16021729,-0.21109009,-28.84194946,-29.87742615,1.77619934,-27.77320862,0,0.0,3.86827087,3.86827087,1.0,1.0,1578642393487747,252326300310, HMD, -0.15093, 1.19539, 0.31528, 0.61560, 0.08635, 0.77857, -0.08603
3757784,1578642393491815,1,1,1,1,0,1,1,1,1,0,-0.44274902,0.00622559,0.89660645,-0.40309143,-0.04074097,0.91424561,29.16021729,-0.21109009,-28.84194946,-29.87742615,1.77619934,-27.77320862,0,0.0,3.86827087,3.86827087,1.0,1.0,1578642393490284,252326325685, HMD, -0.15096, 1.19535, 0.31521, 0.61611, 0.08633, 0.77820, -0.08583
3757792,1578642393496800,1,1,1,1,0,1,1,1,1,0,-0.44525146,0.00666809,0.89537048,-0.40362549,-0.03459167,0.91426086,29.17344666,-0.2432251,-28.7311554,-29.87550354,1.7638855,-27.74031067,0,0.0,3.87719727,3.87719727,1.0,1.0,1578642393490284,252326325685, HMD, -0.15096, 1.19535, 0.31521, 0.61611, 0.08633, 0.77820, -0.08583
3757800,1578642393500801,1,1,1,1,0,1,1,1,1,0,-0.44763184,0.00708008,0.8941803,-0.39576721,-0.03991699,0.91748047,29.18666077,-0.27536011,-28.62037659,-29.88343811,1.81535339,-27.89894104,0,0.0,3.87956238,3.87956238,1.0,1.0,1578642393503457,252326457425, HMD, -0.15115, 1.19511, 0.31486, 0.61871, 0.08605, 0.77629, -0.08472
3757800,1578642393505813,1,1,1,1,0,1,1,1,1,0,-0.44763184,0.00708008,0.8941803,-0.39576721,-0.03991699,0.91748047,29.18666077,-0.27536011,-28.62037659,-29.88343811,1.81535339,-27.89894104,0,0.0,3.87956238,3.87956238,1.0,1.0,1578642393505760,252326480447, HMD, -0.15118, 1.19506, 0.31480, 0.61915, 0.08600, 0.77596, -0.08451
3757809,1578642393509799,1,1,1,1,0,1,1,1,1,0,-0.44859314,0.00489807,0.89370728,-0.39530945,-0.03866577,0.91772461,29.19424438,-0.28935242,-28.54052734,-29.88424683,1.82513428,-27.92741394,0,0.0,3.87356567,3.87356567,1.0,1.0,1578642393506651,252326489359, HMD, -0.15119, 1.19505, 0.31478, 0.61932, 0.08599, 0.77583, -0.08444
3757809,1578642393513803,1,1,1,1,0,1,1,1,1,0,-0.44859314,0.00489807,0.89370728,-0.39530945,-0.03866577,0.91772461,29.19424438,-0.28935242,-28.54052734,-29.88424683,1.82513428,-27.92741394,0,0.0,3.87356567,3.87356567,1.0,1.0,1578642393516582,252326588699, HMD, -0.15132, 1.19485, 0.31451, 0.62120, 0.08575, 0.77446, -0.08354
3757817,1578642393517809,1,1,1,1,0,1,1,1,1,0,-0.44915771,0.00259399,0.89343262,-0.39169312,-0.03709412,0.91932678,29.201828,-0.27536011,-28.5554657,-29.88006592,1.81407166,-27.87416077,0,0.0,3.88128662,3.88128662,1.0,1.0,1578642393517830,252326601145, HMD, -0.15133, 1.19482, 0.31447, 0.62144, 0.08570, 0.77428, -0.08341
3757817,1578642393521871,1,1,1,1,0,1,1,1,1,0,-0.44915771,0.00259399,0.89343262,-0.39169312,-0.03709412,0.91932678,29.201828,-0.27536011,-28.5554657,-29.88006592,1.81407166,-27.87416077,0,0.0,3.88128662,3.88128662,1.0,1.0,1578642393520455,252326627406, HMD, -0.15136, 1.19477, 0.31440, 0.62193, 0.08564, 0.77392, -0.08317
3757825,1578642393531818,1,1,1,1,0,1,1,1,1,0,-0.44645691,0.00285339,0.89479065,-0.39025879,-0.04075623,0.91978455,29.20553589,-0.26786804,-28.58792114,-29.85870361,1.72831726,-27.53692627,0,0.0,3.88180542,3.88180542,1.0,1.0,1578642393537735,252326800236, HMD, -0.15158, 1.19441, 0.31391, 0.62503, 0.08510, 0.77167, -0.08137
3757834,1578642393536030,1,1,1,1,0,1,1,1,1,0,-0.42658997,-0.01425171,0.90432739,-0.37887573,-0.03285217,0.92485046,29.26002502,-0.15359497,-28.86242676,-29.87515259,1.88682556,-28.10336304,0,0.0,3.88874817,3.88874817,1.0,1.0,1578642393537735,252326800236, HMD, -0.15158, 1.19441, 0.31391, 0.62503, 0.08510, 0.77167, -0.08137
3757834,1578642393541072,1,1,1,1,0,1,1,1,1,0,-0.42658997,-0.01425171,0.90432739,-0.37887573,-0.03285217,0.92485046,29.26002502,-0.15359497,-28.86242676,-29.87515259,1.88682556,-28.10336304,0,0.0,3.88874817,3.88874817,1.0,1.0,1578642393540976,252326832606, HMD, -0.15162, 1.19434, 0.31383, 0.62560, 0.08500, 0.77126, -0.08102
3757842,1578642393545030,1,1,1,1,0,1,1,1,1,0,-0.41949463,-0.00862122,0.90769958,-0.37304688,-0.03968811,0.92695618,29.28417969,-0.12594604,-28.90318298,-29.85440063,1.90501404,-28.14569092,0,0.0,3.90447998,3.90447998,1.0,1.0,1578642393541389,252326836741, HMD, -0.15162, 1.19433, 0.31382, 0.62567, 0.08499, 0.77121, -0.08098
3757842,1578642393549020,1,1,1,1,0,1,1,1,1,0,-0.41949463,-0.00862122,0.90769958,-0.37304688,-0.03968811,0.92695618,29.28417969,-0.12594604,-28.90318298,-29.85440063,1.90501404,-28.14569092,0,0.0,3.90447998,3.90447998,1.0,1.0,1578642393541389,252326836741, HMD, -0.15162, 1.19433, 0.31382, 0.62567, 0.08499, 0.77121, -0.08098
3757850,1578642393553030,1,1,1,1,0,1,1,1,1,0,-0.4055481,-0.01821899,0.91387939,-0.3735199,-0.04051208,0.92672729,29.29238892,0.04905701,-29.35736084,-29.82519531,1.9650116,-28.32699585,0,0.0,3.87014771,3.87014771,1.0,1.0,1578642393559017,252327013047, HMD, -0.15190, 1.19398, 0.31342, 0.62849, 0.08439, 0.76917, -0.07903
3757850,1578642393557054,1,1,1,1,0,1,1,1,1,0,-0.4055481,-0.01821899,0.91387939,-0.3735199,-0.04051208,0.92672729,29.29238892,0.04905701,-29.35736084,-29.82519531,1.9650116,-28.32699585,0,0.0,3.87014771,3.87014771,1.0,1.0,1578642393559017,252327013047, HMD, -0.15190, 1.19398, 0.31342, 0.62849, 0.08439, 0.76917, -0.07903
3757875,1578642393575074,1,1,1,1,0,1,1,1,1,0,-0.39363098,-0.04428101,0.91818237,-0.36053467,-0.03317261,0.93214417,29.34765625,0.44963074,-30.45695496,-29.76200867,1.93144226,-28.08776855,0,0.0,3.79405212,3.79405212,1.0,1.0,1578642393575003,252327172877, HMD, -0.15204, 1.19362, 0.31311, 0.63070, 0.08389, 0.76759, -0.07740
3757875,1578642393579079,1,1,1,1,0,1,1,1,1,0,-0.38146973,-0.05227661,0.92289734,-0.35099792,-0.04084778,0.93547058,29.35977173,0.64901733,-31.03396606,-29.75769043,2.0390625,-28.45085144,0,0.0,3.70169067,3.70169067,1.0,1.0,1578642393578122,252327204062, HMD, -0.15207, 1.19355, 0.31305, 0.63108, 0.08378, 0.76731, -0.07711
3757875,1578642393585067,1,1,1,1,0,1,1,1,1,0,-0.39872742,-0.04167175,0.91610718,-0.34576416,-0.0401001,0.93745422,29.42417908,0.38847351,-30.08152771,-29.76165771,2.18139648,-28.91366577,0,0.0,3.8405304,3.8405304,1.0,1.0,1578642393590763,252327330485, HMD, -0.15231, 1.19337, 0.31287, 0.63253, 0.08339, 0.76628, -0.07601
3757884,1578642393589070,1,1,1,1,0,1,1,1,1,0,-0.39872742,-0.04167175,0.91610718,-0.34576416,-0.0401001,0.93745422,29.42417908,0.38847351,-30.08152771,-29.76165771,2.18139648,-28.91366577,0,0.0,3.8405304,3.8405304,1.0,1.0,1578642393590763,252327330485, HMD, -0.15231, 1.19337, 0.31287, 0.63253, 0.08339, 0.76628, -0.07601
3757892,1578642393593065,1,1,1,1,0,1,1,1,1,0,-0.40710449,-0.04208374,0.91239929,-0.3367157,-0.03996277,0.94075012,29.47386169,0.28981018,-29.65415955,-29.75611877,2.27578735,-29.18087769,0,0.0,3.83821106,3.83821106,1.0,1.0,1578642393593100,252327353848, HMD, -0.15234, 1.19334, 0.31284, 0.63275, 0.08333, 0.76612, -0.07583
3757892,1578642393597073,1,1,1,1,0,1,1,1,1,0,-0.40710449,-0.04208374,0.91239929,-0.3367157,-0.03996277,0.94075012,29.47386169,0.28981018,-29.65415955,-29.75611877,2.27578735,-29.18087769,0,0.0,3.83821106,3.83821106,1.0,1.0,1578642393594535,252327368198, HMD, -0.15235, 1.19331, 0.31283, 0.63289, 0.08329, 0.76602, -0.07572
3757892,1578642393601066,1,1,1,1,0,1,1,1,1,0,-0.40710449,-0.04208374,0.91239929,-0.3367157,-0.03996277,0.94075012,29.47386169,0.28981018,-29.65415955,-29.75611877,2.27578735,-29.18087769,0,0.0,3.83821106,3.83821106,1.0,1.0,1578642393603334,252327456194, HMD, -0.15243, 1.19317, 0.31272, 0.63367, 0.08307, 0.76545, -0.07511
3757900,1578642393605092,1,1,1,1,0,1,1,1,1,0,-0.39248657,-0.04307556,0.91873169,-0.33842468,-0.04629517,0.93984985,29.47396851,0.52767944,-30.34277344,-29.74253845,2.28359985,-29.15188599,0,0.0,3.80580139,3.80580139,1.0,1.0,1578642393604994,252327472787, HMD, -0.15245, 1.19315, 0.31270, 0.63381, 0.08304, 0.76535, -0.07499
3757900,1578642393609068,1,1,1,1,0,1,1,1,1,0,-0.39248657,-0.04307556,0.91873169,-0.33842468,-0.04629517,0.93984985,29.47396851,0.52767944,-30.34277344,-29.74253845,2.28359985,-29.15188599,0,0.0,3.80580139,3.80580139,1.0,1.0,1578642393606831,252327491155, HMD, -0.15246, 1.19312, 0.31269, 0.63396, 0.08300, 0.76525, -0.07487
3757909,1578642393613048,1,1,1,1,0,1,1,1,1,0,-0.39100647,-0.02507019,0.92002869,-0.33683777,-0.04856873,0.94029236,29.53155518,0.49298096,-30.13011169,-29.70999146,2.34480286,-29.29719543,0,0.0,3.74395752,3.74395752,1.0,1.0,1578642393617532,252327598174, HMD, -0.15254, 1.19299, 0.31263, 0.63464, 0.08279, 0.76477, -0.07425
3757909,1578642393617052,1,1,1,1,0,1,1,1,1,0,-0.39100647,-0.02507019,0.92002869,-0.33683777,-0.04856873,0.94029236,29.53155518,0.49298096,-30.13011169,-29.70999146,2.34480286,-29.29719543,0,0.0,3.74395752,3.74395752,1.0,1.0,1578642393617532,252327598174, HMD, -0.15254, 1.19299, 0.31263, 0.63464, 0.08279, 0.76477, -0.07425
3757917,1578642393621054,1,1,1,1,0,1,1,1,1,0,-0.43089294,0.00534058,0.90237427,-0.33000183,-0.02510071,0.94363403,29.89526367,-0.60002136,-26.36256409,-29.53549194,2.19813538,-28.69099426,0,0.0,3.92219543,3.92219543,1.0,1.0,1578642393621002,252327632860, HMD, -0.15256, 1.19295, 0.31262, 0.63483, 0.08273, 0.76463, -0.07407
3757925,1578642393626062,1,1,1,1,0,1,1,1,1,0,-0.32397461,0.0355072,0.94538879,-0.27571106,-0.01260376,0.96115112,29.98583984,-0.03782654,-28.15306091,-29.19628906,2.13656616,-28.14437866,0,0.0,3.86268616,3.86268616,1.0,1.0,1578642393621110,252327633944, HMD, -0.15257, 1.19295, 0.31262, 0.63484, 0.08273, 0.76462, -0.07406
3757925,1578642393630073,1,1,1,1,0,1,1,1,1,0,-0.32397461,0.0355072,0.94538879,-0.27571106,-0.01260376,0.96115112,29.98583984,-0.03782654,-28.15306091,-29.19628906,2.13656616,-28.14437866,0,0.0,3.86268616,3.86268616,1.0,1.0,1578642393636951,252327792374, HMD, -0.15273, 1.19278, 0.31266, 0.63536, 0.08249, 0.76430, -0.07329
3757934,1578642393634054,1,1,1,1,0,1,1,1,1,0,-0.26861572,0.0458374,0.96214294,-0.21759033,-0.00222778,0.97602844,30.35006714,0.28375244,-28.68077087,-28.82287598,2.21136475,-28.07913208,0,0.0,3.84922791,3.84922791,1.0,1.0,1578642393636951,252327792374, HMD, -0.15273, 1.19278, 0.31266, 0.63536, 0.08249, 0.76430, -0.07329
3757934,1578642393638038,1,1,1,1,0,1,1,1,1,0,-0.26861572,0.0458374,0.96214294,-0.21759033,-0.00222778,0.97602844,30.35006714,0.28375244,-28.68077087,-28.82287598,2.21136475,-28.07913208,0,0.0,3.84922791,3.84922791,1.0,1.0,1578642393638058,252327803421, HMD, -0.15270, 1.19278, 0.31268, 0.63538, 0.08246, 0.76429, -0.07322
3757934,1578642393642051,1,1,1,1,0,1,1,1,1,0,-0.26861572,0.0458374,0.96214294,-0.21759033,-0.00222778,0.97602844,30.35006714,0.28375244,-28.68077087,-28.82287598,2.21136475,-28.07913208,0,0.0,3.84922791,3.84922791,1.0,1.0,1578642393640174,252327824580, HMD, -0.15271, 1.19275, 0.31269, 0.63539, 0.08243, 0.76429, -0.07313
3757942,1578642393647044,1,1,1,1,0,1,1,1,1,0,-0.19667053,0.06765747,0.9781189,-0.2709198,0.07356262,0.95977783,30.60978699,0.35548401,-28.58573914,-27.98062134,0.35575867,-21.1309967,0,0.0,3.65307617,3.65307617,1.0,1.0,1578642393649285,252327915694, HMD, -0.15272, 1.19266, 0.31276, 0.63532, 0.08234, 0.76439, -0.07276
3757942,1578642393651031,1,1,1,1,0,1,1,1,1,0,-0.19667053,0.06765747,0.9781189,-0.2709198,0.07356262,0.95977783,30.60978699,0.35548401,-28.58573914,-27.98062134,0.35575867,-21.1309967,0,0.0,3.65307617,3.65307617,1.0,1.0,1578642393651034,252327933186, HMD, -0.15272, 1.19265, 0.31278, 0.63529, 0.08233, 0.76443, -0.07269
3757950,1578642393655046,1,1,1,1,0,1,1,1,1,0,-0.12675476,0.06242371,0.98995972,-0.19017029,0.06913757,0.97930908,30.91378784,0.87771606,-29.7412262,-27.73860168,1.027771,-23.06619263,0,0.0,3.62263489,3.62263489,1.0,1.0,1578642393652480,252327947641, HMD, -0.15273, 1.19263, 0.31280, 0.63524, 0.08231, 0.76447, -0.07264
3757950,1578642393659042,1,1,1,1,0,1,1,1,1,0,-0.12675476,0.06242371,0.98995972,-0.19017029,0.06913757,0.97930908,30.91378784,0.87771606,-29.7412262,-27.73860168,1.027771,-23.06619263,0,0.0,3.62263489,3.62263489,1.0,1.0,1578642393664270,252328065545, HMD, -0.15275, 1.19256, 0.31298, 0.63473, 0.08224, 0.76494, -0.07227
3757959,1578642393663066,1,1,1,1,0,1,1,1,1,0,-0.08499146,0.07191467,0.99377441,-0.10705566,0.08348083,0.99073792,31.2442627,1.10253906,-30.17233276,-27.4977417,1.41506958,-24.15692139,0,0.0,3.65711975,3.65711975,1.0,1.0,1578642393664270,252328065545, HMD, -0.15275, 1.19256, 0.31298, 0.63473, 0.08224, 0.76494, -0.07227
3757959,1578642393667874,1,1,1,1,0,1,1,1,1,0,-0.04077148,0.09657288,0.99447632,-0.05148315,0.10508728,0.99311829,31.56314087,1.17337036,-30.30613708,-27.22705078,1.50656128,-24.48382568,0,0.0,3.65910339,3.65910339,1.0,1.0,1578642393667985,252328102699, HMD, -0.15275, 1.19253, 0.31306, 0.63449, 0.08223, 0.76515, -0.07220
3757967,1578642393671598,1,1,1,1,0,1,1,1,1,0,-0.04077148,0.09657288,0.99447632,-0.05148315,0.10508728,0.99311829,31.56314087,1.17337036,-30.30613708,-27.22705078,1.50656128,-24.48382568,0,0.0,3.65910339,3.65910339,1.0,1.0,1578642393669426,252328117107, HMD, -0.15276, 1.19253, 0.31310, 0.63439, 0.08223, 0.76523, -0.07216
3757967,1578642393675150,1,1,1,1,0,1,1,1,1,0,-0.04077148,0.09657288,0.99447632,-0.05148315,0.10508728,0.99311829,31.56314087,1.17337036,-30.30613708,-27.22705078,1.50656128,-24.48382568,0,0.0,3.65910339,3.65910339,1.0,1.0,1578642393669426,252328117107, HMD, -0.15276, 1.19253, 0.31310, 0.63439, 0.08223, 0.76523, -0.07216
3757975,1578642393679203,1,1,1,1,0,1,1,1,1,0,0.00627136,0.10281372,0.99467468,-1.526e-05,0.12738037,0.99185181,31.83601379,1.23825073,-30.29774475,-26.9041748,1.47523499,-24.22610474,0,0.0,3.54788208,3.54788208,1.0,1.0,1578642393685024,252328273130, HMD, -0.15284, 1.19250, 0.31353, 0.63301, 0.08216, 0.76641, -0.07193
3757975,1578642393682682,1,1,1,1,0,1,1,1,1,0,0.00627136,0.10281372,0.99467468,-1.526e-05,0.12738037,0.99185181,31.83601379,1.23825073,-30.29774475,-26.9041748,1.47523499,-24.22610474,0,0.0,3.54788208,3.54788208,1.0,1.0,1578642393685024,252328273130, HMD, -0.15284, 1.19250, 0.31353, 0.63301, 0.08216, 0.76641, -0.07193
3757984,1578642393686853,1,1,1,1,0,1,1,1,1,0,0.03886414,0.09918213,0.99430847,0.04959106,0.1340332,0.98973083,32.1280365,1.62210083,-31.57447815,-26.62046814,1.47666931,-24.17089844,0,0.0,3.47998047,3.47998047,1.0,1.0,1578642393686854,252328291382, HMD, -0.15289, 1.19252, 0.31361, 0.63281, 0.08215, 0.76658, -0.07189
3757984,1578642393691121,1,1,1,1,0,1,1,1,1,0,0.03886414,0.09918213,0.99430847,0.04959106,0.1340332,0.98973083,32.1280365,1.62210083,-31.57447815,-26.62046814,1.47666931,-24.17089844,0,0.0,3.47998047,3.47998047,1.0,1.0,1578642393688801,252328310856, HMD, -0.15290, 1.19251, 0.31368, 0.63258, 0.08214, 0.76677, -0.07188
3757992,1578642393695229,1,1,1,1,0,1,1,1,1,0,0.06771851,0.12141418,0.99028015,0.07540894,0.12652588,0.98908997,32.33856201,1.54986572,-31.41833496,-26.41191101,1.51091003,-24.23106384,0,0.0,3.49327087,3.49327087,1.0,1.0,1578642393688801,252328310856, HMD, -0.15290, 1.19251, 0.31368, 0.63258, 0.08214, 0.76677, -0.07188
3757992,1578642393699227,1,1,1,1,0,1,1,1,1,0,0.06771851,0.12141418,0.99028015,0.07540894,0.12652588,0.98908997,32.33856201,1.54986572,-31.41833496,-26.41191101,1.51091003,-24.23106384,0,0.0,3.49327087,3.49327087,1.0,1.0,1578642393688801,252328310856, HMD, -0.15290, 1.19251, 0.31368, 0.63258, 0.08214, 0.76677, -0.07188
3758000,1578642393702735,1,1,1,1,0,1,1,1,1,0,0.06645203,0.10757446,0.99195862,0.09030151,0.13252258,0.98704529,32.41403198,1.74116516,-32.02276611,-26.38546753,1.49079895,-24.15618896,0,0.0,3.58587646,3.58587646,1.0,1.0,1578642393714982,252328572675, HMD, -0.15294, 1.19247, 0.31470, 0.62912, 0.08187, 0.76963, -0.07195
3758000,1578642393706738,1,1,1,1,0,1,1,1,1,0,0.06645203,0.10757446,0.99195862,0.09030151,0.13252258,0.98704529,32.41403198,1.74116516,-32.02276611,-26.38546753,1.49079895,-24.15618896,0,0.0,3.58587646,3.58587646,1.0,1.0,1578642393714982,252328572675, HMD, -0.15294, 1.19247, 0.31470, 0.62912, 0.08187, 0.76963, -0.07195
3758009,1578642393714758,1,1,1,1,0,1,1,1,1,0,0.06341553,0.10264587,0.99269104,0.0816803,0.13121033,0.98797607,32.40818787,1.66680908,-31.83894348,-26.43534851,1.49423218,-24.17379761,0,0.0,3.53475952,3.53475952,1.0,1.0,1578642393714982,252328572675, HMD, -0.15294, 1.19247, 0.31470, 0.62912, 0.08187, 0.76963, -0.07195
3758017,1578642393718724,1,1,1,1,0,1,1,1,1,0,0.07150269,0.10055542,0.99235535,0.07809448,0.13092041,0.98831177,32.40093994,1.61378479,-31.71588135,-26.48078918,1.42285156,-23.97944641,0,0.0,3.56454468,3.56454468,1.0,1.0,1578642393718294,252328605785, HMD, -0.15292, 1.19247, 0.31486, 0.62861, 0.08180, 0.77005, -0.07198
3758017,1578642393722731,1,1,1,1,0,1,1,1,1,0,0.07150269,0.10055542,0.99235535,0.07809448,0.13092041,0.98831177,32.40093994,1.61378479,-31.71588135,-26.48078918,1.42285156,-23.97944641,0,0.0,3.56454468,3.56454468,1.0,1.0,1578642393718294,252328605785, HMD, -0.15292, 1.19247, 0.31486, 0.62861, 0.08180, 0.77005, -0.07198
3758017,1578642393726726,1,1,1,1,0,1,1,1,1,0,0.07150269,0.10055542,0.99235535,0.07809448,0.13092041,0.98831177,32.40093994,1.61378479,-31.71588135,-26.48078918,1.42285156,-23.97944641,0,0.0,3.56454468,3.56454468,1.0,1.0,1578642393729971,252328722598, HMD, -0.15279, 1.19238, 0.31542, 0.62672, 0.08152, 0.77161, -0.07209
3758025,1578642393730739,1,1,1,1,0,1,1,1,1,0,0.05950928,0.1040802,0.99278259,0.07611084,0.13191223,0.98832703,32.40124512,1.55862427,-31.56628418,-26.51986694,1.41825867,-23.98213196,0,0.0,3.51904297,3.51904297,1.0,1.0,1578642393730815,252328730997, HMD, -0.15279, 1.19237, 0.31546, 0.62657, 0.08149, 0.77173, -0.07210
3758034,1578642393738608,1,1,1,1,0,1,1,1,1,0,0.05505371,0.10380554,0.99305725,0.07264709,0.12968445,0.98887634,32.40701294,1.52436829,-31.49090576,-26.5460968,1.40913391,-23.96139526,0,0.0,3.55970764,3.55970764,1.0,1.0,1578642393733846,252328761309, HMD, -0.15278, 1.19236, 0.31562, 0.62605, 0.08139, 0.77216, -0.07212
3758034,1578642393742586,1,1,1,1,0,1,1,1,1,0,0.05505371,0.10380554,0.99305725,0.07264709,0.12968445,0.98887634,32.40701294,1.52436829,-31.49090576,-26.5460968,1.40913391,-23.96139526,0,0.0,3.55970764,3.55970764,1.0,1.0,1578642393733846,252328761309, HMD, -0.15278, 1.19236, 0.31562, 0.62605, 0.08139, 0.77216, -0.07212
3758050,1578642393755860,1,1,1,1,0,1,1,1,1,0,0.0524292,0.10505676,0.99307251,0.0730896,0.12773132,0.98910522,32.39601135,1.44963074,-31.26719666,-26.60800171,1.41638184,-23.97207642,0,0.0,3.58175659,3.58175659,1.0,1.0,1578642393755805,252328980891, HMD, -0.15276, 1.19222, 0.31685, 0.62202, 0.08047, 0.77549, -0.07232
3758059,1578642393759850,1,1,1,1,0,1,1,1,1,0,0.05093384,0.0990448,0.99377441,0.0696106,0.13580322,0.98828125,32.38378906,1.44049072,-31.21052551,-26.64595032,1.42712402,-23.95584106,0,0.0,3.51989746,3.51989746,1.0,1.0,1578642393759382,252329016667, HMD, -0.15276, 1.19219, 0.31705, 0.62134, 0.08029, 0.77605, -0.07237
3758059,1578642393764860,1,1,1,1,0,1,1,1,1,0,0.05093384,0.0990448,0.99377441,0.0696106,0.13580322,0.98828125,32.38378906,1.44049072,-31.21052551,-26.64595032,1.42712402,-23.95584106,0,0.0,3.51989746,3.51989746,1.0,1.0,1578642393768028,252329103135, HMD, -0.15280, 1.19219, 0.31758, 0.61964, 0.07990, 0.77744, -0.07247
3758067,1578642393768892,1,1,1,1,0,1,1,1,1,0,0.04714966,0.10757446,0.99307251,0.06997681,0.12583923,0.98956299,32.36755371,1.47494507,-31.27609253,-26.69125366,1.46073914,-23.98384094,0,0.0,3.58668518,3.58668518,1.0,1.0,1578642393768943,252329112270, HMD, -0.15280, 1.19218, 0.31763, 0.61946, 0.07987, 0.77759, -0.07250
3758067,1578642393773252,1,1,1,1,0,1,1,1,1,0,0.04714966,0.10757446,0.99307251,0.06997681,0.12583923,0.98956299,32.36755371,1.47494507,-31.27609253,-26.69125366,1.46073914,-23.98384094,0,0.0,3.58668518,3.58668518,1.0,1.0,1578642393771276,252329135609, HMD, -0.15279, 1.19217, 0.31777, 0.61900, 0.07977, 0.77796, -0.07253
3758075,1578642393777488,1,1,1,1,0,1,1,1,1,0,0.04415894,0.10678101,0.99328613,0.05963135,0.1280365,0.98995972,32.34938049,1.47558594,-31.25305176,-26.72793579,1.50532532,-24.03605652,0,0.0,3.58319092,3.58319092,1.0,1.0,1578642393771276,252329135609, HMD, -0.15279, 1.19217, 0.31777, 0.61900, 0.07977, 0.77796, -0.07253
3758075,1578642393781602,1,1,1,1,0,1,1,1,1,0,0.04415894,0.10678101,0.99328613,0.05963135,0.1280365,0.98995972,32.34938049,1.47558594,-31.25305176,-26.72793579,1.50532532,-24.03605652,0,0.0,3.58319092,3.58319092,1.0,1.0,1578642393771276,252329135609, HMD, -0.15279, 1.19217, 0.31777, 0.61900, 0.07977, 0.77796, -0.07253
3758084,1578642393791842,1,1,1,1,0,1,1,1,1,0,0.04217529,0.10723877,0.99333191,0.0612793,0.12083435,0.99076843,32.32206726,1.47477722,-31.24687195,-26.77810669,1.54934692,-24.11505127,0,0.0,3.61645508,3.61645508,1.0,1.0,1578642393792922,252329352082, HMD, -0.15291, 1.19218, 0.31909, 0.61467, 0.07900, 0.78143, -0.07282
3758092,1578642393795377,1,1,1,1,0,1,1,1,1,0,0.04516602,0.11631775,0.99217224,0.05744934,0.11827087,0.99130249,32.26989746,1.22087097,-30.48814392,-26.82191467,1.56361389,-24.1144104,0,0.0,3.54772949,3.54772949,1.0,1.0,1578642393795436,252329377203, HMD, -0.15293, 1.19215, 0.31921, 0.61417, 0.07891, 0.78184, -0.07283
3758092,1578642393799797,1,1,1,1,0,1,1,1,1,0,0.04516602,0.11631775,0.99217224,0.05744934,0.11827087,0.99130249,32.26989746,1.22087097,-30.48814392,-26.82191467,1.56361389,-24.1144104,0,0.0,3.54772949,3.54772949,1.0,1.0,1578642393796247,252329385325, HMD, -0.15293, 1.19215, 0.31926, 0.61400, 0.07889, 0.78196, -0.07284
3758109,1578642393812975,1,1,1,1,0,1,1,1,1,0,0.04167175,0.11125183,0.99290466,0.04847717,0.12348938,0.9911499,32.20465088,1.05755615,-30.04374695,-26.91220093,1.61628723,-24.33099365,0,0.0,3.70872498,3.70872498,1.0,1.0,1578642393814692,252329569772, HMD, -0.15305, 1.19214, 0.32038, 0.61029, 0.07846, 0.78491, -0.07286
3758109,1578642393816972,1,1,1,1,0,1,1,1,1,0,0.04167175,0.11125183,0.99290466,0.04847717,0.12348938,0.9911499,32.20465088,1.05755615,-30.04374695,-26.91220093,1.61628723,-24.33099365,0,0.0,3.70872498,3.70872498,1.0,1.0,1578642393816913,252329591972, HMD, -0.15304, 1.19214, 0.32051, 0.60984, 0.07839, 0.78527, -0.07285
3758117,1578642393821460,1,1,1,1,0,1,1,1,1,0,0.03775024,0.11155701,0.99302673,0.04052734,0.12374878,0.99147034,32.18218994,1.00546265,-29.90104675,-26.95202637,1.65032959,-24.47576904,0,0.0,3.6309967,3.6309967,1.0,1.0,1578642393818289,252329605731, HMD, -0.15304, 1.19213, 0.32059, 0.60956, 0.07835, 0.78549, -0.07284
3758117,1578642393825580,1,1,1,1,0,1,1,1,1,0,0.03775024,0.11155701,0.99302673,0.04052734,0.12374878,0.99147034,32.18218994,1.00546265,-29.90104675,-26.95202637,1.65032959,-24.47576904,0,0.0,3.6309967,3.6309967,1.0,1.0,1578642393831526,252329738121, HMD, -0.15299, 1.19198, 0.32135, 0.60693, 0.07797, 0.78758, -0.07265
3758125,1578642393829588,1,1,1,1,0,1,1,1,1,0,0.03692627,0.11306763,0.9928894,0.04017639,0.12475586,0.99136353,32.16333008,0.97468567,-29.82226563,-26.98027039,1.63726807,-24.45779419,0,0.0,3.66891479,3.66891479,1.0,1.0,1578642393831526,252329738121, HMD, -0.15299, 1.19198, 0.32135, 0.60693, 0.07797, 0.78758, -0.07265
3758125,1578642393833811,1,1,1,1,0,1,1,1,1,0,0.02772522,0.11430359,0.99305725,0.04017639,0.12550354,0.99127197,32.14645386,0.9458313,-29.71791077,-27.0227356,1.67333984,-24.58094788,0,0.0,3.68008423,3.68008423,1.0,1.0,1578642393833764,252329760482, HMD, -0.15299, 1.19197, 0.32148, 0.60649, 0.07789, 0.78792, -0.07261
3758134,1578642393837804,1,1,1,1,0,1,1,1,1,0,0.02772522,0.11430359,0.99305725,0.04017639,0.12550354,0.99127197,32.14645386,0.9458313,-29.71791077,-27.0227356,1.67333984,-24.58094788,0,0.0,3.68008423,3.68008423,1.0,1.0,1578642393834582,252329768664, HMD, -0.15299, 1.19196, 0.32152, 0.60634, 0.07786, 0.78805, -0.07260
3758134,1578642393841801,1,1,1,1,0,1,1,1,1,0,0.02772522,0.11430359,0.99305725,0.04017639,0.12550354,0.99127197,32.14645386,0.9458313,-29.71791077,-27.0227356,1.67333984,-24.58094788,0,0.0,3.68008423,3.68008423,1.0,1.0,1578642393843628,252329859136, HMD, -0.15291, 1.19187, 0.32200, 0.60456, 0.07756, 0.78946, -0.07243
3758142,1578642393845788,1,1,1,1,0,1,1,1,1,0,0.02972412,0.1245575,0.99176025,0.03465271,0.11698914,0.99252319,32.1182251,0.81181335,-29.27902222,-27.0642395,1.72584534,-24.72113037,0,0.0,3.63774109,3.63774109,1.0,1.0,1578642393845841,252329881259, HMD, -0.15291, 1.19186, 0.32213, 0.60414, 0.07749, 0.78979, -0.07239
3758142,1578642393849784,1,1,1,1,0,1,1,1,1,0,0.02972412,0.1245575,0.99176025,0.03465271,0.11698914,0.99252319,32.1182251,0.81181335,-29.27902222,-27.0642395,1.72584534,-24.72113037,0,0.0,3.63774109,3.63774109,1.0,1.0,1578642393846582,252329888659, HMD, -0.15291, 1.19186, 0.32217, 0.60400, 0.07747, 0.78990, -0.07238
3758150,1578642393853795,1,1,1,1,0,1,1,1,1,0,0.02262878,0.13729858,0.99026489,0.03565979,0.12207031,0.99186707,32.09585571,0.78663635,-29.14465332,-27.07971191,1.73580933,-24.71165466,0,0.0,3.56031799,3.56031799,1.0,1.0,1578642393855162,252329974476, HMD, -0.15291, 1.19181, 0.32263, 0.60238, 0.07723, 0.79117, -0.07224
3758150,1578642393857508,1,1,1,1,0,1,1,1,1,0,0.02262878,0.13729858,0.99026489,0.03565979,0.12207031,0.99186707,32.09585571,0.78663635,-29.14465332,-27.07971191,1.73580933,-24.71165466,0,0.0,3.56031799,3.56031799,1.0,1.0,1578642393857468,252329997524, HMD, -0.15289, 1.19180, 0.32276, 0.60195, 0.07717, 0.79151, -0.07221
3758159,1578642393861527,1,1,1,1,0,1,1,1,1,0,0.01557922,0.11741638,0.99295044,0.02879333,0.12693787,0.9914856,32.07359314,0.99732971,-29.74542236,-27.12202454,1.76945496,-24.69561768,0,0.0,3.62187195,3.62187195,1.0,1.0,1578642393858213,252330004972, HMD, -0.15289, 1.19180, 0.32280, 0.60181, 0.07715, 0.79162, -0.07220
3758159,1578642393865260,1,1,1,1,0,1,1,1,1,0,0.01557922,0.11741638,0.99295044,0.02879333,0.12693787,0.9914856,32.07359314,0.99732971,-29.74542236,-27.12202454,1.76945496,-24.69561768,0,0.0,3.62187195,3.62187195,1.0,1.0,1578642393869216,252330115010, HMD, -0.15289, 1.19175, 0.32338, 0.59982, 0.07690, 0.79317, -0.07208
3758167,1578642393869254,1,1,1,1,0,1,1,1,1,0,0.01837158,0.11833191,0.99279785,0.02851868,0.13002014,0.99108887,32.03433228,1.05654907,-29.88046265,-27.14511108,1.75172424,-24.5970459,0,0.0,3.56013489,3.56013489,1.0,1.0,1578642393869216,252330115010, HMD, -0.15289, 1.19175, 0.32338, 0.59982, 0.07690, 0.79317, -0.07208
3758167,1578642393874290,1,1,1,1,0,1,1,1,1,0,0.01837158,0.11833191,0.99279785,0.02851868,0.13002014,0.99108887,32.03433228,1.05654907,-29.88046265,-27.14511108,1.75172424,-24.5970459,0,0.0,3.56013489,3.56013489,1.0,1.0,1578642393872200,252330144839, HMD, -0.15289, 1.19174, 0.32353, 0.59929, 0.07684, 0.79357, -0.07205
3758175,1578642393877758,1,1,1,1,0,1,1,1,1,0,0.02398682,0.12590027,0.991745,0.02720642,0.13139343,0.99095154,31.98083496,0.85809326,-29.25512695,-27.16362,1.73025513,-24.51722717,0,0.0,3.62052917,3.62052917,1.0,1.0,1578642393872200,252330144839, HMD, -0.15289, 1.19174, 0.32353, 0.59929, 0.07684, 0.79357, -0.07205
3758175,1578642393881284,1,1,1,1,0,1,1,1,1,0,0.02398682,0.12590027,0.991745,0.02720642,0.13139343,0.99095154,31.98083496,0.85809326,-29.25512695,-27.16362,1.73025513,-24.51722717,0,0.0,3.62052917,3.62052917,1.0,1.0,1578642393872200,252330144839, HMD, -0.15289, 1.19174, 0.32353, 0.59929, 0.07684, 0.79357, -0.07205
3758184,1578642393886338,1,1,1,1,0,1,1,1,1,0,0.0148468,0.12565613,0.99195862,0.02583313,0.13088989,0.99105835,31.95951843,0.87153625,-29.29801941,-27.18212891,1.70880127,-24.43740845,0,0.0,3.60031128,3.60031128,1.0,1.0,1578642393899088,252330413733, HMD, -0.15289, 1.19161, 0.32483, 0.59502, 0.07625, 0.79688, -0.07160
3758184,1578642393890323,1,1,1,1,0,1,1,1,1,0,0.0148468,0.12565613,0.99195862,0.02583313,0.13088989,0.99105835,31.95951843,0.87153625,-29.29801941,-27.18212891,1.70880127,-24.43740845,0,0.0,3.60031128,3.60031128,1.0,1.0,1578642393899088,252330413733, HMD, -0.15289, 1.19161, 0.32483, 0.59502, 0.07625, 0.79688, -0.07160
3758192,1578642393894333,1,1,1,1,0,1,1,1,1,0,0.00956726,0.11907959,0.99282837,0.01885986,0.13052368,0.99125671,31.93121338,0.86306763,-29.18086243,-27.1988678,1.68661499,-24.36975098,0,0.0,3.58470154,3.58470154,1.0,1.0,1578642393899088,252330413733, HMD, -0.15289, 1.19161, 0.32483, 0.59502, 0.07625, 0.79688, -0.07160
3758192,1578642393898324,1,1,1,1,0,1,1,1,1,0,0.00956726,0.11907959,0.99282837,0.01885986,0.13052368,0.99125671,31.93121338,0.86306763,-29.18086243,-27.1988678,1.68661499,-24.36975098,0,0.0,3.58470154,3.58470154,1.0,1.0,1578642393899088,252330413733, HMD, -0.15289, 1.19161, 0.32483, 0.59502, 0.07625, 0.79688, -0.07160
3758200,1578642393902331,1,1,1,1,0,1,1,1,1,0,0.00137329,0.13505554,0.99082947,0.01184082,0.13020325,0.9914093,31.92190552,0.88644409,-29.34843445,-27.21560669,1.66441345,-24.30210876,0,0.0,3.55233765,3.55233765,1.0,1.0,1578642393902323,252330446074, HMD, -0.15291, 1.19161, 0.32497, 0.59453, 0.07617, 0.79726, -0.07151
3758200,1578642393907318,1,1,1,1,0,1,1,1,1,0,0.00137329,0.13505554,0.99082947,0.01184082,0.13020325,0.9914093,31.92190552,0.88644409,-29.34843445,-27.21560669,1.66441345,-24.30210876,0,0.0,3.55233765,3.55233765,1.0,1.0,1578642393902588,252330448719, HMD, -0.15291, 1.19161, 0.32498, 0.59449, 0.07616, 0.79729, -0.07150
3758209,1578642393910743,1,1,1,1,0,1,1,1,1,0,0.00309753,0.12936401,0.99157715,0.0120697,0.12867737,0.99160767,31.90162659,0.91923523,-29.45239258,-27.22610474,1.65458679,-24.29837036,0,0.0,3.55596924,3.55596924,1.0,1.0,1578642393913888,252330561729, HMD, -0.15289, 1.19153, 0.32549, 0.59297, 0.07588, 0.79847, -0.07116
3758209,1578642393915025,1,1,1,1,0,1,1,1,1,0,0.00309753,0.12936401,0.99157715,0.0120697,0.12867737,0.99160767,31.90162659,0.91923523,-29.45239258,-27.22610474,1.65458679,-24.29837036,0,0.0,3.55596924,3.55596924,1.0,1.0,1578642393914987,252330572717, HMD, -0.15289, 1.19152, 0.32554, 0.59283, 0.07584, 0.79859, -0.07113
3758217,1578642393919013,1,1,1,1,0,1,1,1,1,0,0.0020752,0.11856079,0.99293518,0.01226807,0.12757874,0.991745,31.88070679,0.91978455,-29.51078796,-27.23660278,1.64474487,-24.30210876,0,0.0,3.51121521,3.51121521,1.0,1.0,1578642393916963,252330592475, HMD, -0.15290, 1.19150, 0.32561, 0.59258, 0.07578, 0.79878, -0.07106
3758217,1578642393923015,1,1,1,1,0,1,1,1,1,0,0.0020752,0.11856079,0.99293518,0.01226807,0.12757874,0.991745,31.88070679,0.91978455,-29.51078796,-27.23660278,1.64474487,-24.30210876,0,0.0,3.51121521,3.51121521,1.0,1.0,1578642393925879,252330681648, HMD, -0.15288, 1.19142, 0.32598, 0.59147, 0.07551, 0.79967, -0.07070
3758225,1578642393931021,1,1,1,1,0,1,1,1,1,0,-0.00520325,0.10353088,0.99459839,-0.00401306,0.10882568,0.99404907,31.84786987,0.85569763,-29.73156738,-27.29634094,1.5735321,-24.58329773,0,0.0,3.61975098,3.61975098,1.0,1.0,1578642393928953,252330712370, HMD, -0.15287, 1.19139, 0.32610, 0.59110, 0.07541, 0.79996, -0.07056
3758234,1578642393935033,1,1,1,1,0,1,1,1,1,0,-0.01086426,0.0632019,0.99794006,-0.01133728,0.05157471,0.99859619,31.75254822,0.57931519,-29.44216919,-27.19812012,1.41767883,-24.69915771,0,0.0,3.52458191,3.52458191,1.0,1.0,1578642393937962,252330802465, HMD, -0.15282, 1.19130, 0.32647, 0.59008, 0.07510, 0.80078, -0.07011
3758234,1578642393939021,1,1,1,1,0,1,1,1,1,0,-0.01086426,0.0632019,0.99794006,-0.01133728,0.05157471,0.99859619,31.75254822,0.57931519,-29.44216919,-27.19812012,1.41767883,-24.69915771,0,0.0,3.52458191,3.52458191,1.0,1.0,1578642393939073,252330813578, HMD, -0.15282, 1.19129, 0.32652, 0.58995, 0.07506, 0.80089, -0.07005
3758242,1578642393943031,1,1,1,1,0,1,1,1,1,0,-9.155e-05,0.00772095,0.99996948,0.00259399,-0.00369263,0.99998474,31.62982178,0.37059021,-29.37684631,-27.12084961,1.1759491,-24.61875916,0,0.0,3.5068512,3.5068512,1.0,1.0,1578642393941154,252330834385, HMD, -0.15281, 1.19127, 0.32660, 0.58973, 0.07499, 0.80107, -0.06994
3758242,1578642393947027,1,1,1,1,0,1,1,1,1,0,-9.155e-05,0.00772095,0.99996948,0.00259399,-0.00369263,0.99998474,31.62982178,0.37059021,-29.37684631,-27.12084961,1.1759491,-24.61875916,0,0.0,3.5068512,3.5068512,1.0,1.0,1578642393948854,252330911389, HMD, -0.15282, 1.19122, 0.32689, 0.58884, 0.07474, 0.80178, -0.06946
3758250,1578642393951023,1,1,1,1,0,1,1,1,1,0,0.00106812,-0.06271362,0.99801636,0.00991821,-0.07096863,0.99742126,31.59501648,0.21287537,-29.45462036,-27.07359314,1.2084198,-25.44723511,0,0.0,3.64653015,3.64653015,1.0,1.0,1578642393951055,252330933396, HMD, -0.15282, 1.19120, 0.32697, 0.58860, 0.07466, 0.80198, -0.06933
3758250,1578642393955013,1,1,1,1,0,1,1,1,1,0,0.00106812,-0.06271362,0.99801636,0.00991821,-0.07096863,0.99742126,31.59501648,0.21287537,-29.45462036,-27.07359314,1.2084198,-25.44723511,0,0.0,3.64653015,3.64653015,1.0,1.0,1578642393952532,252330948162, HMD, -0.15281, 1.19118, 0.32703, 0.58845, 0.07461, 0.80210, -0.06923
3758250,1578642393960022,1,1,1,1,0,1,1,1,1,0,0.00106812,-0.06271362,0.99801636,0.00991821,-0.07096863,0.99742126,31.59501648,0.21287537,-29.45462036,-27.07359314,1.2084198,-25.44723511,0,0.0,3.64653015,3.64653015,1.0,1.0,1578642393961472,252331037568, HMD, -0.15273, 1.19107, 0.32739, 0.58751, 0.07432, 0.80287, -0.06864
3758259,1578642393964006,1,1,1,1,0,1,1,1,1,0,0.00805664,-0.11167908,0.99369812,0.0087738,-0.11314392,0.99353027,31.5894165,0.11923218,-29.72341919,-26.92749023,0.6902771,-24.51911926,0,0.0,3.51976013,3.51976013,1.0,1.0,1578642393963978,252331062625, HMD, -0.15271, 1.19105, 0.32747, 0.58725, 0.07422, 0.80309, -0.06846
3758267,1578642393968020,1,1,1,1,0,1,1,1,1,0,0.00805664,-0.11167908,0.99369812,0.0087738,-0.11314392,0.99353027,31.5894165,0.11923218,-29.72341919,-26.92749023,0.6902771,-24.51911926,0,0.0,3.51976013,3.51976013,1.0,1.0,1578642393965050,252331073352, HMD, -0.15271, 1.19103, 0.32751, 0.58713, 0.07419, 0.80318, -0.06839
3758267,1578642393972009,1,1,1,1,0,1,1,1,1,0,0.0030365,-0.15785217,0.98744202,0.00566101,-0.16459656,0.98632813,31.5743866,-0.09075928,-29.64315796,-26.87025452,0.46852112,-24.35392761,0,0.0,3.61076355,3.61076355,1.0,1.0,1578642393974955,252331172422, HMD, -0.15266, 1.19089, 0.32787, 0.58614, 0.07383, 0.80400, -0.06758
3758267,1578642393976007,1,1,1,1,0,1,1,1,1,0,0.0030365,-0.15785217,0.98744202,0.00566101,-0.16459656,0.98632813,31.5743866,-0.09075928,-29.64315796,-26.87025452,0.46852112,-24.35392761,0,0.0,3.61076355,3.61076355,1.0,1.0,1578642393975964,252331182490, HMD, -0.15262, 1.19088, 0.32792, 0.58604, 0.07380, 0.80409, -0.06750
3758275,1578642393981019,1,1,1,1,0,1,1,1,1,0,0.01057434,-0.20042419,0.97964478,-0.00111389,-0.19778442,0.98023987,31.51960754,-0.41738892,-29.17288208,-26.82556152,0.28302002,-24.50045776,0,0.0,3.59565735,3.59565735,1.0,1.0,1578642393979746,252331220308, HMD, -0.15261, 1.19082, 0.32805, 0.58566, 0.07366, 0.80440, -0.06717
3758284,1578642393985027,1,1,1,1,0,1,1,1,1,0,0.00923157,-0.23173523,0.97273254,0.01345825,-0.23762512,0.97125244,31.51574707,-0.47035217,-29.32086182,-26.83766174,0.14089966,-24.41447449,0,0.0,3.61296082,3.61296082,1.0,1.0,1578642393988272,252331305572, HMD, -0.15262, 1.19069, 0.32837, 0.58481, 0.07331, 0.80512, -0.06636
3758284,1578642393989002,1,1,1,1,0,1,1,1,1,0,0.00923157,-0.23173523,0.97273254,0.01345825,-0.23762512,0.97125244,31.51574707,-0.47035217,-29.32086182,-26.83766174,0.14089966,-24.41447449,0,0.0,3.61296082,3.61296082,1.0,1.0,1578642393988995,252331312800, HMD, -0.15261, 1.19068, 0.32840, 0.58474, 0.07328, 0.80518, -0.06630
3758292,1578642393993052,1,1,1,1,0,1,1,1,1,0,0.00601196,-0.23921204,0.97093201,0.00209045,-0.24386597,0.96980286,31.53361511,-0.52493286,-29.20951843,-26.8651886,0.08485413,-24.39610291,0,0.0,3.58422852,3.58422852,1.0,1.0,1578642393991321,252331336049, HMD, -0.15260, 1.19063, 0.32848, 0.58453, 0.07318, 0.80536, -0.06607
3758292,1578642393997029,1,1,1,1,0,1,1,1,1,0,0.00601196,-0.23921204,0.97093201,0.00209045,-0.24386597,0.96980286,31.53361511,-0.52493286,-29.20951843,-26.8651886,0.08485413,-24.39610291,0,0.0,3.58422852,3.58422852,1.0,1.0,1578642393991321,252331336049, HMD, -0.15260, 1.19063, 0.32848, 0.58453, 0.07318, 0.80536, -0.06607
3758300,1578642394001023,1,1,1,1,0,1,1,1,1,0,0.00865173,-0.22895813,0.97338867,0.01324463,-0.23590088,0.97167969,31.57461548,-0.48771667,-29.3974762,-26.9432373,0.14486694,-24.5987854,0,0.0,3.48338318,3.48338318,1.0,1.0,1578642394003304,252331455891, HMD, -0.15254, 1.19043, 0.32889, 0.58341, 0.07263, 0.80631, -0.06488
3758300,1578642394005017,1,1,1,1,0,1,1,1,1,0,0.00865173,-0.22895813,0.97338867,0.01324463,-0.23590088,0.97167969,31.57461548,-0.48771667,-29.3974762,-26.9432373,0.14486694,-24.5987854,0,0.0,3.48338318,3.48338318,1.0,1.0,1578642394005010,252331472946, HMD, -0.15254, 1.19039, 0.32895, 0.58326, 0.07255, 0.80645, -0.06471
3758309,1578642394009026,1,1,1,1,0,1,1,1,1,0,0.0068512,-0.22766113,0.97370911,0.00968933,-0.2383728,0.97111511,31.5799408,-0.49273682,-29.38182068,-26.97836304,0.12145996,-24.52125549,0,0.0,3.50274658,3.50274658,0.98647463,0.88054007,1578642394006833,252331491171, HMD, -0.15253, 1.19035, 0.32901, 0.58311, 0.07246, 0.80658, -0.06452
3758309,1578642394013023,1,1,1,1,0,1,1,1,1,0,0.0068512,-0.22766113,0.97370911,0.00968933,-0.2383728,0.97111511,31.5799408,-0.49273682,-29.38182068,-26.97836304,0.12145996,-24.52125549,0,0.0,3.50274658,3.50274658,0.98647463,0.88054007,1578642394014772,252331570571, HMD, -0.15245, 1.19020, 0.32925, 0.58243, 0.07209, 0.80717, -0.06371
3758309,1578642394017015,1,1,1,1,0,1,1,1,1,0,0.0068512,-0.22766113,0.97370911,0.00968933,-0.2383728,0.97111511,31.5799408,-0.49273682,-29.38182068,-26.97836304,0.12145996,-24.52125549,0,0.0,3.50274658,3.50274658,0.98647463,0.88054007,1578642394016966,252331592500, HMD, -0.15244, 1.19015, 0.32932, 0.58225, 0.07199, 0.80733, -0.06349
3758317,1578642394021009,1,1,1,1,0,1,1,1,1,0,0.0065155,-0.22634888,0.97401428,0.00216675,-0.22773743,0.97370911,31.57926941,-0.4977417,-29.36616516,-27.00852966,0.16134644,-24.62371826,0,0.0,3.51873779,3.51873779,0.98647463,0.88054007,1578642394018048,252331603321, HMD, -0.15243, 1.19013, 0.32935, 0.58216, 0.07194, 0.80740, -0.06338
3758317,1578642394025024,1,1,1,1,0,1,1,1,1,0,0.0065155,-0.22634888,0.97401428,0.00216675,-0.22773743,0.97370911,31.57926941,-0.4977417,-29.36616516,-27.00852966,0.16134644,-24.62371826,0,0.0,3.51873779,3.51873779,0.98647463,0.88054007,1578642394026900,252331691855, HMD, -0.15245, 1.18997, 0.32964, 0.58144, 0.07151, 0.80803, -0.06244
3758325,1578642394030016,1,1,1,1,0,1,1,1,1,0,0.00230408,-0.22293091,0.974823,0.00146484,-0.23635864,0.97164917,31.57669067,-0.51502991,-29.22070313,-27.04650879,0.16444397,-24.57006836,0,0.0,3.5447998,3.5447998,0.98951572,0.906501,1578642394029903,252331721870, HMD, -0.15243, 1.18991, 0.32973, 0.58121, 0.07139, 0.80823, -0.06214
3758325,1578642394033902,1,1,1,1,0,1,1,1,1,0,0.00230408,-0.22293091,0.974823,0.00146484,-0.23635864,0.97164917,31.57669067,-0.51502991,-29.22070313,-27.04650879,0.16444397,-24.57006836,0,0.0,3.5447998,3.5447998,0.98951572,0.906501,1578642394029903,252331721870, HMD, -0.15243, 1.18991, 0.32973, 0.58121, 0.07139, 0.80823, -0.06214
3758334,1578642394038894,1,1,1,1,0,1,1,1,1,0,-0.00239563,-0.22665405,0.97396851,0.00274658,-0.23382568,0.97225952,31.57957458,-0.51066589,-29.21443176,-27.09260559,0.18453979,-24.57023621,0,0.0,3.59284973,3.59284973,0.98951572,0.906501,1578642394039747,252331820329, HMD, -0.15235, 1.18969, 0.33000, 0.58048, 0.07095, 0.80887, -0.06109
3758342,1578642394042885,1,1,1,1,0,1,1,1,1,0,0.00038147,-0.2258606,0.97415161,0.00138855,-0.2375946,0.97135925,31.58407593,-0.50497437,-29.2298584,-27.12591553,0.22111511,-24.68658447,0,0.0,3.5778656,3.5778656,1.0,1.0,1578642394042811,252331850952, HMD, -0.15240, 1.18966, 0.33011, 0.58024, 0.07079, 0.80909, -0.06074
3758342,1578642394046915,1,1,1,1,0,1,1,1,1,0,0.00038147,-0.2258606,0.97415161,0.00138855,-0.2375946,0.97135925,31.58407593,-0.50497437,-29.2298584,-27.12591553,0.22111511,-24.68658447,0,0.0,3.5778656,3.5778656,1.0,1.0,1578642394044323,252331866076, HMD, -0.15239, 1.18963, 0.33015, 0.58013, 0.07072, 0.80918, -0.06057
3758342,1578642394050896,1,1,1,1,0,1,1,1,1,0,-0.00296021,-0.22386169,0.97460938,-0.00839233,-0.22697449,0.97386169,31.58859253,-0.50912476,-29.22689819,-27.15013123,0.2233429,-24.69874573,0,0.0,3.59294128,3.59294128,1.0,1.0,1578642394044323,252331866076, HMD, -0.15239, 1.18963, 0.33015, 0.58013, 0.07072, 0.80918, -0.06057
3758350,1578642394054911,1,1,1,1,0,1,1,1,1,0,-0.00296021,-0.22386169,0.97460938,-0.00839233,-0.22697449,0.97386169,31.58859253,-0.50912476,-29.22689819,-27.15013123,0.2233429,-24.69874573,0,0.0,3.59294128,3.59294128,1.0,1.0,1578642394044323,252331866076, HMD, -0.15239, 1.18963, 0.33015, 0.58013, 0.07072, 0.80918, -0.06057
3758359,1578642394064920,1,1,1,1,0,1,1,1,1,0,-0.00177002,-0.22351074,0.97468567,-0.00991821,-0.22941589,0.9732666,31.59159851,-0.5098877,-29.22065735,-27.1577301,0.21450806,-24.67259216,0,0.0,3.57829285,3.57829285,1.0,1.0,1578642394067138,252332094255, HMD, -0.15217, 1.18910, 0.33074, 0.57847, 0.06960, 0.81065, -0.05802
3758367,1578642394069888,1,1,1,1,0,1,1,1,1,0,-0.00444031,-0.22299194,0.97479248,-0.01168823,-0.23208618,0.97261047,31.59460449,-0.51066589,-29.21443176,-27.16532898,0.20565796,-24.64645386,0,0.0,3.59346008,3.59346008,1.0,1.0,1578642394069830,252332121147, HMD, -0.15214, 1.18903, 0.33081, 0.57827, 0.06946, 0.81083, -0.05770
3758367,1578642394073891,1,1,1,1,0,1,1,1,1,0,-0.00444031,-0.22299194,0.97479248,-0.01168823,-0.23208618,0.97261047,31.59460449,-0.51066589,-29.21443176,-27.16532898,0.20565796,-24.64645386,0,0.0,3.59346008,3.59346008,1.0,1.0,1578642394071490,252332137748, HMD, -0.15212, 1.18898, 0.33085, 0.57815, 0.06937, 0.81094, -0.05751
3758375,1578642394077902,1,1,1,1,0,1,1,1,1,0,-0.00392151,-0.22201538,0.97502136,-0.01568604,-0.23118591,0.97277832,31.59999084,-0.5151825,-29.20663452,-27.16792297,0.20289612,-24.65681458,0,0.0,3.59553528,3.59553528,1.0,1.0,1578642394071490,252332137748, HMD, -0.15212, 1.18898, 0.33085, 0.57815, 0.06937, 0.81094, -0.05751
3758392,1578642394095041,1,1,1,1,0,1,1,1,1,0,-0.00695801,-0.22238159,0.97492981,-0.01272583,-0.23101807,0.97285461,31.61013794,-0.5151825,-29.18144226,-27.24250793,0.21401978,-24.62297058,0,0.0,3.59967041,3.59967041,1.0,1.0,1578642394101628,252332439211, HMD, -0.15169, 1.18822, 0.33158, 0.57582, 0.06775, 0.81297, -0.05402
3758392,1578642394099066,1,1,1,1,0,1,1,1,1,0,-0.00695801,-0.22238159,0.97492981,-0.01272583,-0.23101807,0.97285461,31.61013794,-0.5151825,-29.18144226,-27.24250793,0.21401978,-24.62297058,0,0.0,3.59967041,3.59967041,1.0,1.0,1578642394101628,252332439211, HMD, -0.15169, 1.18822, 0.33158, 0.57582, 0.06775, 0.81297, -0.05402
3758400,1578642394105071,1,1,1,1,0,1,1,1,1,0,-0.01837158,-0.21362305,0.97673035,-0.01495361,-0.23072815,0.97290039,31.61233521,-0.48878479,-29.15119934,-27.25323486,0.19654846,-24.5304718,0,0.0,3.67704773,3.67704773,1.0,1.0,1578642394105099,252332473837, HMD, -0.15165, 1.18813, 0.33165, 0.57551, 0.06759, 0.81323, -0.05365
3758400,1578642394109045,1,1,1,1,0,1,1,1,1,0,-0.01837158,-0.21362305,0.97673035,-0.01495361,-0.23072815,0.97290039,31.61233521,-0.48878479,-29.15119934,-27.25323486,0.19654846,-24.5304718,0,0.0,3.67704773,3.67704773,1.0,1.0,1578642394106849,252332491333, HMD, -0.15162, 1.18809, 0.33170, 0.57537, 0.06751, 0.81334, -0.05348
3758409,1578642394118069,1,1,1,1,0,1,1,1,1,0,-0.0164032,-0.21633911,0.97616577,-0.01733398,-0.23352051,0.97218323,31.60787964,-0.47463989,-29.10975647,-27.26394653,0.20716858,-24.49092102,0,0.0,3.65570068,3.65570068,1.0,1.0,1578642394106849,252332491333, HMD, -0.15162, 1.18809, 0.33170, 0.57537, 0.06751, 0.81334, -0.05348
3758417,1578642394123045,1,1,1,1,0,1,1,1,1,0,-0.01615906,-0.2119751,0.97712708,-0.01467896,-0.21018982,0.97753906,31.60255432,-0.47111511,-29.06358337,-27.3427887,0.24658203,-24.56544495,0,0.0,3.71232605,3.71232605,1.0,1.0,1578642394106849,252332491333, HMD, -0.15162, 1.18809, 0.33170, 0.57537, 0.06751, 0.81334, -0.05348
3758425,1578642394135016,1,1,1,1,0,1,1,1,1,0,-0.01860046,-0.21073914,0.97735596,-0.01324463,-0.21139526,0.97729492,31.59645081,-0.45530701,-29.08233643,-27.37661743,0.29992676,-24.69784546,0,0.0,3.66174316,3.66174316,1.0,1.0,1578642394144007,252332863045, HMD, -0.15095, 1.18735, 0.33246, 0.57229, 0.06648, 0.81580, -0.05038
3758434,1578642394139976,1,1,1,1,0,1,1,1,1,0,-0.02191162,-0.20016479,0.97950745,-0.01242065,-0.20288086,0.97911072,31.59286499,-0.4312439,-29.11355591,-27.39933777,0.33581543,-24.78378296,0,0.0,3.69795227,3.69795227,1.0,1.0,1578642394144007,252332863045, HMD, -0.15095, 1.18735, 0.33246, 0.57229, 0.06648, 0.81580, -0.05038
3758442,1578642394144966,1,1,1,1,0,1,1,1,1,0,-0.02281189,-0.20176697,0.97915649,-0.01898193,-0.20777893,0.97798157,31.59197998,-0.42376709,-29.12677002,-27.41915894,0.33918762,-24.79946899,0,0.0,3.70646667,3.70646667,1.0,1.0,1578642394144974,252332872584, HMD, -0.15093, 1.18733, 0.33248, 0.57220, 0.06646, 0.81587, -0.05030
3758442,1578642394148954,1,1,1,1,0,1,1,1,1,0,-0.02281189,-0.20176697,0.97915649,-0.01898193,-0.20777893,0.97798157,31.59197998,-0.42376709,-29.12677002,-27.41915894,0.33918762,-24.79946899,0,0.0,3.70646667,3.70646667,1.0,1.0,1578642394147503,252332897870, HMD, -0.15088, 1.18730, 0.33253, 0.57199, 0.06641, 0.81603, -0.05012
3758450,1578642394153952,1,1,1,1,0,1,1,1,1,0,-0.0236969,-0.19993591,0.97950745,-0.0178833,-0.2099762,0.97753906,31.59109497,-0.42816162,-29.12493896,-27.4256134,0.32870483,-24.77667236,0,0.0,3.71528625,3.71528625,1.0,1.0,1578642394147503,252332897870, HMD, -0.15088, 1.18730, 0.33253, 0.57199, 0.06641, 0.81603, -0.05012
3758450,1578642394157921,1,1,1,1,0,1,1,1,1,0,-0.0236969,-0.19993591,0.97950745,-0.0178833,-0.2099762,0.97753906,31.59109497,-0.42816162,-29.12493896,-27.4256134,0.32870483,-24.77667236,0,0.0,3.71528625,3.71528625,1.0,1.0,1578642394147503,252332897870, HMD, -0.15088, 1.18730, 0.33253, 0.57199, 0.06641, 0.81603, -0.05012
3758459,1578642394161925,1,1,1,1,0,1,1,1,1,0,-0.02616882,-0.20022583,0.97938538,-0.01669312,-0.20588684,0.97842407,31.59078979,-0.42970276,-29.12976074,-27.43208313,0.31822205,-24.75387573,0,0.0,3.70646667,3.70646667,1.0,1.0,1578642394147503,252332897870, HMD, -0.15088, 1.18730, 0.33253, 0.57199, 0.06641, 0.81603, -0.05012
3758475,1578642394176778,1,1,1,1,0,1,1,1,1,0,-0.02502441,-0.22245789,0.97460938,-0.0282135,-0.23794556,0.97085571,31.54873657,-0.54873657,-29.16140747,-27.37557983,0.14421082,-24.62776184,0,0.0,3.62878418,3.62878418,1.0,1.0,1578642394181286,252333235733, HMD, -0.15027, 1.18677, 0.33317, 0.56903, 0.06545, 0.81831, -0.04789
3758475,1578642394180772,1,1,1,1,0,1,1,1,1,0,-0.02502441,-0.22245789,0.97460938,-0.0282135,-0.23794556,0.97085571,31.54873657,-0.54873657,-29.16140747,-27.37557983,0.14421082,-24.62776184,0,0.0,3.62878418,3.62878418,1.0,1.0,1578642394181286,252333235733, HMD, -0.15027, 1.18677, 0.33317, 0.56903, 0.06545, 0.81831, -0.04789
3758484,1578642394186525,1,1,1,1,0,1,1,1,1,0,-0.02185059,-0.25942993,0.96549988,-0.0178833,-0.25770569,0.96604919,31.50180054,-0.52767944,-29.44332886,-27.29153442,0.08222961,-24.80007935,0,0.0,3.73286438,3.73286438,1.0,1.0,1578642394185060,252333273446, HMD, -0.15021, 1.18673, 0.33325, 0.56866, 0.06534, 0.81859, -0.04768
3758484,1578642394190493,1,1,1,1,0,1,1,1,1,0,-0.02185059,-0.25942993,0.96549988,-0.0178833,-0.25770569,0.96604919,31.50180054,-0.52767944,-29.44332886,-27.29153442,0.08222961,-24.80007935,0,0.0,3.73286438,3.73286438,1.0,1.0,1578642394185060,252333273446, HMD, -0.15021, 1.18673, 0.33325, 0.56866, 0.06534, 0.81859, -0.04768
3758492,1578642394195693,1,1,1,1,0,1,1,1,1,0,-0.01623535,-0.29600525,0.95503235,-0.0165863,-0.28829956,0.9573822,31.47581482,-0.65625,-29.20600891,-27.22322083,-0.11126709,-24.49002075,0,0.0,3.68045044,3.68045044,0.95317221,0.89374924,1578642394202240,252333445313, HMD, -0.14979, 1.18647, 0.33355, 0.56712, 0.06474, 0.81975, -0.04681
3758492,1578642394199556,1,1,1,1,0,1,1,1,1,0,-0.01623535,-0.29600525,0.95503235,-0.0165863,-0.28829956,0.9573822,31.47581482,-0.65625,-29.20600891,-27.22322083,-0.11126709,-24.49002075,0,0.0,3.68045044,3.68045044,0.95317221,0.89374924,1578642394202240,252333445313, HMD, -0.14979, 1.18647, 0.33355, 0.56712, 0.06474, 0.81975, -0.04681
3758500,1578642394203560,1,1,1,1,0,1,1,1,1,0,-0.01689148,-0.30990601,0.9506073,-0.01046753,-0.2993927,0.95405579,31.45443726,-0.69607544,-29.16986084,-27.21498108,-0.17648315,-24.39720154,0,0.0,3.7008667,3.7008667,0.95317221,0.89374924,1578642394203498,252333457830, HMD, -0.14978, 1.18647, 0.33358, 0.56699, 0.06470, 0.81985, -0.04675
3758500,1578642394207561,1,1,1,1,0,1,1,1,1,0,-0.01689148,-0.30990601,0.9506073,-0.01046753,-0.2993927,0.95405579,31.45443726,-0.69607544,-29.16986084,-27.21498108,-0.17648315,-24.39720154,0,0.0,3.7008667,3.7008667,0.95317221,0.89374924,1578642394206133,252333484169, HMD, -0.14971, 1.18643, 0.33362, 0.56676, 0.06461, 0.82002, -0.04662
3758509,1578642394211561,1,1,1,1,0,1,1,1,1,0,-0.02186584,-0.30754089,0.95127869,-0.01641846,-0.29417419,0.95559692,31.46847534,-0.65924072,-29.29804993,-27.25743103,-0.14927673,-24.49014282,0,0.0,3.6526947,3.6526947,0.91639942,0.84644026,1578642394216071,252333583574, HMD, -0.14947, 1.18631, 0.33379, 0.56592, 0.06424, 0.82066, -0.04618
3758509,1578642394215145,1,1,1,1,0,1,1,1,1,0,-0.02186584,-0.30754089,0.95127869,-0.01641846,-0.29417419,0.95559692,31.46847534,-0.65924072,-29.29804993,-27.25743103,-0.14927673,-24.49014282,0,0.0,3.6526947,3.6526947,0.91639942,0.84644026,1578642394216071,252333583574, HMD, -0.14947, 1.18631, 0.33379, 0.56592, 0.06424, 0.82066, -0.04618
3758517,1578642394219139,1,1,1,1,0,1,1,1,1,0,-0.02207947,-0.30711365,0.95141602,-0.01902771,-0.29322815,0.95584106,31.47434998,-0.65333557,-29.32574463,-27.3074646,-0.07267761,-24.75959778,0,0.0,3.67756653,3.67756653,0.91639942,0.84644026,1578642394219033,252333613175, HMD, -0.14940, 1.18628, 0.33384, 0.56567, 0.06413, 0.82084, -0.04606
3758517,1578642394223163,1,1,1,1,0,1,1,1,1,0,-0.02207947,-0.30711365,0.95141602,-0.01902771,-0.29322815,0.95584106,31.47434998,-0.65333557,-29.32574463,-27.3074646,-0.07267761,-24.75959778,0,0.0,3.67756653,3.67756653,0.91639942,0.84644026,1578642394220664,252333629487, HMD, -0.14936, 1.18626, 0.33386, 0.56554, 0.06408, 0.82094, -0.04598
3758525,1578642394227164,1,1,1,1,0,1,1,1,1,0,-0.02410889,-0.30560303,0.95184326,-0.01708984,-0.30609131,0.95184326,31.47616577,-0.65924072,-29.32356262,-27.33340454,-0.05516052,-24.84819031,0,0.0,3.70381165,3.70381165,0.91274506,0.84245735,1578642394220664,252333629487, HMD, -0.14936, 1.18626, 0.33386, 0.56554, 0.06408, 0.82094, -0.04598
3758525,1578642394231157,1,1,1,1,0,1,1,1,1,0,-0.02410889,-0.30560303,0.95184326,-0.01708984,-0.30609131,0.95184326,31.47616577,-0.65924072,-29.32356262,-27.33340454,-0.05516052,-24.84819031,0,0.0,3.70381165,3.70381165,0.91274506,0.84245735,1578642394220664,252333629487, HMD, -0.14936, 1.18626, 0.33386, 0.56554, 0.06408, 0.82094, -0.04598
3758534,1578642394243641,1,1,1,1,0,1,1,1,1,0,-0.02445984,-0.30543518,0.95188904,-0.01808167,-0.29862976,0.95419312,31.47616577,-0.6504364,-29.3526001,-27.35702515,-0.07537842,-24.76371765,0,0.0,3.68487549,3.68487549,0.91274506,0.84245735,1578642394254914,252333972024, HMD, -0.14866, 1.18590, 0.33433, 0.56284, 0.06282, 0.82297, -0.04459
3758542,1578642394248636,1,1,1,1,0,1,1,1,1,0,-0.02445984,-0.30543518,0.95188904,-0.01808167,-0.29862976,0.95419312,31.47616577,-0.6504364,-29.3526001,-27.35702515,-0.07537842,-24.76371765,0,0.0,3.68487549,3.68487549,0.89861095,0.84249765,1578642394254914,252333972024, HMD, -0.14866, 1.18590, 0.33433, 0.56284, 0.06282, 0.82297, -0.04459
3758550,1578642394252639,1,1,1,1,0,1,1,1,1,0,-0.02552795,-0.30426025,0.95223999,-0.01713562,-0.29907227,0.95407104,31.47819519,-0.64892578,-29.35302734,-27.36463928,-0.08551025,-24.71916199,0,0.0,3.67723083,3.67723083,0.89861095,0.84249765,1578642394254914,252333972024, HMD, -0.14866, 1.18590, 0.33433, 0.56284, 0.06282, 0.82297, -0.04459
3758550,1578642394256650,1,1,1,1,0,1,1,1,1,0,-0.02552795,-0.30426025,0.95223999,-0.01713562,-0.29907227,0.95407104,31.47819519,-0.64892578,-29.35302734,-27.36463928,-0.08551025,-24.71916199,0,0.0,3.67723083,3.67723083,0.89861095,0.84249765,1578642394256611,252333988954, HMD, -0.14862, 1.18588, 0.33435, 0.56271, 0.06276, 0.82307, -0.04453
3758550,1578642394260630,1,1,1,1,0,1,1,1,1,0,-0.02659607,-0.30609131,0.95161438,-0.0174408,-0.29588318,0.95506287,31.48020935,-0.64743042,-29.35345459,-27.37113953,-0.09460449,-24.67834473,0,0.0,3.66868591,3.66868591,0.89861095,0.84249765,1578642394258357,252334006414, HMD, -0.14858, 1.18586, 0.33437, 0.56257, 0.06270, 0.82317, -0.04447
3758559,1578642394264692,1,1,1,1,0,1,1,1,1,0,-0.02659607,-0.30609131,0.95161438,-0.0174408,-0.29588318,0.95506287,31.48020935,-0.64743042,-29.35345459,-27.37113953,-0.09460449,-24.67834473,0,0.0,3.66868591,3.66868591,0.90570372,0.85547316,1578642394258357,252334006414, HMD, -0.14858, 1.18586, 0.33437, 0.56257, 0.06270, 0.82317, -0.04447
3758567,1578642394268657,1,1,1,1,0,1,1,1,1,0,-0.02706909,-0.30430603,0.95217896,-0.01777649,-0.29350281,0.95578003,31.4805603,-0.63848877,-29.38635254,-27.37765503,-0.10369873,-24.63754272,0,0.0,3.67565918,3.67565918,0.90570372,0.85547316,1578642394272192,252334144851, HMD, -0.14834, 1.18576, 0.33454, 0.56157, 0.06219, 0.82392, -0.04397
3758567,1578642394274817,1,1,1,1,0,1,1,1,1,0,-0.02706909,-0.30430603,0.95217896,-0.01777649,-0.29350281,0.95578003,31.4805603,-0.63848877,-29.38635254,-27.37765503,-0.10369873,-24.63754272,0,0.0,3.67565918,3.67565918,0.90570372,0.85547316,1578642394274723,252334170076, HMD, -0.14830, 1.18573, 0.33456, 0.56139, 0.06209, 0.82405, -0.04389
3758575,1578642394279211,1,1,1,1,0,1,1,1,1,0,-0.0274353,-0.30252075,0.95274353,-0.01678467,-0.29536438,0.95523071,31.48091125,-0.62956238,-29.41925049,-27.38237,-0.1088562,-24.60227966,0,0.0,3.66757202,3.66757202,0.89871216,0.85002154,1578642394277128,252334194122, HMD, -0.14825, 1.18570, 0.33460, 0.56122, 0.06202, 0.82418, -0.04379
3758584,1578642394285256,1,1,1,1,0,1,1,1,1,0,-0.02864075,-0.30171204,0.95295715,-0.01597595,-0.29525757,0.95527649,31.48251343,-0.6244812,-29.42933655,-27.3870697,-0.10369873,-24.62391663,0,0.0,3.66390991,3.66390991,0.89871216,0.85002154,1578642394277128,252334194122, HMD, -0.14825, 1.18570, 0.33460, 0.56122, 0.06202, 0.82418, -0.04379
3758584,1578642394290219,1,1,1,1,0,1,1,1,1,0,-0.02864075,-0.30171204,0.95295715,-0.01597595,-0.29525757,0.95527649,31.48251343,-0.6244812,-29.42933655,-27.3870697,-0.10369873,-24.62391663,0,0.0,3.66390991,3.66390991,0.89871216,0.85002154,1578642394277128,252334194122, HMD, -0.14825, 1.18570, 0.33460, 0.56122, 0.06202, 0.82418, -0.04379
3758592,1578642394296203,1,1,1,1,0,1,1,1,1,0,-0.02984619,-0.3008728,0.95318604,-0.01715088,-0.29440308,0.95552063,31.48413086,-0.61940002,-29.43940735,-27.39414978,-0.10351563,-24.63072205,0,0.0,3.66027832,3.66027832,0.89231265,0.86849207,1578642394311383,252334536706, HMD, -0.14755, 1.18535, 0.33498, 0.55875, 0.06066, 0.82602, -0.04249
3758592,1578642394300205,1,1,1,1,0,1,1,1,1,0,-0.02984619,-0.3008728,0.95318604,-0.01715088,-0.29440308,0.95552063,31.48413086,-0.61940002,-29.43940735,-27.39414978,-0.10351563,-24.63072205,0,0.0,3.66027832,3.66027832,0.89231265,0.86849207,1578642394311383,252334536706, HMD, -0.14755, 1.18535, 0.33498, 0.55875, 0.06066, 0.82602, -0.04249
3758600,1578642394304210,1,1,1,1,0,1,1,1,1,0,-0.02937317,-0.300354,0.95336914,-0.01838684,-0.29438782,0.95550537,31.48550415,-0.61604309,-29.44822693,-27.4012146,-0.10333252,-24.63754272,0,0.0,3.66371155,3.66371155,0.89231265,0.86849207,1578642394311383,252334536706, HMD, -0.14755, 1.18535, 0.33498, 0.55875, 0.06066, 0.82602, -0.04249
3758609,1578642394311206,1,1,1,1,0,1,1,1,1,0,-0.03056335,-0.30116272,0.95307922,-0.0196228,-0.29426575,0.95550537,31.48687744,-0.61268616,-29.45706177,-27.40942383,-0.09776306,-24.6645813,0,0.0,3.66716003,3.66716003,0.90434271,0.855977,1578642394311383,252334536706, HMD, -0.14755, 1.18535, 0.33498, 0.55875, 0.06066, 0.82602, -0.04249
3758609,1578642394315194,1,1,1,1,0,1,1,1,1,0,-0.03056335,-0.30116272,0.95307922,-0.0196228,-0.29426575,0.95550537,31.48687744,-0.61268616,-29.45706177,-27.40942383,-0.09776306,-24.6645813,0,0.0,3.66716003,3.66716003,0.90434271,0.855977,1578642394314526,252334568102, HMD, -0.14748, 1.18530, 0.33501, 0.55852, 0.06051, 0.82620, -0.04236
3758617,1578642394319351,1,1,1,1,0,1,1,1,1,0,-0.03092957,-0.30064392,0.95323181,-0.02087402,-0.29385376,0.95561218,31.48690796,-0.61154175,-29.45851135,-27.41763306,-0.0921936,-24.69161987,0,0.0,3.66873169,3.66873169,0.90434271,0.855977,1578642394314526,252334568102, HMD, -0.14748, 1.18530, 0.33501, 0.55852, 0.06051, 0.82620, -0.04236
3758617,1578642394323350,1,1,1,1,0,1,1,1,1,0,-0.03092957,-0.30064392,0.95323181,-0.02087402,-0.29385376,0.95561218,31.48690796,-0.61154175,-29.45851135,-27.41763306,-0.0921936,-24.69161987,0,0.0,3.66873169,3.66873169,0.90434271,0.855977,1578642394326217,252334685043, HMD, -0.14732, 1.18521, 0.33519, 0.55760, 0.05998, 0.82688, -0.04184
3758625,1578642394327342,1,1,1,1,0,1,1,1,1,0,-0.03096008,-0.30010986,0.9533844,-0.02362061,-0.29360962,0.95562744,31.48692322,-0.6104126,-29.4599762,-27.42381287,-0.0914917,-24.6990509,0,0.0,3.66973877,3.66973877,0.8967306,0.86680943,1578642394327310,252334695946, HMD, -0.14730, 1.18520, 0.33520, 0.55752, 0.05993, 0.82694, -0.04180
3758625,1578642394331345,1,1,1,1,0,1,1,1,1,0,-0.03096008,-0.30010986,0.9533844,-0.02362061,-0.29360962,0.95562744,31.48692322,-0.6104126,-29.4599762,-27.42381287,-0.0914917,-24.6990509,0,0.0,3.66973877,3.66973877,0.8967306,0.86680943,1578642394329775,252334720593, HMD, -0.14725, 1.18517, 0.33524, 0.55733, 0.05981, 0.82708, -0.04170
3758625,1578642394335348,1,1,1,1,0,1,1,1,1,0,-0.03170776,-0.29995728,0.95341492,-0.02636719,-0.29304504,0.95573425,31.48930359,-0.60653687,-29.46913147,-27.42999268,-0.09078979,-24.70649719,0,0.0,3.68269348,3.68269348,0.8967306,0.86680943,1578642394329775,252334720593, HMD, -0.14725, 1.18517, 0.33524, 0.55733, 0.05981, 0.82708, -0.04170
3758634,1578642394339363,1,1,1,1,0,1,1,1,1,0,-0.03170776,-0.29995728,0.95341492,-0.02636719,-0.29304504,0.95573425,31.48930359,-0.60653687,-29.46913147,-27.42999268,-0.09078979,-24.70649719,0,0.0,3.68269348,3.68269348,0.8967306,0.86680943,1578642394341034,252334833239, HMD, -0.14705, 1.18507, 0.33536, 0.55648, 0.05929, 0.82772, -0.04130
3758634,1578642394343365,1,1,1,1,0,1,1,1,1,0,-0.03315735,-0.29949951,0.95350647,-0.0322113,-0.2882843,0.95698547,31.49417114,-0.60653687,-29.46913147,-27.50785828,0.00054932,-24.89845276,0,0.0,3.68299866,3.68299866,0.8967306,0.86680943,1578642394343288,252334855728, HMD, -0.14704, 1.18505, 0.33540, 0.55630, 0.05917, 0.82785, -0.04123
3758642,1578642394347344,1,1,1,1,0,1,1,1,1,0,-0.03315735,-0.29949951,0.95350647,-0.0322113,-0.2882843,0.95698547,31.49417114,-0.60653687,-29.46913147,-27.50785828,0.00054932,-24.89845276,0,0.0,3.68299866,3.68299866,0.90862232,0.8604399,1578642394345751,252334880359, HMD, -0.14700, 1.18502, 0.33544, 0.55610, 0.05906, 0.82799, -0.04115
3758650,1578642394358335,1,1,1,1,0,1,1,1,1,0,-0.03555298,-0.29925537,0.95349121,-0.03668213,-0.29428101,0.95500183,31.49995422,-0.60653687,-29.46913147,-27.53459167,0.00476074,-24.87431335,0,0.0,3.68341064,3.68341064,0.90862232,0.8604399,1578642394345751,252334880359, HMD, -0.14700, 1.18502, 0.33544, 0.55610, 0.05906, 0.82799, -0.04115
3758659,1578642394362346,1,1,1,1,0,1,1,1,1,0,-0.03800964,-0.29736328,0.95399475,-0.03799438,-0.29039001,0.95614624,31.50975037,-0.60574341,-29.46913147,-27.55464172,0.00282288,-24.81616211,0,0.0,3.68545532,3.68545532,0.90658212,0.84700012,1578642394345751,252334880359, HMD, -0.14700, 1.18502, 0.33544, 0.55610, 0.05906, 0.82799, -0.04115
3758667,1578642394372590,1,1,1,1,0,1,1,1,1,0,-0.03947449,-0.29545593,0.95452881,-0.03797913,-0.28141785,0.95883179,31.50975037,-0.60466003,-29.46913147,-27.56678772,0.01287842,-24.83088684,0,0.0,3.70726013,3.70726013,0.90658212,0.84700012,1578642394345751,252334880359, HMD, -0.14700, 1.18502, 0.33544, 0.55610, 0.05906, 0.82799, -0.04115
3758667,1578642394376708,1,1,1,1,0,1,1,1,1,0,-0.03947449,-0.29545593,0.95452881,-0.03797913,-0.28141785,0.95883179,31.50975037,-0.60466003,-29.46913147,-27.56678772,0.01287842,-24.83088684,0,0.0,3.70726013,3.70726013,0.90658212,0.84700012,1578642394399894,252335421850, HMD, -0.14613, 1.18469, 0.33617, 0.55194, 0.05744, 0.83095, -0.03976
3758675,1578642394382585,1,1,1,1,0,1,1,1,1,0,-0.03985596,-0.29516602,0.9546051,-0.04295349,-0.28717041,0.95690918,31.51023865,-0.60466003,-29.46913147,-27.5713501,0.02174377,-24.85820007,0,0.0,3.71688843,3.71688843,0.89991963,0.85402709,1578642394399894,252335421850, HMD, -0.14613, 1.18469, 0.33617, 0.55194, 0.05744, 0.83095, -0.03976
3758684,1578642394386616,1,1,1,1,0,1,1,1,1,0,-0.04019165,-0.29447937,0.95480347,-0.0479126,-0.28869629,0.95620728,31.51071167,-0.60466003,-29.46913147,-27.57591248,0.03062439,-24.88551331,0,0.0,3.73728943,3.73728943,0.89991963,0.85402709,1578642394399894,252335421850, HMD, -0.14613, 1.18469, 0.33617, 0.55194, 0.05744, 0.83095, -0.03976
3758684,1578642394392585,1,1,1,1,0,1,1,1,1,0,-0.04104614,-0.2940979,0.95487976,-0.04751587,-0.28497314,0.95735168,31.51332092,-0.60466003,-29.46913147,-27.57891846,0.03079224,-24.88986206,0,0.0,3.74197388,3.74197388,0.89991963,0.85402709,1578642394399894,252335421850, HMD, -0.14613, 1.18469, 0.33617, 0.55194, 0.05744, 0.83095, -0.03976
3758692,1578642394396812,1,1,1,1,0,1,1,1,1,0,-0.04104614,-0.2940979,0.95487976,-0.04751587,-0.28497314,0.95735168,31.51332092,-0.60466003,-29.46913147,-27.57891846,0.03079224,-24.88986206,0,0.0,3.74197388,3.74197388,0.90055221,0.83523357,1578642394399894,252335421850, HMD, -0.14613, 1.18469, 0.33617, 0.55194, 0.05744, 0.83095, -0.03976
3758692,1578642394400577,1,1,1,1,0,1,1,1,1,0,-0.04104614,-0.2940979,0.95487976,-0.04751587,-0.28497314,0.95735168,31.51332092,-0.60466003,-29.46913147,-27.57891846,0.03079224,-24.88986206,0,0.0,3.74197388,3.74197388,0.90055221,0.83523357,1578642394400609,252335428939, HMD, -0.14612, 1.18469, 0.33617, 0.55187, 0.05742, 0.83100, -0.03973
3758700,1578642394404571,1,1,1,1,0,1,1,1,1,0,-0.04748535,-0.29559326,0.95411682,-0.04656982,-0.28631592,0.95698547,31.51477051,-0.60574341,-29.40339661,-27.5819397,0.03062439,-24.88551331,0,0.0,3.74745178,3.74745178,0.90055221,0.83523357,1578642394403399,252335456829, HMD, -0.14609, 1.18467, 0.33622, 0.55164, 0.05735, 0.83116, -0.03965
3758700,1578642394408597,1,1,1,1,0,1,1,1,1,0,-0.04748535,-0.29559326,0.95411682,-0.04656982,-0.28631592,0.95698547,31.51477051,-0.60574341,-29.40339661,-27.5819397,0.03062439,-24.88551331,0,0.0,3.74745178,3.74745178,0.90055221,0.83523357,1578642394403399,252335456829, HMD, -0.14609, 1.18467, 0.33622, 0.55164, 0.05735, 0.83116, -0.03965
3758709,1578642394414579,1,1,1,1,0,1,1,1,1,0,-0.05158997,-0.29550171,0.95393372,-0.04721069,-0.28651428,0.95689392,31.51794434,-0.60653687,-29.3984375,-27.58023071,0.02609253,-24.88471985,0,0.0,3.76068115,3.76068115,0.89619386,0.84416568,1578642394419464,252335617554, HMD, -0.14594, 1.18455, 0.33643, 0.55027, 0.05690, 0.83213, -0.03905
3758717,1578642394418902,1,1,1,1,0,1,1,1,1,0,-0.05375671,-0.29263306,0.95469666,-0.04789734,-0.28445435,0.95748901,31.51872253,-0.62376404,-29.3838501,-27.57852173,0.02156067,-24.88392639,0,0.0,3.76168823,3.76168823,0.89619386,0.84416568,1578642394419464,252335617554, HMD, -0.14594, 1.18455, 0.33643, 0.55027, 0.05690, 0.83213, -0.03905
3758717,1578642394425635,1,1,1,1,0,1,1,1,1,0,-0.05375671,-0.29263306,0.95469666,-0.04789734,-0.28445435,0.95748901,31.51872253,-0.62376404,-29.3838501,-27.57852173,0.02156067,-24.88392639,0,0.0,3.76168823,3.76168823,0.89619386,0.84416568,1578642394423751,252335660358, HMD, -0.14597, 1.18455, 0.33650, 0.54987, 0.05675, 0.83241, -0.03886
3758725,1578642394429633,1,1,1,1,0,1,1,1,1,0,-0.05401611,-0.29351807,0.954422,-0.04878235,-0.28620911,0.95690918,31.51939392,-0.62417603,-29.36943054,-27.57896423,0.01721191,-24.85740662,0,0.0,3.76231384,3.76231384,0.90945572,0.84006327,1578642394423751,252335660358, HMD, -0.14597, 1.18455, 0.33650, 0.54987, 0.05675, 0.83241, -0.03886
3758725,1578642394433627,1,1,1,1,0,1,1,1,1,0,-0.05401611,-0.29351807,0.954422,-0.04878235,-0.28620911,0.95690918,31.51939392,-0.62417603,-29.36943054,-27.57896423,0.01721191,-24.85740662,0,0.0,3.76231384,3.76231384,0.90945572,0.84006327,1578642394423751,252335660358, HMD, -0.14597, 1.18455, 0.33650, 0.54987, 0.05675, 0.83241, -0.03886
3758742,1578642394444632,1,1,1,1,0,1,1,1,1,0,-0.05740356,-0.29011536,0.95526123,-0.05041504,-0.28491211,0.95721436,31.52209473,-0.62689209,-29.34934998,-27.58047485,0.00198364,-24.82310486,0,0.0,3.76725769,3.76725769,0.90909606,0.86298013,1578642394456760,252335990474, HMD, -0.14577, 1.18419, 0.33701, 0.54682, 0.05542, 0.83457, -0.03760
3758742,1578642394448644,1,1,1,1,0,1,1,1,1,0,-0.05740356,-0.29011536,0.95526123,-0.05041504,-0.28491211,0.95721436,31.52209473,-0.62689209,-29.34934998,-27.58047485,0.00198364,-24.82310486,0,0.0,3.76725769,3.76725769,0.90909606,0.86298013,1578642394456760,252335990474, HMD, -0.14577, 1.18419, 0.33701, 0.54682, 0.05542, 0.83457, -0.03760
3758750,1578642394454636,1,1,1,1,0,1,1,1,1,0,-0.05895996,-0.28843689,0.95567322,-0.05108643,-0.28413391,0.95741272,31.51939392,-0.62689209,-29.34934998,-27.58155823,-0.00889587,-24.81533813,0,0.0,3.76779175,3.76779175,0.90909606,0.86298013,1578642394456760,252335990474, HMD, -0.14577, 1.18419, 0.33701, 0.54682, 0.05542, 0.83457, -0.03760
3758750,1578642394458618,1,1,1,1,0,1,1,1,1,0,-0.05895996,-0.28843689,0.95567322,-0.05108643,-0.28413391,0.95741272,31.51939392,-0.62689209,-29.34934998,-27.58155823,-0.00889587,-24.81533813,0,0.0,3.76779175,3.76779175,0.90909606,0.86298013,1578642394458577,252336008612, HMD, -0.14576, 1.18417, 0.33704, 0.54665, 0.05534, 0.83469, -0.03754
3758759,1578642394463661,1,1,1,1,0,1,1,1,1,0,-0.05899048,-0.28839111,0.95568848,-0.05253601,-0.2849884,0.95707703,31.51794434,-0.62689209,-29.34934998,-27.58174133,-0.01196289,-24.76960754,0,0.0,3.77436829,3.77436829,0.90938884,0.88394642,1578642394459975,252336022598, HMD, -0.14575, 1.18416, 0.33706, 0.54652, 0.05528, 0.83478, -0.03749
3758759,1578642394467625,1,1,1,1,0,1,1,1,1,0,-0.05831909,-0.28837585,0.95573425,-0.05400085,-0.28593445,0.95671082,31.51477051,-0.62689209,-29.34934998,-27.5819397,-0.01504517,-24.72386169,0,0.0,3.78453064,3.78453064,0.90938884,0.88394642,1578642394473413,252336157041, HMD, -0.14564, 1.18398, 0.33725, 0.54531, 0.05469, 0.83563, -0.03705
3758767,1578642394471615,1,1,1,1,0,1,1,1,1,0,-0.05831909,-0.28837585,0.95573425,-0.05400085,-0.28593445,0.95671082,31.51477051,-0.62689209,-29.34934998,-27.5819397,-0.01504517,-24.72386169,0,0.0,3.78453064,3.78453064,0.90938884,0.88394642,1578642394473413,252336157041, HMD, -0.14564, 1.18398, 0.33725, 0.54531, 0.05469, 0.83563, -0.03705
3758775,1578642394475622,1,1,1,1,0,1,1,1,1,0,-0.0619812,-0.28689575,0.95594788,-0.05401611,-0.28453064,0.95713806,31.51332092,-0.62513733,-29.35221863,-27.5838623,-0.02511597,-24.6988678,0,0.0,3.80036926,3.80036926,0.90136039,0.87144834,1578642394475684,252336179683, HMD, -0.14562, 1.18396, 0.33728, 0.54509, 0.05458, 0.83578, -0.03698
3758775,1578642394479611,1,1,1,1,0,1,1,1,1,0,-0.0619812,-0.28689575,0.95594788,-0.05401611,-0.28453064,0.95713806,31.51332092,-0.62513733,-29.35221863,-27.5838623,-0.02511597,-24.6988678,0,0.0,3.80036926,3.80036926,0.90136039,0.87144834,1578642394477127,252336194118, HMD, -0.14562, 1.18394, 0.33730, 0.54496, 0.05452, 0.83587, -0.03693
3758784,1578642394486041,1,1,1,1,0,1,1,1,1,0,-0.06555176,-0.28649902,0.95582581,-0.05401611,-0.28309631,0.95756531,31.51113892,-0.62513733,-29.35221863,-27.58576965,-0.03520203,-24.6738739,0,0.0,3.80241394,3.80241394,0.90136039,0.87144834,1578642394477127,252336194118, HMD, -0.14562, 1.18394, 0.33730, 0.54496, 0.05452, 0.83587, -0.03693
3758784,1578642394490043,1,1,1,1,0,1,1,1,1,0,-0.06555176,-0.28649902,0.95582581,-0.05401611,-0.28309631,0.95756531,31.51113892,-0.62513733,-29.35221863,-27.58576965,-0.03520203,-24.6738739,0,0.0,3.80241394,3.80241394,0.90136039,0.87144834,1578642394477127,252336194118, HMD, -0.14562, 1.18394, 0.33730, 0.54496, 0.05452, 0.83587, -0.03693
3758800,1578642394506575,1,1,1,1,0,1,1,1,1,0,-0.06918335,-0.28543091,0.95588684,-0.0969696,-0.26521301,0.95928955,31.51113892,-0.62513733,-29.36265564,-27.64616394,-0.02450562,-24.49609375,0,0.0,3.82519531,3.82519531,0.89744997,0.86121494,1578642394530822,252336731199, HMD, -0.14541, 1.18334, 0.33810, 0.53987, 0.05233, 0.83938, -0.03528
3758800,1578642394510696,1,1,1,1,0,1,1,1,1,0,-0.07170105,-0.28681946,0.95529175,-0.09461975,-0.26412964,0.95982361,31.51113892,-0.61842346,-29.36265564,-27.65458679,-0.02606201,-24.4468689,0,0.0,3.84312439,3.84312439,0.89744997,0.86121494,1578642394530822,252336731199, HMD, -0.14541, 1.18334, 0.33810, 0.53987, 0.05233, 0.83938, -0.03528
3758825,1578642394533538,1,1,1,1,0,1,1,1,1,0,-0.07284546,-0.28018188,0.95716858,-0.0975647,-0.25532532,0.96191406,31.49409485,-0.61495972,-29.36160278,-27.68566895,0.00590515,-24.47666931,0,0.0,3.85723877,3.85723877,0.90321165,0.86943781,1578642394533493,252336757774, HMD, -0.14542, 1.18329, 0.33812, 0.53962, 0.05223, 0.83955, -0.03521
3758825,1578642394536526,1,1,1,1,0,1,1,1,1,0,-0.07168579,-0.2678833,0.96076965,-0.09043884,-0.25991821,0.96138,31.51812744,-0.54638672,-29.42459106,-27.61444092,0.06570435,-24.64952087,0,0.0,3.8168335,3.8168335,0.90321165,0.86943781,1578642394535397,252336776814, HMD, -0.14543, 1.18328, 0.33816, 0.53945, 0.05218, 0.83966, -0.03515
3758842,1578642394542558,1,1,1,1,0,1,1,1,1,0,-0.02897644,-0.25259399,0.96713257,-0.05886841,-0.25927734,0.96398926,31.64509583,-0.52612305,-29.39949036,-27.41104126,0.08976746,-24.7056427,0,0.0,3.79449463,3.79449463,0.8944267,0.86464596,1578642394545450,252336877360, HMD, -0.14549, 1.18325, 0.33835, 0.53848, 0.05186, 0.84032, -0.03484
3758842,1578642394546519,1,1,1,1,0,1,1,1,1,0,-0.02897644,-0.25259399,0.96713257,-0.05886841,-0.25927734,0.96398926,31.64509583,-0.52612305,-29.39949036,-27.41104126,0.08976746,-24.7056427,0,0.0,3.79449463,3.79449463,0.8944267,0.86464596,1578642394546468,252336887523, HMD, -0.14549, 1.18324, 0.33837, 0.53838, 0.05183, 0.84039, -0.03481
3758850,1578642394550522,1,1,1,1,0,1,1,1,1,0,0.01751709,-0.23129272,0.97271729,0.00419617,-0.24830627,0.96865845,31.85984802,-0.52272034,-29.27009583,-27.11196899,0.09004211,-24.62817383,0,0.0,3.75524902,3.75524902,0.8944267,0.86464596,1578642394548630,252336909144, HMD, -0.14548, 1.18323, 0.33841, 0.53817, 0.05177, 0.84053, -0.03475
3758850,1578642394554515,1,1,1,1,0,1,1,1,1,0,0.01751709,-0.23129272,0.97271729,0.00419617,-0.24830627,0.96865845,31.85984802,-0.52272034,-29.27009583,-27.11196899,0.09004211,-24.62817383,0,0.0,3.75524902,3.75524902,0.8944267,0.86464596,1578642394548630,252336909144, HMD, -0.14548, 1.18323, 0.33841, 0.53817, 0.05177, 0.84053, -0.03475
3758850,1578642394558515,1,1,1,1,0,1,1,1,1,0,0.01751709,-0.23129272,0.97271729,0.00419617,-0.24830627,0.96865845,31.85984802,-0.52272034,-29.27009583,-27.11196899,0.09004211,-24.62817383,0,0.0,3.75524902,3.75524902,0.8944267,0.86464596,1578642394561219,252337035048, HMD, -0.14537, 1.18306, 0.33859, 0.53695, 0.05144, 0.84134, -0.03442
3758859,1578642394563437,1,1,1,1,0,1,1,1,1,0,0.06298828,-0.21983337,0.97349548,0.06796265,-0.26223755,0.96260071,32.07485962,-0.43861389,-29.20687866,-26.78475952,-0.00083923,-23.75715637,0,0.0,3.81723022,3.81723022,0.86618102,0.82273966,1578642394563511,252337057954, HMD, -0.14536, 1.18304, 0.33863, 0.53673, 0.05138, 0.84149, -0.03435
3758859,1578642394567527,1,1,1,1,0,1,1,1,1,0,0.06298828,-0.21983337,0.97349548,0.06796265,-0.26223755,0.96260071,32.07485962,-0.43861389,-29.20687866,-26.78475952,-0.00083923,-23.75715637,0,0.0,3.81723022,3.81723022,0.86618102,0.82273966,1578642394564991,252337072755, HMD, -0.14535, 1.18303, 0.33866, 0.53659, 0.05133, 0.84158, -0.03432
3758875,1578642394578516,1,1,1,1,0,1,1,1,1,0,0.15484619,-0.21011353,0.96533203,0.15586853,-0.24136353,0.95782471,32.55751038,-0.31178284,-29.42416382,-26.13430786,-0.08380127,-23.28848267,0,0.0,3.85063171,3.85063171,0.83328497,0.77741861,1578642394582115,252337244015, HMD, -0.14534, 1.18294, 0.33899, 0.53497, 0.05078, 0.84267, -0.03382
3758875,1578642394582507,1,1,1,1,0,1,1,1,1,0,0.15484619,-0.21011353,0.96533203,0.15586853,-0.24136353,0.95782471,32.55751038,-0.31178284,-29.42416382,-26.13430786,-0.08380127,-23.28848267,0,0.0,3.85063171,3.85063171,0.83328497,0.77741861,1578642394582458,252337247426, HMD, -0.14534, 1.18293, 0.33899, 0.53493, 0.05076, 0.84269, -0.03381
3758884,1578642394587508,1,1,1,1,0,1,1,1,1,0,0.18702698,-0.2119751,0.959198,0.20077515,-0.22595215,0.95321655,32.76254272,-0.23059082,-29.70397949,-25.87812805,0.0280304,-24.12878418,0,0.0,3.66592407,3.66592407,0.83328497,0.77741861,1578642394585390,252337276741, HMD, -0.14532, 1.18291, 0.33905, 0.53464, 0.05067, 0.84289, -0.03372
3758884,1578642394591525,1,1,1,1,0,1,1,1,1,0,0.18702698,-0.2119751,0.959198,0.20077515,-0.22595215,0.95321655,32.76254272,-0.23059082,-29.70397949,-25.87812805,0.0280304,-24.12878418,0,0.0,3.66592407,3.66592407,0.83328497,0.77741861,1578642394585390,252337276741, HMD, -0.14532, 1.18291, 0.33905, 0.53464, 0.05067, 0.84289, -0.03372
3758892,1578642394595517,1,1,1,1,0,1,1,1,1,0,0.2441864,-0.20759583,0.94723511,0.22514343,-0.21911621,0.94935608,32.92433167,-0.31878662,-29.35411072,-25.68589783,-0.18405151,-23.41383362,0,0.0,3.88433838,3.88433838,0.88338155,0.75812495,1578642394605384,252337476708, HMD, -0.14529, 1.18275, 0.33948, 0.53265, 0.04996, 0.84421, -0.03314
3758900,1578642394603505,1,1,1,1,0,1,1,1,1,0,0.25099182,-0.217453,0.9432373,0.26397705,-0.20257568,0.94300842,32.9977417,-0.33334351,-29.32063293,-25.68510437,-0.25872803,-23.05662537,0,0.0,3.88842773,3.88842773,0.88338155,0.75812495,1578642394605384,252337476708, HMD, -0.14529, 1.18275, 0.33948, 0.53265, 0.04996, 0.84421, -0.03314
3758900,1578642394607499,1,1,1,1,0,1,1,1,1,0,0.25099182,-0.217453,0.9432373,0.26397705,-0.20257568,0.94300842,32.9977417,-0.33334351,-29.32063293,-25.68510437,-0.25872803,-23.05662537,0,0.0,3.88842773,3.88842773,0.88338155,0.75812495,1578642394607457,252337497417, HMD, -0.14528, 1.18273, 0.33952, 0.53244, 0.04988, 0.84435, -0.03309
3758909,1578642394612503,1,1,1,1,0,1,1,1,1,0,0.23789978,-0.21333313,0.94755554,0.24613953,-0.20861816,0.94650269,33.00108337,-0.37084961,-29.21655273,-25.70845032,-0.31520081,-22.81510925,0,0.0,3.86109924,3.86109924,0.9054811,0.75156838,1578642394608990,252337512745, HMD, -0.14528, 1.18272, 0.33955, 0.53228, 0.04983, 0.84445, -0.03305
3758909,1578642394616503,1,1,1,1,0,1,1,1,1,0,0.23789978,-0.21333313,0.94755554,0.24613953,-0.20861816,0.94650269,33.00108337,-0.37084961,-29.21655273,-25.70845032,-0.31520081,-22.81510925,0,0.0,3.86109924,3.86109924,0.9054811,0.75156838,1578642394608990,252337512745, HMD, -0.14528, 1.18272, 0.33955, 0.53228, 0.04983, 0.84445, -0.03305
3758917,1578642394620507,1,1,1,1,0,1,1,1,1,0,0.24195862,-0.21131897,0.94699097,0.25424194,-0.21083069,0.94386292,32.99620056,-0.37605286,-29.21121216,-25.76725769,-0.22428894,-23.0697937,0,0.0,3.87922668,3.87922668,0.9054811,0.75156838,1578642394608990,252337512745, HMD, -0.14528, 1.18272, 0.33955, 0.53228, 0.04983, 0.84445, -0.03305
3758925,1578642394630491,1,1,1,1,0,1,1,1,1,0,0.24002075,-0.2116394,0.94740295,0.24795532,-0.2159729,0.94438171,32.99581909,-0.34846497,-29.27740479,-25.80403137,-0.17503357,-23.24221802,0,0.0,3.92405701,3.92405701,0.93651581,0.78695339,1578642394632495,252337747810, HMD, -0.14514, 1.18252, 0.34004, 0.53007, 0.04905, 0.84591, -0.03256
3758925,1578642394634501,1,1,1,1,0,1,1,1,1,0,0.23165894,-0.21228027,0.94934082,0.23597717,-0.22302246,0.94580078,32.99528503,-0.35348511,-29.24932861,-25.83631897,-0.14549255,-23.30557251,0,0.0,3.83782959,3.83782959,0.93651581,0.78695339,1578642394634522,252337768069, HMD, -0.14513, 1.18251, 0.34008, 0.52988, 0.04897, 0.84603, -0.03252
3758934,1578642394637490,1,1,1,1,0,1,1,1,1,0,0.23165894,-0.21228027,0.94934082,0.23597717,-0.22302246,0.94580078,32.99528503,-0.35348511,-29.24932861,-25.83631897,-0.14549255,-23.30557251,0,0.0,3.83782959,3.83782959,0.93651581,0.78695339,1578642394635675,252337779589, HMD, -0.14512, 1.18250, 0.34010, 0.52977, 0.04892, 0.84610, -0.03250
3758934,1578642394641476,1,1,1,1,0,1,1,1,1,0,0.23165894,-0.21228027,0.94934082,0.23597717,-0.22302246,0.94580078,32.99528503,-0.35348511,-29.24932861,-25.83631897,-0.14549255,-23.30557251,0,0.0,3.83782959,3.83782959,0.93651581,0.78695339,1578642394635675,252337779589, HMD, -0.14512, 1.18250, 0.34010, 0.52977, 0.04892, 0.84610, -0.03250
3758942,1578642394645424,1,1,1,1,0,1,1,1,1,0,0.2318573,-0.21327209,0.94906616,0.24003601,-0.21965027,0.9455719,32.99447632,-0.35491943,-29.23999023,-25.8625946,-0.15100098,-23.29595947,0,0.0,3.84204102,3.84204102,0.92696035,0.7962395,1578642394648909,252337911956, HMD, -0.14508, 1.18242, 0.34037, 0.52865, 0.04840, 0.84684, -0.03229
3758942,1578642394650417,1,1,1,1,0,1,1,1,1,0,0.2318573,-0.21327209,0.94906616,0.24003601,-0.21965027,0.9455719,32.99447632,-0.35491943,-29.23999023,-25.8625946,-0.15100098,-23.29595947,0,0.0,3.84204102,3.84204102,0.92696035,0.7962395,1578642394650420,252337927041, HMD, -0.14507, 1.18241, 0.34040, 0.52852, 0.04833, 0.84693, -0.03226
3758950,1578642394654418,1,1,1,1,0,1,1,1,1,0,0.23197937,-0.21377563,0.94892883,0.23931885,-0.21420288,0.94700623,32.9936676,-0.35348511,-29.24932861,-25.87763977,-0.18955994,-23.19078064,0,0.0,3.83772278,3.83772278,0.92696035,0.7962395,1578642394652186,252337944699, HMD, -0.14508, 1.18237, 0.34041, 0.52839, 0.04824, 0.84702, -0.03223
3758950,1578642394658408,1,1,1,1,0,1,1,1,1,0,0.23197937,-0.21377563,0.94892883,0.23931885,-0.21420288,0.94700623,32.9936676,-0.35348511,-29.24932861,-25.87763977,-0.18955994,-23.19078064,0,0.0,3.83772278,3.83772278,0.92696035,0.7962395,1578642394662909,252338052017, HMD, -0.14514, 1.18239, 0.34062, 0.52755, 0.04775, 0.84757, -0.03203
3758959,1578642394662460,1,1,1,1,0,1,1,1,1,0,0.2313385,-0.21336365,0.94917297,0.24487305,-0.20689392,0.94721985,32.99447632,-0.34457397,-29.27478027,-25.89379883,-0.17074585,-23.27986145,0,0.0,3.83424377,3.83424377,0.93988174,0.82694441,1578642394662909,252338052017, HMD, -0.14514, 1.18239, 0.34062, 0.52755, 0.04775, 0.84757, -0.03203
3758959,1578642394666411,1,1,1,1,0,1,1,1,1,0,0.2313385,-0.21336365,0.94917297,0.24487305,-0.20689392,0.94721985,32.99447632,-0.34457397,-29.27478027,-25.89379883,-0.17074585,-23.27986145,0,0.0,3.83424377,3.83424377,0.93988174,0.82694441,1578642394666374,252338086588, HMD, -0.14513, 1.18237, 0.34069, 0.52728, 0.04759, 0.84776, -0.03198
3758967,1578642394670404,1,1,1,1,0,1,1,1,1,0,0.23069763,-0.21296692,0.94941711,0.23963928,-0.21290588,0.94721985,32.99528503,-0.3356781,-29.30023193,-25.89953613,-0.16236877,-23.30851746,0,0.0,3.83052063,3.83052063,0.93988174,0.82694441,1578642394667144,252338094282, HMD, -0.14512, 1.18236, 0.34070, 0.52722, 0.04755, 0.84780, -0.03197
3758967,1578642394674405,1,1,1,1,0,1,1,1,1,0,0.23069763,-0.21296692,0.94941711,0.23963928,-0.21290588,0.94721985,32.99528503,-0.3356781,-29.30023193,-25.89953613,-0.16236877,-23.30851746,0,0.0,3.83052063,3.83052063,0.93988174,0.82694441,1578642394667144,252338094282, HMD, -0.14512, 1.18236, 0.34070, 0.52722, 0.04755, 0.84780, -0.03197
3758967,1578642394678436,1,1,1,1,0,1,1,1,1,0,0.22038269,-0.21617126,0.95114136,0.23486328,-0.20927429,0.94921875,33.02464294,-0.22866821,-29.65534973,-25.90527344,-0.15400696,-23.33718872,0,0.0,3.83047485,3.83047485,0.93988174,0.82694441,1578642394688239,252338305258, HMD, -0.14501, 1.18224, 0.34109, 0.52554, 0.04657, 0.84890, -0.03170
3758983,1578642394688407,1,1,1,1,0,1,1,1,1,0,0.21759033,-0.21357727,0.95237732,0.23344421,-0.21336365,0.94866943,33.03414917,-0.23139954,-29.63301086,-25.90605164,-0.14492798,-23.35522461,0,0.0,3.84509277,3.84509277,0.94270635,0.83603805,1578642394688420,252338307049, HMD, -0.14501, 1.18224, 0.34109, 0.52552, 0.04656, 0.84891, -0.03170
3758983,1578642394692411,1,1,1,1,0,1,1,1,1,0,0.21759033,-0.21357727,0.95237732,0.23344421,-0.21336365,0.94866943,33.03414917,-0.23139954,-29.63301086,-25.90605164,-0.14492798,-23.35522461,0,0.0,3.84509277,3.84509277,0.94270635,0.83603805,1578642394691264,252338335486, HMD, -0.14499, 1.18222, 0.34115, 0.52529, 0.04643, 0.84907, -0.03167
3758992,1578642394700399,1,1,1,1,0,1,1,1,1,0,0.21533203,-0.21421814,0.95274353,0.23184204,-0.21124268,0.94952393,33.03804016,-0.23112488,-29.62738037,-25.90682983,-0.13586426,-23.3732605,0,0.0,3.86038208,3.86038208,0.94214749,0.84437388,1578642394700408,252338426924, HMD, -0.14496, 1.18223, 0.34135, 0.52453, 0.04601, 0.84956, -0.03157
3759000,1578642394704407,1,1,1,1,0,1,1,1,1,0,0.21411133,-0.21369934,0.95314026,0.2303772,-0.21208191,0.94970703,33.04191589,-0.23085022,-29.63301086,-25.90719604,-0.12117004,-23.40122986,0,0.0,3.8755188,3.8755188,0.94214749,0.84437388,1578642394702998,252338452827, HMD, -0.14492, 1.18221, 0.34139, 0.52432, 0.04590, 0.84970, -0.03156
3759008,1578642394709402,1,1,1,1,0,1,1,1,1,0,0.21263123,-0.21128845,0.95401001,0.22888184,-0.2129364,0.94985962,33.04542542,-0.21963501,-29.66000366,-25.90756226,-0.10647583,-23.42921448,0,0.0,3.86032104,3.86032104,0.95869982,0.85825026,1578642394714954,252338572407, HMD, -0.14480, 1.18217, 0.34165, 0.52332, 0.04540, 0.85035, -0.03141
3759008,1578642394713410,1,1,1,1,0,1,1,1,1,0,0.21263123,-0.21128845,0.95401001,0.22888184,-0.2129364,0.94985962,33.04542542,-0.21963501,-29.66000366,-25.90756226,-0.10647583,-23.42921448,0,0.0,3.86032104,3.86032104,0.95869982,0.85825026,1578642394714954,252338572407, HMD, -0.14480, 1.18217, 0.34165, 0.52332, 0.04540, 0.85035, -0.03141
3759017,1578642394719427,1,1,1,1,0,1,1,1,1,0,0.21105957,-0.21562195,0.9533844,0.22723389,-0.21507263,0.94978333,33.04893494,-0.2084198,-29.68701172,-25.91099548,-0.087677,-23.47499084,0,0.0,3.84361267,3.84361267,0.95869982,0.85825026,1578642394718754,252338610388, HMD, -0.14476, 1.18215, 0.34173, 0.52298, 0.04525, 0.85057, -0.03135
3759017,1578642394723439,1,1,1,1,0,1,1,1,1,0,0.21105957,-0.21562195,0.9533844,0.22723389,-0.21507263,0.94978333,33.04893494,-0.2084198,-29.68701172,-25.91099548,-0.087677,-23.47499084,0,0.0,3.84361267,3.84361267,0.95869982,0.85825026,1578642394718754,252338610388, HMD, -0.14476, 1.18215, 0.34173, 0.52298, 0.04525, 0.85057, -0.03135
3759025,1578642394729403,1,1,1,1,0,1,1,1,1,0,0.21034241,-0.21539307,0.95359802,0.22563171,-0.21582031,0.94999695,33.04978943,-0.19577026,-29.7351532,-25.91441345,-0.06887817,-23.52076721,0,0.0,3.84098816,3.84098816,0.94862628,0.84617317,1578642394730674,252338729598, HMD, -0.14457, 1.18206, 0.34196, 0.52190, 0.04487, 0.85126, -0.03116
3759025,1578642394733405,1,1,1,1,0,1,1,1,1,0,0.21034241,-0.21539307,0.95359802,0.22563171,-0.21582031,0.94999695,33.04978943,-0.19577026,-29.7351532,-25.91441345,-0.06887817,-23.52076721,0,0.0,3.84098816,3.84098816,0.94862628,0.84617317,1578642394733405,252338756892, HMD, -0.14456, 1.18205, 0.34203, 0.52168, 0.04476, 0.85140, -0.03110
3759033,1578642394738407,1,1,1,1,0,1,1,1,1,0,0.20986938,-0.21487427,0.95381165,0.22491455,-0.21469116,0.95042419,33.04960632,-0.18313599,-29.78329468,-25.91752625,-0.05197144,-23.56838989,0,0.0,3.84057617,3.84057617,0.94862628,0.84617317,1578642394742664,252338849520, HMD, -0.14448, 1.18203, 0.34224, 0.52082, 0.04448, 0.85195, -0.03089
3759033,1578642394742387,1,1,1,1,0,1,1,1,1,0,0.20986938,-0.21487427,0.95381165,0.22491455,-0.21469116,0.95042419,33.04960632,-0.18313599,-29.78329468,-25.91752625,-0.05197144,-23.56838989,0,0.0,3.84057617,3.84057617,0.94862628,0.84617317,1578642394742664,252338849520, HMD, -0.14448, 1.18203, 0.34224, 0.52082, 0.04448, 0.85195, -0.03089
3759042,1578642394746393,1,1,1,1,0,1,1,1,1,0,0.20866394,-0.21322632,0.95445251,0.22419739,-0.21359253,0.95083618,33.0493927,-0.1789093,-29.81010437,-25.92063904,-0.0350647,-23.61602783,0,0.0,3.85418701,3.85418701,0.96041077,0.85813504,1578642394746060,252338883443, HMD, -0.14444, 1.18201, 0.34231, 0.52050, 0.04440, 0.85215, -0.03080
3759050,1578642394750389,1,1,1,1,0,1,1,1,1,0,0.20866394,-0.21322632,0.95445251,0.22419739,-0.21359253,0.95083618,33.0493927,-0.1789093,-29.81010437,-25.92063904,-0.0350647,-23.61602783,0,0.0,3.85418701,3.85418701,0.96041077,0.85813504,1578642394746060,252338883443, HMD, -0.14444, 1.18201, 0.34231, 0.52050, 0.04440, 0.85215, -0.03080
3759050,1578642394754395,1,1,1,1,0,1,1,1,1,0,0.20751953,-0.21328735,0.9546814,0.22303772,-0.21272278,0.9513092,33.04917908,-0.17466736,-29.8368988,-25.92556763,-0.02825928,-23.63690186,0,0.0,3.83857727,3.83857727,0.96041077,0.85813504,1578642394760723,252339030106, HMD, -0.14421, 1.18191, 0.34261, 0.51913, 0.04410, 0.85301, -0.03047
3759050,1578642394758396,1,1,1,1,0,1,1,1,1,0,0.20751953,-0.21328735,0.9546814,0.22303772,-0.21272278,0.9513092,33.04917908,-0.17466736,-29.8368988,-25.92556763,-0.02825928,-23.63690186,0,0.0,3.83857727,3.83857727,0.96041077,0.85813504,1578642394760723,252339030106, HMD, -0.14421, 1.18191, 0.34261, 0.51913, 0.04410, 0.85301, -0.03047
3759058,1578642394762395,1,1,1,1,0,1,1,1,1,0,0.20640564,-0.21224976,0.95515442,0.22190857,-0.21185303,0.95176697,33.04905701,-0.15789795,-29.89866638,-25.93049622,-0.0214386,-23.65777588,0,0.0,3.83543396,3.83543396,0.95323813,0.86047846,1578642394762426,252339047104, HMD, -0.14419, 1.18190, 0.34264, 0.51897, 0.04408, 0.85311, -0.03043
3759058,1578642394766404,1,1,1,1,0,1,1,1,1,0,0.20640564,-0.21224976,0.95515442,0.22190857,-0.21185303,0.95176697,33.04905701,-0.15789795,-29.89866638,-25.93049622,-0.0214386,-23.65777588,0,0.0,3.83543396,3.83543396,0.95323813,0.86047846,1578642394764170,252339064543, HMD, -0.14417, 1.18189, 0.34268, 0.51880, 0.04405, 0.85322, -0.03037
3759075,1578642394775384,1,1,1,1,0,1,1,1,1,0,0.18315125,-0.2052002,0.96141052,0.2219696,-0.20872498,0.95243835,33.0304718,-0.16090393,-29.89828491,-25.93582153,-0.01557922,-23.68080139,0,0.0,3.77342224,3.77342224,0.94973707,0.87488025,1578642394777016,252339193024, HMD, -0.14402, 1.18185, 0.34296, 0.51760, 0.04385, 0.85398, -0.02996
3759075,1578642394779383,1,1,1,1,0,1,1,1,1,0,0.18554688,-0.20278931,0.96147156,0.22203064,-0.20565796,0.95309448,33.02201843,-0.16932678,-29.87434387,-25.94113159,-0.00971985,-23.70381165,0,0.0,3.78416443,3.78416443,0.94973707,0.87488025,1578642394779420,252339217043, HMD, -0.14394, 1.18182, 0.34301, 0.51736, 0.04383, 0.85412, -0.02990
3759075,1578642394783384,1,1,1,1,0,1,1,1,1,0,0.18554688,-0.20278931,0.96147156,0.22203064,-0.20565796,0.95309448,33.02201843,-0.16932678,-29.87434387,-25.94113159,-0.00971985,-23.70381165,0,0.0,3.78416443,3.78416443,0.94973707,0.87488025,1578642394780067,252339223517, HMD, -0.14394, 1.18182, 0.34302, 0.51729, 0.04383, 0.85417, -0.02988
3759083,1578642394786382,1,1,1,1,0,1,1,1,1,0,0.18595886,-0.20249939,0.9614563,0.22268677,-0.20448303,0.95320129,33.01452637,-0.16810608,-29.88011169,-25.95115662,0.01461792,-23.78596497,0,0.0,3.79824829,3.79824829,0.94973707,0.87488025,1578642394790874,252339331594, HMD, -0.14379, 1.18177, 0.34326, 0.51622, 0.04367, 0.85483, -0.02946
3759083,1578642394790390,1,1,1,1,0,1,1,1,1,0,0.18595886,-0.20249939,0.9614563,0.22268677,-0.20448303,0.95320129,33.01452637,-0.16810608,-29.88011169,-25.95115662,0.01461792,-23.78596497,0,0.0,3.79824829,3.79824829,0.94973707,0.87488025,1578642394790874,252339331594, HMD, -0.14379, 1.18177, 0.34326, 0.51622, 0.04367, 0.85483, -0.02946
3759092,1578642394794402,1,1,1,1,0,1,1,1,1,0,0.18322754,-0.20344543,0.96177673,0.21821594,-0.20195007,0.95475769,33.00982666,-0.17388916,-29.87652588,-25.95918274,0.0458374,-23.88322449,0,0.0,3.7771759,3.7771759,0.95146567,0.85545152,1578642394793983,252339362669, HMD, -0.14379, 1.18173, 0.34333, 0.51595, 0.04361, 0.85501, -0.02933
3759092,1578642394798369,1,1,1,1,0,1,1,1,1,0,0.18322754,-0.20344543,0.96177673,0.21821594,-0.20195007,0.95475769,33.00982666,-0.17388916,-29.87652588,-25.95918274,0.0458374,-23.88322449,0,0.0,3.7771759,3.7771759,0.95146567,0.85545152,1578642394793983,252339362669, HMD, -0.14379, 1.18173, 0.34333, 0.51595, 0.04361, 0.85501, -0.02933
3759100,1578642394802372,1,1,1,1,0,1,1,1,1,0,0.17601013,-0.20249939,0.96333313,0.2114563,-0.2033844,0.95597839,33.00505066,-0.19560242,-29.82836914,-25.96650696,0.06019592,-23.91227722,0,0.0,3.75737,3.75737,0.95146567,0.85545152,1578642394803330,252339456157, HMD, -0.14368, 1.18168, 0.34354, 0.51502, 0.04343, 0.85559, -0.02890
3759100,1578642394807381,1,1,1,1,0,1,1,1,1,0,0.17601013,-0.20249939,0.96333313,0.2114563,-0.2033844,0.95597839,33.00505066,-0.19560242,-29.82836914,-25.96650696,0.06019592,-23.91227722,0,0.0,3.75737,3.75737,0.95146567,0.85545152,1578642394807308,252339495929, HMD, -0.14363, 1.18165, 0.34363, 0.51461, 0.04335, 0.85585, -0.02870
3759108,1578642394811373,1,1,1,1,0,1,1,1,1,0,0.18185425,-0.20132446,0.96247864,0.20593262,-0.20362854,0.95713806,33.00704956,-0.20956421,-29.80323792,-25.97459412,0.06791687,-23.91352844,0,0.0,3.70228577,3.70228577,0.95691419,0.88045955,1578642394807493,252339497779, HMD, -0.14362, 1.18165, 0.34363, 0.51459, 0.04335, 0.85586, -0.02869
3759108,1578642394815376,1,1,1,1,0,1,1,1,1,0,0.18185425,-0.20132446,0.96247864,0.20593262,-0.20362854,0.95713806,33.00704956,-0.20956421,-29.80323792,-25.97459412,0.06791687,-23.91352844,0,0.0,3.70228577,3.70228577,0.95691419,0.88045955,1578642394816828,252339591130, HMD, -0.14351, 1.18156, 0.34381, 0.51364, 0.04315, 0.85645, -0.02822
3759117,1578642394819382,1,1,1,1,0,1,1,1,1,0,0.18002319,-0.19830322,0.9634552,0.2020874,-0.20236206,0.95822144,33.00476074,-0.20639038,-29.81147766,-25.98127747,0.06791687,-23.92617798,0,0.0,3.74783325,3.74783325,0.95691419,0.88045955,1578642394819339,252339616235, HMD, -0.14347, 1.18154, 0.34386, 0.51338, 0.04309, 0.85662, -0.02810
3759117,1578642394823380,1,1,1,1,0,1,1,1,1,0,0.18002319,-0.19830322,0.9634552,0.2020874,-0.20236206,0.95822144,33.00476074,-0.20639038,-29.81147766,-25.98127747,0.06791687,-23.92617798,0,0.0,3.74783325,3.74783325,0.95691419,0.88045955,1578642394820606,252339628903, HMD, -0.14346, 1.18153, 0.34389, 0.51325, 0.04306, 0.85670, -0.02804
3759133,1578642394838358,1,1,1,1,0,1,1,1,1,0,0.17817688,-0.18942261,0.96557617,0.17570496,-0.19708252,0.96450806,32.97871399,-0.22946167,-29.65589905,-26.07675171,0.00389099,-23.6134491,0,0.0,3.83415222,3.83415222,0.95571399,0.87748665,1578642394833947,252339762319, HMD, -0.14325, 1.18134, 0.34418, 0.51189, 0.04270, 0.85755, -0.02739
3759142,1578642394842358,1,1,1,1,0,1,1,1,1,0,0.16999817,-0.19184875,0.96658325,0.1703186,-0.19212341,0.96646118,32.95715332,-0.24017334,-29.56108093,-26.09126282,-0.00775146,-23.53030396,0,0.0,3.81828308,3.81828308,0.95226449,0.88165843,1578642394848170,252339904549, HMD, -0.14303, 1.18120, 0.34448, 0.51045, 0.04226, 0.85845, -0.02677
3759142,1578642394846356,1,1,1,1,0,1,1,1,1,0,0.16999817,-0.19184875,0.96658325,0.1703186,-0.19212341,0.96646118,32.95715332,-0.24017334,-29.56108093,-26.09126282,-0.00775146,-23.53030396,0,0.0,3.81828308,3.81828308,0.95226449,0.88165843,1578642394848170,252339904549, HMD, -0.14303, 1.18120, 0.34448, 0.51045, 0.04226, 0.85845, -0.02677
3759150,1578642394850362,1,1,1,1,0,1,1,1,1,0,0.17536926,-0.19160461,0.96566772,0.1723175,-0.19917297,0.9646759,32.93597412,-0.24000549,-29.52456665,-26.1166687,0.02548218,-23.60656738,0,0.0,3.76127625,3.76127625,0.95226449,0.88165843,1578642394850324,252339926084, HMD, -0.14299, 1.18118, 0.34453, 0.51025, 0.04218, 0.85858, -0.02667
3759150,1578642394854366,1,1,1,1,0,1,1,1,1,0,0.17536926,-0.19160461,0.96566772,0.1723175,-0.19917297,0.9646759,32.93597412,-0.24000549,-29.52456665,-26.1166687,0.02548218,-23.60656738,0,0.0,3.76127625,3.76127625,0.95226449,0.88165843,1578642394851265,252339935496, HMD, -0.14298, 1.18116, 0.34454, 0.51016, 0.04214, 0.85863, -0.02664
3759150,1578642394858365,1,1,1,1,0,1,1,1,1,0,0.17536926,-0.19160461,0.96566772,0.1723175,-0.19917297,0.9646759,32.93597412,-0.24000549,-29.52456665,-26.1166687,0.02548218,-23.60656738,0,0.0,3.76127625,3.76127625,0.95226449,0.88165843,1578642394859793,252340020785, HMD, -0.14291, 1.18110, 0.34473, 0.50939, 0.04185, 0.85912, -0.02630
3759158,1578642394862357,1,1,1,1,0,1,1,1,1,0,0.17126465,-0.19569397,0.96559143,0.16741943,-0.19056702,0.96728516,32.90332031,-0.21914673,-29.71234131,-26.12411499,0.03358459,-23.80500793,0,0.0,3.79374695,3.79374695,0.9585976,0.89406222,1578642394862436,252340047208, HMD, -0.14290, 1.18110, 0.34480, 0.50916, 0.04173, 0.85926, -0.02619
3759158,1578642394866361,1,1,1,1,0,1,1,1,1,0,0.17126465,-0.19569397,0.96559143,0.16741943,-0.19056702,0.96728516,32.90332031,-0.21914673,-29.71234131,-26.12411499,0.03358459,-23.80500793,0,0.0,3.79374695,3.79374695,0.9585976,0.89406222,1578642394863581,252340058656, HMD, -0.14288, 1.18109, 0.34482, 0.50907, 0.04169, 0.85932, -0.02615
3759167,1578642394870367,1,1,1,1,0,1,1,1,1,0,0.17692566,-0.22531128,0.95808411,0.17692566,-0.2436676,0.9535675,32.81848145,-0.35411072,-29.57594299,-26.1010437,-0.0909729,-23.80018616,0,0.0,3.78778076,3.78778076,0.9585976,0.89406222,1578642394876618,252340189064, HMD, -0.14274, 1.18093, 0.34507, 0.50803, 0.04119, 0.85997, -0.02567
3759167,1578642394874382,1,1,1,1,0,1,1,1,1,0,0.17692566,-0.22531128,0.95808411,0.17692566,-0.2436676,0.9535675,32.81848145,-0.35411072,-29.57594299,-26.1010437,-0.0909729,-23.80018616,0,0.0,3.78778076,3.78778076,0.9585976,0.89406222,1578642394876618,252340189064, HMD, -0.14274, 1.18093, 0.34507, 0.50803, 0.04119, 0.85997, -0.02567
3759175,1578642394883347,1,1,1,1,0,1,1,1,1,0,0.17649841,-0.27183533,0.9460144,0.16564941,-0.27093506,0.94822693,32.7255249,-0.42391968,-29.71965027,-26.06736755,-0.15509033,-24.06085205,0,0.0,3.72192383,3.72192383,0.92151058,0.86192209,1578642394879791,252340220757, HMD, -0.14265, 1.18088, 0.34512, 0.50779, 0.04108, 0.86012, -0.02555
3759183,1578642394887355,1,1,1,1,0,1,1,1,1,0,0.1574707,-0.28005981,0.94697571,0.15065002,-0.29768372,0.94268799,32.62409973,-0.78944397,-28.98847961,-26.03747559,-0.25183105,-24.22299194,0,0.0,3.76779175,3.76779175,0.92151058,0.86192209,1578642394879791,252340220757, HMD, -0.14265, 1.18088, 0.34512, 0.50779, 0.04108, 0.86012, -0.02555
3759183,1578642394891357,1,1,1,1,0,1,1,1,1,0,0.1574707,-0.28005981,0.94697571,0.15065002,-0.29768372,0.94268799,32.62409973,-0.78944397,-28.98847961,-26.03747559,-0.25183105,-24.22299194,0,0.0,3.76779175,3.76779175,0.92151058,0.86192209,1578642394896943,252340392304, HMD, -0.14245, 1.18066, 0.34539, 0.50661, 0.04034, 0.86087, -0.02481
3759192,1578642394895386,1,1,1,1,0,1,1,1,1,0,0.16619873,-0.33860779,0.92611694,0.15274048,-0.32385254,0.9336853,32.54437256,-0.89962769,-28.86280823,-26.02345276,-0.40901184,-24.09454346,0,0.0,3.7893219,3.7893219,0.8879559,0.80387557,1578642394896943,252340392304, HMD, -0.14245, 1.18066, 0.34539, 0.50661, 0.04034, 0.86087, -0.02481
3759200,1578642394899356,1,1,1,1,0,1,1,1,1,0,0.16619873,-0.33860779,0.92611694,0.15274048,-0.32385254,0.9336853,32.54437256,-0.89962769,-28.86280823,-26.02345276,-0.40901184,-24.09454346,0,0.0,3.7893219,3.7893219,0.8879559,0.80387557,1578642394899383,252340416679, HMD, -0.14244, 1.18064, 0.34543, 0.50645, 0.04023, 0.86098, -0.02468
3759200,1578642394903352,1,1,1,1,0,1,1,1,1,0,0.18203735,-0.34216309,0.92182922,0.16088867,-0.3235321,0.93243408,32.49246216,-1.20388794,-28.11251831,-26.03909302,-0.418396,-24.17684937,0,0.0,3.73983765,3.73983765,0.8879559,0.80387557,1578642394900258,252340425426, HMD, -0.14242, 1.18062, 0.34543, 0.50639, 0.04019, 0.86102, -0.02465
3759200,1578642394907378,1,1,1,1,0,1,1,1,1,0,0.18203735,-0.34216309,0.92182922,0.16088867,-0.3235321,0.93243408,32.49246216,-1.20388794,-28.11251831,-26.03909302,-0.418396,-24.17684937,0,0.0,3.73983765,3.73983765,0.8879559,0.80387557,1578642394910418,252340527059, HMD, -0.14229, 1.18049, 0.34558, 0.50573, 0.03977, 0.86144, -0.02412
3759208,1578642394913338,1,1,1,1,0,1,1,1,1,0,0.16256714,-0.35005188,0.92250061,0.15405273,-0.33540344,0.92938232,32.6072998,-1.05493164,-28.5345459,-26.06443787,-0.43908691,-24.06159973,0,0.0,3.69454956,3.69454956,0.84186077,0.75298345,1578642394913347,252340556319, HMD, -0.14231, 1.18043, 0.34564, 0.50558, 0.03961, 0.86154, -0.02395
3759208,1578642394917326,1,1,1,1,0,1,1,1,1,0,0.16256714,-0.35005188,0.92250061,0.15405273,-0.33540344,0.92938232,32.6072998,-1.05493164,-28.5345459,-26.06443787,-0.43908691,-24.06159973,0,0.0,3.69454956,3.69454956,0.84186077,0.75298345,1578642394913448,252340557327, HMD, -0.14231, 1.18043, 0.34564, 0.50557, 0.03961, 0.86154, -0.02394
3759217,1578642394922346,1,1,1,1,0,1,1,1,1,0,0.16575623,-0.34098816,0.92532349,0.16105652,-0.32727051,0.93109131,32.62463379,-1.04586792,-28.5695343,-26.07804871,-0.41319275,-24.12701416,0,0.0,3.77261353,3.77261353,0.84186077,0.75298345,1578642394922270,252340645544, HMD, -0.14217, 1.18029, 0.34576, 0.50503, 0.03926, 0.86189, -0.02349
3759225,1578642394926347,1,1,1,1,0,1,1,1,1,0,0.15658569,-0.34646606,0.92489624,0.14204407,-0.33288574,0.93218994,32.62026978,-1.0327301,-28.58706665,-26.10333252,-0.40077209,-24.12405396,0,0.0,3.69665527,3.69665527,0.83496267,0.74471474,1578642394925031,252340673149, HMD, -0.14213, 1.18026, 0.34579, 0.50487, 0.03917, 0.86199, -0.02334
3759225,1578642394931328,1,1,1,1,0,1,1,1,1,0,0.15658569,-0.34646606,0.92489624,0.14204407,-0.33288574,0.93218994,32.62026978,-1.0327301,-28.58706665,-26.10333252,-0.40077209,-24.12405396,0,0.0,3.69665527,3.69665527,0.83496267,0.74471474,1578642394933771,252340760559, HMD, -0.14206, 1.18013, 0.34591, 0.50441, 0.03885, 0.86229, -0.02289
3759233,1578642394934924,1,1,1,1,0,1,1,1,1,0,0.15718079,-0.34475708,0.9254303,0.14147949,-0.33215332,0.93254089,32.61805725,-1.01878357,-28.61752319,-26.11643982,-0.3952179,-24.1239624,0,0.0,3.71556091,3.71556091,0.83496267,0.74471474,1578642394934936,252340772210, HMD, -0.14205, 1.18012, 0.34592, 0.50435, 0.03882, 0.86232, -0.02282
3759233,1578642394938902,1,1,1,1,0,1,1,1,1,0,0.15718079,-0.34475708,0.9254303,0.14147949,-0.33215332,0.93254089,32.61805725,-1.01878357,-28.61752319,-26.11643982,-0.3952179,-24.1239624,0,0.0,3.71556091,3.71556091,0.83496267,0.74471474,1578642394937236,252340795201, HMD, -0.14202, 1.18009, 0.34595, 0.50423, 0.03874, 0.86240, -0.02270
3759242,1578642394942027,1,1,1,1,0,1,1,1,1,0,0.15736389,-0.34318542,0.92597961,0.15083313,-0.31747437,0.93618774,32.61584473,-1.00485229,-28.64797974,-26.15830994,-0.39439392,-24.07302856,0,0.0,3.72622681,3.72622681,0.83543253,0.72855186,1578642394937236,252340795201, HMD, -0.14202, 1.18009, 0.34595, 0.50423, 0.03874, 0.86240, -0.02270
3759242,1578642394946035,1,1,1,1,0,1,1,1,1,0,0.15736389,-0.34318542,0.92597961,0.15083313,-0.31747437,0.93618774,32.61584473,-1.00485229,-28.64797974,-26.15830994,-0.39439392,-24.07302856,0,0.0,3.72622681,3.72622681,0.83543253,0.72855186,1578642394947627,252340899121, HMD, -0.14200, 1.18001, 0.34608, 0.50373, 0.03843, 0.86272, -0.02214
3759250,1578642394951051,1,1,1,1,0,1,1,1,1,0,0.15771484,-0.33880615,0.92753601,0.15576172,-0.33416748,0.92953491,32.61521912,-0.99636841,-28.6612854,-26.22415161,-0.43344116,-23.55244446,0,0.0,3.73045349,3.73045349,0.83543253,0.72855186,1578642394950811,252340930952, HMD, -0.14196, 1.17998, 0.34612, 0.50358, 0.03835, 0.86282, -0.02198
3759250,1578642394955028,1,1,1,1,0,1,1,1,1,0,0.15771484,-0.33880615,0.92753601,0.15576172,-0.33416748,0.92953491,32.61521912,-0.99636841,-28.6612854,-26.22415161,-0.43344116,-23.55244446,0,0.0,3.73045349,3.73045349,0.83543253,0.72855186,1578642394950811,252340930952, HMD, -0.14196, 1.17998, 0.34612, 0.50358, 0.03835, 0.86282, -0.02198
3759258,1578642394960038,1,1,1,1,0,1,1,1,1,0,0.15759277,-0.33444214,0.92913818,0.14646912,-0.32495117,0.93431091,32.61460876,-0.98789978,-28.67459106,-26.24438477,-0.42573547,-23.56796265,0,0.0,3.73461914,3.73461914,0.8351922,0.75049734,1578642394961350,252341036355, HMD, -0.14179, 1.17982, 0.34614, 0.50319, 0.03809, 0.86307, -0.02145
3759258,1578642394963061,1,1,1,1,0,1,1,1,1,0,0.15759277,-0.33444214,0.92913818,0.14646912,-0.32495117,0.93431091,32.61460876,-0.98789978,-28.67459106,-26.24438477,-0.42573547,-23.56796265,0,0.0,3.73461914,3.73461914,0.8351922,0.75049734,1578642394963115,252341053997, HMD, -0.14177, 1.17980, 0.34616, 0.50313, 0.03805, 0.86311, -0.02135
3759267,1578642394967066,1,1,1,1,0,1,1,1,1,0,0.15742493,-0.32759094,0.93161011,0.15924072,-0.32661438,0.93162537,32.61317444,-0.97741699,-28.69580078,-26.26092529,-0.40563965,-23.61808777,0,0.0,3.73033142,3.73033142,0.8351922,0.75049734,1578642394964645,252341069322, HMD, -0.14175, 1.17978, 0.34617, 0.50308, 0.03802, 0.86314, -0.02127
3759267,1578642394971071,1,1,1,1,0,1,1,1,1,0,0.15742493,-0.32759094,0.93161011,0.15924072,-0.32661438,0.93162537,32.61317444,-0.97741699,-28.69580078,-26.26092529,-0.40563965,-23.61808777,0,0.0,3.73033142,3.73033142,0.8351922,0.75049734,1578642394974773,252341170584, HMD, -0.14163, 1.17966, 0.34620, 0.50275, 0.03779, 0.86336, -0.02072
3759267,1578642394975055,1,1,1,1,0,1,1,1,1,0,0.15742493,-0.32759094,0.93161011,0.15924072,-0.32661438,0.93162537,32.61317444,-0.97741699,-28.69580078,-26.26092529,-0.40563965,-23.61808777,0,0.0,3.73033142,3.73033142,0.8351922,0.75049734,1578642394975049,252341173335, HMD, -0.14163, 1.17966, 0.34620, 0.50274, 0.03779, 0.86336, -0.02071
3759275,1578642394980050,1,1,1,1,0,1,1,1,1,0,0.15652466,-0.32073975,0.93412781,0.15454102,-0.32054138,0.93452454,32.61460876,-0.9669342,-28.7170105,-26.26687622,-0.40534973,-23.61909485,0,0.0,3.734375,3.734375,0.82836622,0.74982387,1578642394978114,252341203983, HMD, -0.14159, 1.17962, 0.34622, 0.50265, 0.03772, 0.86342, -0.02055
3759275,1578642394983089,1,1,1,1,0,1,1,1,1,0,0.15652466,-0.32073975,0.93412781,0.15454102,-0.32054138,0.93452454,32.61460876,-0.9669342,-28.7170105,-26.26687622,-0.40534973,-23.61909485,0,0.0,3.734375,3.734375,0.82836622,0.74982387,1578642394987050,252341293353, HMD, -0.14151, 1.17953, 0.34629, 0.50238, 0.03753, 0.86360, -0.02004
3759283,1578642394987080,1,1,1,1,0,1,1,1,1,0,0.15618896,-0.32138062,0.93397522,0.14987183,-0.32086182,0.93518066,32.61521912,-0.95469666,-28.74487305,-26.27282715,-0.40505981,-23.62010193,0,0.0,3.74943542,3.74943542,0.82836622,0.74982387,1578642394987050,252341293353, HMD, -0.14151, 1.17953, 0.34629, 0.50238, 0.03753, 0.86360, -0.02004
3759283,1578642394991108,1,1,1,1,0,1,1,1,1,0,0.15618896,-0.32138062,0.93397522,0.14987183,-0.32086182,0.93518066,32.61521912,-0.95469666,-28.74487305,-26.27282715,-0.40505981,-23.62010193,0,0.0,3.74943542,3.74943542,0.82836622,0.74982387,1578642394990154,252341324382, HMD, -0.14148, 1.17949, 0.34631, 0.50229, 0.03747, 0.86366, -0.01986
3759292,1578642394995191,1,1,1,1,0,1,1,1,1,0,0.15592957,-0.32211304,0.9337616,0.14970398,-0.32322693,0.93438721,32.61584473,-0.94247437,-28.7727356,-26.27709961,-0.40534973,-23.62200928,0,0.0,3.76428223,3.76428223,0.83033371,0.76334697,1578642394990154,252341324382, HMD, -0.14148, 1.17949, 0.34631, 0.50229, 0.03747, 0.86366, -0.01986
3759300,1578642395000124,1,1,1,1,0,1,1,1,1,0,0.15592957,-0.32211304,0.9337616,0.14970398,-0.32322693,0.93438721,32.61584473,-0.94247437,-28.7727356,-26.27709961,-0.40534973,-23.62200928,0,0.0,3.76428223,3.76428223,0.83033371,0.76334697,1578642395002631,252341449181, HMD, -0.14133, 1.17934, 0.34638, 0.50193, 0.03722, 0.86389, -0.01915
3759300,1578642395003184,1,1,1,1,0,1,1,1,1,0,0.15585327,-0.3225708,0.93360901,0.14979553,-0.32086182,0.93519592,32.61769104,-0.92802429,-28.79983521,-26.28135681,-0.40563965,-23.62010193,0,0.0,3.76968384,3.76968384,0.83033371,0.76334697,1578642395003219,252341455030, HMD, -0.14132, 1.17933, 0.34638, 0.50191, 0.03721, 0.86391, -0.01911
3759300,1578642395007182,1,1,1,1,0,1,1,1,1,0,0.15585327,-0.3225708,0.93360901,0.14979553,-0.32086182,0.93519592,32.61769104,-0.92802429,-28.79983521,-26.28135681,-0.40563965,-23.62010193,0,0.0,3.76968384,3.76968384,0.83033371,0.76334697,1578642395005917,252341482012, HMD, -0.14128, 1.17930, 0.34640, 0.50184, 0.03715, 0.86396, -0.01896
3759308,1578642395011189,1,1,1,1,0,1,1,1,1,0,0.15687561,-0.32089233,0.934021,0.14938354,-0.32090759,0.9352417,32.61584473,-0.94247437,-28.7727356,-26.28135681,-0.40545654,-23.61909485,0,0.0,3.77633667,3.77633667,0.83204126,0.75236714,1578642395015828,252341581132, HMD, -0.14112, 1.17920, 0.34645, 0.50155, 0.03695, 0.86414, -0.01840
3759308,1578642395015172,1,1,1,1,0,1,1,1,1,0,0.15687561,-0.32089233,0.934021,0.14938354,-0.32090759,0.9352417,32.61584473,-0.94247437,-28.7727356,-26.28135681,-0.40545654,-23.61909485,0,0.0,3.77633667,3.77633667,0.83204126,0.75236714,1578642395015828,252341581132, HMD, -0.14112, 1.17920, 0.34645, 0.50155, 0.03695, 0.86414, -0.01840
3759317,1578642395020183,1,1,1,1,0,1,1,1,1,0,0.15696716,-0.31987,0.93435669,0.14868164,-0.32080078,0.93539429,32.61720276,-0.95469666,-28.74487305,-26.28137207,-0.4052887,-23.62010193,0,0.0,3.77500916,3.77500916,0.83204126,0.75236714,1578642395019341,252341616249, HMD, -0.14107, 1.17916, 0.34646, 0.50144, 0.03688, 0.86422, -0.01820
3759317,1578642395024183,1,1,1,1,0,1,1,1,1,0,0.15696716,-0.31987,0.93435669,0.14868164,-0.32080078,0.93539429,32.61720276,-0.95469666,-28.74487305,-26.28137207,-0.4052887,-23.62010193,0,0.0,3.77500916,3.77500916,0.83204126,0.75236714,1578642395027712,252341699973, HMD, -0.14098, 1.17909, 0.34650, 0.50116, 0.03671, 0.86439, -0.01777
3759333,1578642395033231,1,1,1,1,0,1,1,1,1,0,0.14526367,-0.30926514,0.93980408,0.14772034,-0.31863403,0.9362793,32.66777039,-0.83538818,-28.9683075,-26.28152466,-0.40518188,-23.62200928,0,0.0,3.72935486,3.72935486,0.8324526,0.76293969,1578642395030711,252341729953, HMD, -0.14094, 1.17906, 0.34651, 0.50107, 0.03666, 0.86445, -0.01762
3759333,1578642395037218,1,1,1,1,0,1,1,1,1,0,0.14215088,-0.31547546,0.93821716,0.146698,-0.31648254,0.93717957,32.66896057,-0.82801819,-28.93086243,-26.2816925,-0.40505981,-23.62391663,0,0.0,3.68424988,3.68424988,0.8324526,0.76293969,1578642395039698,252341819842, HMD, -0.14081, 1.17897, 0.34655, 0.50082, 0.03649, 0.86461, -0.01721
3759333,1578642395041239,1,1,1,1,0,1,1,1,1,0,0.14215088,-0.31547546,0.93821716,0.146698,-0.31648254,0.93717957,32.66896057,-0.82801819,-28.93086243,-26.2816925,-0.40505981,-23.62391663,0,0.0,3.68424988,3.68424988,0.8324526,0.76293969,1578642395041188,252341834722, HMD, -0.14075, 1.17894, 0.34656, 0.50078, 0.03648, 0.86463, -0.01716
3759342,1578642395045224,1,1,1,1,0,1,1,1,1,0,0.14199829,-0.31245422,0.93925476,0.14631653,-0.31564331,0.93751526,32.66879272,-0.8263855,-28.91384888,-26.28337097,-0.40388489,-23.62464905,0,0.0,3.66448975,3.66448975,0.8268792,0.75505131,1578642395043599,252341858838, HMD, -0.14071, 1.17892, 0.34657, 0.50071, 0.03645, 0.86468, -0.01706
3759342,1578642395049216,1,1,1,1,0,1,1,1,1,0,0.14199829,-0.31245422,0.93925476,0.14631653,-0.31564331,0.93751526,32.66879272,-0.8263855,-28.91384888,-26.28337097,-0.40388489,-23.62464905,0,0.0,3.66448975,3.66448975,0.8268792,0.75505131,1578642395051735,252341940199, HMD, -0.14058, 1.17887, 0.34658, 0.50050, 0.03633, 0.86481, -0.01676
3759350,1578642395054224,1,1,1,1,0,1,1,1,1,0,0.14242554,-0.30934143,0.94021606,0.14634705,-0.31486511,0.93777466,32.6686554,-0.82475281,-28.89682007,-26.28503418,-0.4026947,-23.62538147,0,0.0,3.68643188,3.68643188,0.8268792,0.75505131,1578642395054187,252341964710, HMD, -0.14054, 1.17886, 0.34659, 0.50042, 0.03630, 0.86486, -0.01669
3759350,1578642395058228,1,1,1,1,0,1,1,1,1,0,0.14242554,-0.30934143,0.94021606,0.14634705,-0.31486511,0.93777466,32.6686554,-0.82475281,-28.89682007,-26.28503418,-0.4026947,-23.62538147,0,0.0,3.68643188,3.68643188,0.8268792,0.75505131,1578642395054920,252341972044, HMD, -0.14053, 1.17885, 0.34659, 0.50040, 0.03629, 0.86487, -0.01666
3759358,1578642395062240,1,1,1,1,0,1,1,1,1,0,0.14207458,-0.30892944,0.94039917,0.14613342,-0.31588745,0.93746948,32.66880798,-0.82304382,-28.89086914,-26.28564453,-0.39320374,-23.64019775,0,0.0,3.68348694,3.68348694,0.82885301,0.76492167,1578642395066471,252342087559, HMD, -0.14032, 1.17877, 0.34662, 0.50008, 0.03617, 0.86507, -0.01634
3759358,1578642395066208,1,1,1,1,0,1,1,1,1,0,0.14207458,-0.30892944,0.94039917,0.14613342,-0.31588745,0.93746948,32.66880798,-0.82304382,-28.89086914,-26.28564453,-0.39320374,-23.64019775,0,0.0,3.68348694,3.68348694,0.82885301,0.76492167,1578642395066471,252342087559, HMD, -0.14032, 1.17877, 0.34662, 0.50008, 0.03617, 0.86507, -0.01634
3759367,1578642395070218,1,1,1,1,0,1,1,1,1,0,0.14164734,-0.30776978,0.94084167,0.1459198,-0.31689453,0.93716431,32.66896057,-0.82133484,-28.89682007,-26.28625488,-0.38371277,-23.65499878,0,0.0,3.68670654,3.68670654,0.82885301,0.76492167,1578642395069700,252342119846, HMD, -0.14026, 1.17874, 0.34663, 0.50000, 0.03611, 0.86512, -0.01626
3759367,1578642395075235,1,1,1,1,0,1,1,1,1,0,0.14164734,-0.30776978,0.94084167,0.1459198,-0.31689453,0.93716431,32.66896057,-0.82133484,-28.89682007,-26.28625488,-0.38371277,-23.65499878,0,0.0,3.68670654,3.68670654,0.82885301,0.76492167,1578642395078899,252342211841, HMD, -0.14012, 1.17870, 0.34666, 0.49974, 0.03599, 0.86528, -0.01603
3759375,1578642395079215,1,1,1,1,0,1,1,1,1,0,0.14187622,-0.30613708,0.94134521,0.1452179,-0.31803894,0.93687439,32.66929626,-0.82023621,-28.90293884,-26.29023743,-0.36540222,-23.70045471,0,0.0,3.69725037,3.69725037,0.83039254,0.74643815,1578642395079269,252342215538, HMD, -0.14012, 1.17870, 0.34666, 0.49973, 0.03598, 0.86529, -0.01602
3759375,1578642395083260,1,1,1,1,0,1,1,1,1,0,0.14187622,-0.30613708,0.94134521,0.1452179,-0.31803894,0.93687439,32.66929626,-0.82023621,-28.90293884,-26.29023743,-0.36540222,-23.70045471,0,0.0,3.69725037,3.69725037,0.83039254,0.74643815,1578642395082090,252342243739, HMD, -0.14007, 1.17869, 0.34667, 0.49964, 0.03594, 0.86534, -0.01597
3759383,1578642395087251,1,1,1,1,0,1,1,1,1,0,0.14208984,-0.30503845,0.94166565,0.14451599,-0.31913757,0.93661499,32.6696167,-0.81915283,-28.90904236,-26.29423523,-0.34709167,-23.74591064,0,0.0,3.70845032,3.70845032,0.83039254,0.74643815,1578642395092144,252342344297, HMD, -0.13989, 1.17865, 0.34673, 0.49937, 0.03576, 0.86551, -0.01576
3759383,1578642395091258,1,1,1,1,0,1,1,1,1,0,0.14208984,-0.30503845,0.94166565,0.14451599,-0.31913757,0.93661499,32.6696167,-0.81915283,-28.90904236,-26.29423523,-0.34709167,-23.74591064,0,0.0,3.70845032,3.70845032,0.83039254,0.74643815,1578642395092144,252342344297, HMD, -0.13989, 1.17865, 0.34673, 0.49937, 0.03576, 0.86551, -0.01576
3759392,1578642395095258,1,1,1,1,0,1,1,1,1,0,0.14491272,-0.30465698,0.94136047,0.14237976,-0.31317139,0.93894958,32.67092896,-0.81513977,-28.91995239,-26.29867554,-0.27757263,-24.05978394,0,0.0,3.73451233,3.73451233,0.82263231,0.76878119,1578642395095295,252342375792, HMD, -0.13984, 1.17864, 0.34674, 0.49928, 0.03569, 0.86557, -0.01570
3759392,1578642395099254,1,1,1,1,0,1,1,1,1,0,0.14491272,-0.30465698,0.94136047,0.14237976,-0.31317139,0.93894958,32.67092896,-0.81513977,-28.91995239,-26.29867554,-0.27757263,-24.05978394,0,0.0,3.73451233,3.73451233,0.82263231,0.76878119,1578642395095295,252342375792, HMD, -0.13984, 1.17864, 0.34674, 0.49928, 0.03569, 0.86557, -0.01570
3759400,1578642395103232,1,1,1,1,0,1,1,1,1,0,0.14581299,-0.30490112,0.94114685,0.14474487,-0.31074524,0.93939209,32.67224121,-0.81112671,-28.93086243,-26.30763245,-0.25994873,-24.05978394,0,0.0,3.76023865,3.76023865,0.82263231,0.76878119,1578642395106076,252342483608, HMD, -0.13962, 1.17856, 0.34677, 0.49895, 0.03544, 0.86576, -0.01550
3759400,1578642395107245,1,1,1,1,0,1,1,1,1,0,0.14581299,-0.30490112,0.94114685,0.14474487,-0.31074524,0.93939209,32.67224121,-0.81112671,-28.93086243,-26.30763245,-0.25994873,-24.05978394,0,0.0,3.76023865,3.76023865,0.82263231,0.76878119,1578642395107206,252342494900, HMD, -0.13960, 1.17856, 0.34677, 0.49892, 0.03541, 0.86579, -0.01548
3759408,1578642395111255,1,1,1,1,0,1,1,1,1,0,0.13861084,-0.32839966,0.93429565,0.1469574,-0.32063293,0.93571472,32.65359497,-0.86801147,-29.02456665,-26.37527466,-0.28778076,-24.14385986,0,0.0,3.8694458,3.8694458,0.82040524,0.7511512,1578642395109931,252342522151, HMD, -0.13952, 1.17854, 0.34678, 0.49885, 0.03532, 0.86583, -0.01543
3759408,1578642395115244,1,1,1,1,0,1,1,1,1,0,0.13861084,-0.32839966,0.93429565,0.1469574,-0.32063293,0.93571472,32.65359497,-0.86801147,-29.02456665,-26.37527466,-0.28778076,-24.14385986,0,0.0,3.8694458,3.8694458,0.82040524,0.7511512,1578642395109931,252342522151, HMD, -0.13952, 1.17854, 0.34678, 0.49885, 0.03532, 0.86583, -0.01543
3759417,1578642395119253,1,1,1,1,0,1,1,1,1,0,0.13589478,-0.36486816,0.92108154,0.14395142,-0.35804749,0.92253113,32.58528137,-0.96011353,-28.93392944,-26.3318634,-0.40892029,-24.11680603,0,0.0,3.82017517,3.82017517,0.82040524,0.7511512,1578642395123109,252342653967, HMD, -0.13939, 1.17851, 0.34687, 0.49846, 0.03493, 0.86608, -0.01514
3759417,1578642395123319,1,1,1,1,0,1,1,1,1,0,0.13589478,-0.36486816,0.92108154,0.14395142,-0.35804749,0.92253113,32.58528137,-0.96011353,-28.93392944,-26.3318634,-0.40892029,-24.11680603,0,0.0,3.82017517,3.82017517,0.82040524,0.7511512,1578642395123391,252342656757, HMD, -0.13938, 1.17851, 0.34687, 0.49845, 0.03492, 0.86608, -0.01514
3759425,1578642395127291,1,1,1,1,0,1,1,1,1,0,0.13674927,-0.36743164,0.91993713,0.14260864,-0.37464905,0.91612244,32.52253723,-1.07623291,-28.82955933,-26.30537415,-0.57511902,-23.91009521,0,0.0,3.77406311,3.77406311,0.79981136,0.7680608,1578642395127285,252342695692, HMD, -0.13932, 1.17850, 0.34689, 0.49834, 0.03480, 0.86615, -0.01505
3759425,1578642395131314,1,1,1,1,0,1,1,1,1,0,0.13674927,-0.36743164,0.91993713,0.14260864,-0.37464905,0.91612244,32.52253723,-1.07623291,-28.82955933,-26.30537415,-0.57511902,-23.91009521,0,0.0,3.77406311,3.77406311,0.79981136,0.7680608,1578642395127415,252342696995, HMD, -0.13932, 1.17850, 0.34689, 0.49834, 0.03480, 0.86615, -0.01505
3759433,1578642395136345,1,1,1,1,0,1,1,1,1,0,0.1231842,-0.37628174,0.91827393,0.13221741,-0.36575317,0.92126465,32.49836731,-1.13088989,-28.81369019,-26.21542358,-0.6269989,-24.08065796,0,0.0,3.85519409,3.85519409,0.79981136,0.7680608,1578642395142168,252342844693, HMD, -0.13898, 1.17838, 0.34693, 0.49792, 0.03439, 0.86641, -0.01475
3759433,1578642395140354,1,1,1,1,0,1,1,1,1,0,0.1231842,-0.37628174,0.91827393,0.13221741,-0.36575317,0.92126465,32.49836731,-1.13088989,-28.81369019,-26.21542358,-0.6269989,-24.08065796,0,0.0,3.85519409,3.85519409,0.79981136,0.7680608,1578642395142168,252342844693, HMD, -0.13898, 1.17838, 0.34693, 0.49792, 0.03439, 0.86641, -0.01475
3759442,1578642395144355,1,1,1,1,0,1,1,1,1,0,0.13348389,-0.37947083,0.91551208,0.12759399,-0.36611938,0.92176819,32.51473999,-1.12014771,-28.8684082,-26.22937012,-0.63430786,-24.03936768,0,0.0,3.71199036,3.71199036,0.76062554,0.70132411,1578642395144344,252342866280, HMD, -0.13894, 1.17837, 0.34694, 0.49785, 0.03433, 0.86646, -0.01470
3759442,1578642395148346,1,1,1,1,0,1,1,1,1,0,0.13348389,-0.37947083,0.91551208,0.12759399,-0.36611938,0.92176819,32.51473999,-1.12014771,-28.8684082,-26.22937012,-0.63430786,-24.03936768,0,0.0,3.71199036,3.71199036,0.76062554,0.70132411,1578642395147468,252342897521, HMD, -0.13889, 1.17835, 0.34695, 0.49776, 0.03424, 0.86651, -0.01463
3759450,1578642395151870,1,1,1,1,0,1,1,1,1,0,0.12802124,-0.37695313,0.91732788,0.12677002,-0.36470032,0.92243958,32.53372192,-1.13418579,-28.86811829,-26.23895264,-0.64051819,-24.02775574,0,0.0,3.87983704,3.87983704,0.76062554,0.70132411,1578642395147468,252342897521, HMD, -0.13889, 1.17835, 0.34695, 0.49776, 0.03424, 0.86651, -0.01463
3759450,1578642395156434,1,1,1,1,0,1,1,1,1,0,0.12802124,-0.37695313,0.91732788,0.12677002,-0.36470032,0.92243958,32.53372192,-1.13418579,-28.86811829,-26.23895264,-0.64051819,-24.02775574,0,0.0,3.87983704,3.87983704,0.76062554,0.70132411,1578642395147468,252342897521, HMD, -0.13889, 1.17835, 0.34695, 0.49776, 0.03424, 0.86651, -0.01463
3759458,1578642395160414,1,1,1,1,0,1,1,1,1,0,0.1315918,-0.37767029,0.91653442,0.12582397,-0.36407471,0.92282104,32.54286194,-1.13284302,-28.89825439,-26.24853516,-0.64674377,-24.02960205,0,0.0,3.86727905,3.86727905,0.75261819,0.6652078,1578642395147468,252342897521, HMD, -0.13889, 1.17835, 0.34695, 0.49776, 0.03424, 0.86651, -0.01463
3759458,1578642395164375,1,1,1,1,0,1,1,1,1,0,0.1315918,-0.37767029,0.91653442,0.12582397,-0.36407471,0.92282104,32.54286194,-1.13284302,-28.89825439,-26.24853516,-0.64674377,-24.02960205,0,0.0,3.86727905,3.86727905,0.75261819,0.6652078,1578642395179152,252343214394, HMD, -0.13840, 1.17812, 0.34714, 0.49670, 0.03341, 0.86717, -0.01377
3759467,1578642395167379,1,1,1,1,0,1,1,1,1,0,0.13113403,-0.37590027,0.91732788,0.12532043,-0.36456299,0.92269897,32.54544067,-1.13282776,-28.90162659,-26.25325012,-0.64767456,-24.0259552,0,0.0,3.85736084,3.85736084,0.75261819,0.6652078,1578642395179152,252343214394, HMD, -0.13840, 1.17812, 0.34714, 0.49670, 0.03341, 0.86717, -0.01377
3759475,1578642395177375,1,1,1,1,0,1,1,1,1,0,0.13061523,-0.37770081,0.91665649,0.12466431,-0.36451721,0.92280579,32.54801941,-1.13284302,-28.89825439,-26.25796509,-0.64860535,-24.02960205,0,0.0,3.86680603,3.86680603,0.74236488,0.6909976,1578642395179152,252343214394, HMD, -0.13840, 1.17812, 0.34714, 0.49670, 0.03341, 0.86717, -0.01377
3759475,1578642395181419,1,1,1,1,0,1,1,1,1,0,0.13061523,-0.37770081,0.91665649,0.12466431,-0.36451721,0.92280579,32.54801941,-1.13284302,-28.89825439,-26.25796509,-0.64860535,-24.02960205,0,0.0,3.86680603,3.86680603,0.74236488,0.6909976,1578642395181411,252343236957, HMD, -0.13837, 1.17811, 0.34714, 0.49660, 0.03337, 0.86723, -0.01372
3759483,1578642395187411,1,1,1,1,0,1,1,1,1,0,0.13035583,-0.37861633,0.9163208,0.12312317,-0.3637085,0.92332458,32.55186462,-1.13626099,-28.89413452,-26.25836182,-0.64875793,-24.03448486,0,0.0,3.85926819,3.85926819,0.74236488,0.6909976,1578642395182395,252343246793, HMD, -0.13836, 1.17810, 0.34715, 0.49656, 0.03334, 0.86725, -0.01369
3759483,1578642395192388,1,1,1,1,0,1,1,1,1,0,0.13035583,-0.37861633,0.9163208,0.12312317,-0.3637085,0.92332458,32.55186462,-1.13626099,-28.89413452,-26.25836182,-0.64875793,-24.03448486,0,0.0,3.85926819,3.85926819,0.74236488,0.6909976,1578642395201654,252343439457, HMD, -0.13809, 1.17794, 0.34725, 0.49579, 0.03294, 0.86772, -0.01306
3759492,1578642395197369,1,1,1,1,0,1,1,1,1,0,0.12879944,-0.37663269,0.9173584,0.12156677,-0.3633728,0.92367554,32.55570984,-1.13967896,-28.89425659,-26.25875854,-0.64860535,-24.03936768,0,0.0,3.85131836,3.85131836,0.74844766,0.69884843,1578642395201654,252343439457, HMD, -0.13809, 1.17794, 0.34725, 0.49579, 0.03294, 0.86772, -0.01306
3759492,1578642395201370,1,1,1,1,0,1,1,1,1,0,0.12797546,-0.37698364,0.91732788,0.12188721,-0.36314392,0.92370605,32.55847168,-1.13626099,-28.89625549,-26.26190186,-0.64767456,-24.04396057,0,0.0,3.84912109,3.84912109,0.74844766,0.69884843,1578642395201654,252343439457, HMD, -0.13809, 1.17794, 0.34725, 0.49579, 0.03294, 0.86772, -0.01306
3759500,1578642395207481,1,1,1,1,0,1,1,1,1,0,0.12797546,-0.37698364,0.91732788,0.12188721,-0.36314392,0.92370605,32.55847168,-1.13626099,-28.89625549,-26.26190186,-0.64767456,-24.04396057,0,0.0,3.84912109,3.84912109,0.74844766,0.69884843,1578642395204906,252343471906, HMD, -0.13804, 1.17791, 0.34727, 0.49566, 0.03288, 0.86780, -0.01297
3759508,1578642395211369,1,1,1,1,0,1,1,1,1,0,0.12791443,-0.37736511,0.91717529,0.12216187,-0.362854,0.92379761,32.5592804,-1.13284302,-28.89825439,-26.26504517,-0.64674377,-24.04855347,0,0.0,3.8470459,3.8470459,0.73688912,0.69928235,1578642395204906,252343471906, HMD, -0.13804, 1.17791, 0.34727, 0.49566, 0.03288, 0.86780, -0.01297
3759517,1578642395217424,1,1,1,1,0,1,1,1,1,0,0.1282196,-0.37701416,0.9172821,0.12301636,-0.36288452,0.92367554,32.55749512,-1.13282776,-28.90162659,-26.26954651,-0.64659119,-24.04396057,0,0.0,3.8384552,3.8384552,0.73688912,0.69928235,1578642395204906,252343471906, HMD, -0.13804, 1.17791, 0.34727, 0.49566, 0.03288, 0.86780, -0.01297
3759517,1578642395221414,1,1,1,1,0,1,1,1,1,0,0.1282196,-0.37701416,0.9172821,0.12301636,-0.36288452,0.92367554,32.55749512,-1.13282776,-28.90162659,-26.26954651,-0.64659119,-24.04396057,0,0.0,3.8384552,3.8384552,0.73688912,0.69928235,1578642395204906,252343471906, HMD, -0.13804, 1.17791, 0.34727, 0.49566, 0.03288, 0.86780, -0.01297
3759533,1578642395241908,1,1,1,1,0,1,1,1,1,0,0.12809753,-0.37710571,0.91725159,0.12156677,-0.36230469,0.92408752,32.55557251,-1.12654114,-28.9161377,-26.27935791,-0.64767456,-24.0381012,0,0.0,3.84094238,3.84094238,0.73613936,0.69419378,1578642395245015,252343873026, HMD, -0.13751, 1.17748, 0.34741, 0.49414, 0.03216, 0.86871, -0.01153
3759542,1578642395246481,1,1,1,1,0,1,1,1,1,0,0.12763977,-0.37760925,0.91711426,0.1187439,-0.36160278,0.92472839,32.55570984,-1.12026978,-28.92727661,-26.28465271,-0.64860535,-24.03681946,0,0.0,3.84631348,3.84631348,0.74049973,0.67688751,1578642395246367,252343886514, HMD, -0.13749, 1.17747, 0.34742, 0.49409, 0.03212, 0.86874, -0.01146
3759542,1578642395252458,1,1,1,1,0,1,1,1,1,0,0.12602234,-0.37750244,0.91737366,0.1199646,-0.36048889,0.92500305,32.5569458,-1.11178589,-28.94139099,-26.29231262,-0.64875793,-24.03321838,0,0.0,3.84725952,3.84725952,0.74049973,0.67688751,1578642395248331,252343906150, HMD, -0.13746, 1.17745, 0.34743, 0.49401, 0.03208, 0.86879, -0.01136
3759550,1578642395256475,1,1,1,1,0,1,1,1,1,0,0.12602234,-0.37750244,0.91737366,0.1199646,-0.36048889,0.92500305,32.5569458,-1.11178589,-28.94139099,-26.29231262,-0.64875793,-24.03321838,0,0.0,3.84725952,3.84725952,0.74049973,0.67688751,1578642395263684,252344059729, HMD, -0.13724, 1.17723, 0.34751, 0.49337, 0.03167, 0.86918, -0.01058
3759558,1578642395259734,1,1,1,1,0,1,1,1,1,0,0.12695313,-0.37728882,0.91734314,0.1211853,-0.35942078,0.92526245,32.55818176,-1.103302,-28.95549011,-26.29997253,-0.64891052,-24.02960205,0,0.0,3.8453064,3.8453064,0.73278791,0.68594581,1578642395263684,252344059729, HMD, -0.13724, 1.17723, 0.34751, 0.49337, 0.03167, 0.86918, -0.01058
3759558,1578642395262880,1,1,1,1,0,1,1,1,1,0,0.12695313,-0.37728882,0.91734314,0.1211853,-0.35942078,0.92526245,32.55818176,-1.103302,-28.95549011,-26.29997253,-0.64891052,-24.02960205,0,0.0,3.8453064,3.8453064,0.73278791,0.68594581,1578642395263684,252344059729, HMD, -0.13724, 1.17723, 0.34751, 0.49337, 0.03167, 0.86918, -0.01058
3759558,1578642395266892,1,1,1,1,0,1,1,1,1,0,0.12695313,-0.37728882,0.91734314,0.1211853,-0.35942078,0.92526245,32.55818176,-1.103302,-28.95549011,-26.29997253,-0.64891052,-24.02960205,0,0.0,3.8453064,3.8453064,0.73278791,0.68594581,1578642395266901,252344091855, HMD, -0.13720, 1.17719, 0.34753, 0.49322, 0.03159, 0.86927, -0.01042
3759567,1578642395272943,1,1,1,1,0,1,1,1,1,0,0.12545776,-0.37794495,0.91726685,0.11561584,-0.35821533,0.92643738,32.55873108,-1.09587097,-28.98728943,-26.31616211,-0.65315247,-24.02230835,0,0.0,3.83869934,3.83869934,0.73278791,0.68594581,1578642395267418,252344097022, HMD, -0.13719, 1.17718, 0.34753, 0.49320, 0.03158, 0.86928, -0.01039
3759575,1578642395276947,1,1,1,1,0,1,1,1,1,0,0.12649536,-0.37628174,0.91781616,0.11781311,-0.35697937,0.92663574,32.5592804,-1.08842468,-29.01908875,-26.32974243,-0.65516663,-24.02230835,0,0.0,3.83207703,3.83207703,0.72064948,0.67690909,1578642395267418,252344097022, HMD, -0.13719, 1.17718, 0.34753, 0.49320, 0.03158, 0.86928, -0.01039
3759575,1578642395280948,1,1,1,1,0,1,1,1,1,0,0.12649536,-0.37628174,0.91781616,0.11781311,-0.35697937,0.92663574,32.5592804,-1.08842468,-29.01908875,-26.32974243,-0.65516663,-24.02230835,0,0.0,3.83207703,3.83207703,0.72064948,0.67690909,1578642395267418,252344097022, HMD, -0.13719, 1.17718, 0.34753, 0.49320, 0.03158, 0.86928, -0.01039
3759600,1578642395302990,1,1,1,1,0,1,1,1,1,0,0.1156311,-0.36663818,0.92314148,0.1153717,-0.35731506,0.92681885,32.54960632,-0.98815918,-29.18815613,-26.42243958,-0.57299805,-24.0748291,0,0.0,3.86708069,3.86708069,0.71625841,0.6830855,1578642395304032,252344463190, HMD, -0.13674, 1.17676, 0.34773, 0.49162, 0.03063, 0.87023, -0.00877
3759600,1578642395307012,1,1,1,1,0,1,1,1,1,0,0.1156311,-0.36663818,0.92314148,0.1153717,-0.35731506,0.92681885,32.54960632,-0.98815918,-29.18815613,-26.42243958,-0.57299805,-24.0748291,0,0.0,3.86708069,3.86708069,0.71625841,0.6830855,1578642395306945,252344492298, HMD, -0.13671, 1.17673, 0.34775, 0.49150, 0.03055, 0.87030, -0.00865
3759608,1578642395311016,1,1,1,1,0,1,1,1,1,0,0.11711121,-0.36178589,0.92486572,0.11044312,-0.36009216,0.92634583,32.54698181,-0.97387695,-29.2270813,-26.44319153,-0.54696655,-24.1473999,0,0.0,3.87071228,3.87071228,0.71689332,0.67336184,1578642395307653,252344499375, HMD, -0.13670, 1.17673, 0.34776, 0.49147, 0.03054, 0.87031, -0.00863
3759608,1578642395316012,1,1,1,1,0,1,1,1,1,0,0.11711121,-0.36178589,0.92486572,0.11044312,-0.36009216,0.92634583,32.54698181,-0.97387695,-29.2270813,-26.44319153,-0.54696655,-24.1473999,0,0.0,3.87071228,3.87071228,0.71689332,0.67336184,1578642395307653,252344499375, HMD, -0.13670, 1.17673, 0.34776, 0.49147, 0.03054, 0.87031, -0.00863
3759617,1578642395320002,1,1,1,1,0,1,1,1,1,0,0.11791992,-0.36264038,0.92442322,0.126297,-0.35319519,0.92697144,32.53546143,-0.94300842,-29.32182312,-26.45179749,-0.52789307,-24.22973633,0,0.0,3.87638855,3.87638855,0.71689332,0.67336184,1578642395307653,252344499375, HMD, -0.13670, 1.17673, 0.34776, 0.49147, 0.03054, 0.87031, -0.00863
3759617,1578642395324006,1,1,1,1,0,1,1,1,1,0,0.11791992,-0.36264038,0.92442322,0.126297,-0.35319519,0.92697144,32.53546143,-0.94300842,-29.32182312,-26.45179749,-0.52789307,-24.22973633,0,0.0,3.87638855,3.87638855,0.71689332,0.67336184,1578642395332953,252344752384, HMD, -0.13653, 1.17656, 0.34792, 0.49050, 0.02995, 0.87090, -0.00742
3759617,1578642395327647,1,1,1,1,0,1,1,1,1,0,0.12188721,-0.36253357,0.9239502,0.12615967,-0.35359192,0.92684937,32.5246582,-0.91595459,-29.41654968,-26.45140076,-0.53082275,-24.22796631,0,0.0,3.86529541,3.86529541,0.71689332,0.67336184,1578642395332953,252344752384, HMD, -0.13653, 1.17656, 0.34792, 0.49050, 0.02995, 0.87090, -0.00742
3759625,1578642395330984,1,1,1,1,0,1,1,1,1,0,0.12188721,-0.36253357,0.9239502,0.12615967,-0.35359192,0.92684937,32.5246582,-0.91595459,-29.41654968,-26.45140076,-0.53082275,-24.22796631,0,0.0,3.86529541,3.86529541,0.69959301,0.65005952,1578642395332953,252344752384, HMD, -0.13653, 1.17656, 0.34792, 0.49050, 0.02995, 0.87090, -0.00742
3759633,1578642395335054,1,1,1,1,0,1,1,1,1,0,0.12031555,-0.36242676,0.92420959,0.12565613,-0.35256958,0.92730713,32.52468872,-0.91842651,-29.4178772,-26.45098877,-0.5337677,-24.22619629,0,0.0,3.85028076,3.85028076,0.69959301,0.65005952,1578642395335037,252344773218, HMD, -0.13651, 1.17654, 0.34794, 0.49041, 0.02990, 0.87095, -0.00732
3759633,1578642395339053,1,1,1,1,0,1,1,1,1,0,0.12031555,-0.36242676,0.92420959,0.12565613,-0.35256958,0.92730713,32.52468872,-0.91842651,-29.4178772,-26.45098877,-0.5337677,-24.22619629,0,0.0,3.85028076,3.85028076,0.69959301,0.65005952,1578642395336230,252344785149, HMD, -0.13650, 1.17653, 0.34794, 0.49036, 0.02987, 0.87098, -0.00726
3759633,1578642395342937,1,1,1,1,0,1,1,1,1,0,0.11863708,-0.36231995,0.92445374,0.12260437,-0.35301208,0.92753601,32.52470398,-0.92089844,-29.41654968,-26.44854736,-0.53840637,-24.21644592,0,0.0,3.86451721,3.86451721,0.69959301,0.65005952,1578642395336230,252344785149, HMD, -0.13650, 1.17653, 0.34794, 0.49036, 0.02987, 0.87098, -0.00726
3759642,1578642395348957,1,1,1,1,0,1,1,1,1,0,0.11863708,-0.36231995,0.92445374,0.12260437,-0.35301208,0.92753601,32.52470398,-0.92089844,-29.41654968,-26.44854736,-0.53840637,-24.21644592,0,0.0,3.86451721,3.86451721,0.71430105,0.67009616,1578642395350890,252344931793, HMD, -0.13631, 1.17638, 0.34804, 0.48975, 0.02950, 0.87134, -0.00648
3759650,1578642395352951,1,1,1,1,0,1,1,1,1,0,0.11927795,-0.36277771,0.92419434,0.11953735,-0.35336304,0.92781067,32.52577209,-0.92652893,-29.40008545,-26.44612122,-0.54304504,-24.20669556,0,0.0,3.85049438,3.85049438,0.71430105,0.67009616,1578642395352886,252344951703, HMD, -0.13628, 1.17636, 0.34806, 0.48966, 0.02945, 0.87139, -0.00636
3759650,1578642395356972,1,1,1,1,0,1,1,1,1,0,0.11927795,-0.36277771,0.92419434,0.11953735,-0.35336304,0.92781067,32.52577209,-0.92652893,-29.40008545,-26.44612122,-0.54304504,-24.20669556,0,0.0,3.85049438,3.85049438,0.71430105,0.67009616,1578642395355156,252344974407, HMD, -0.13626, 1.17633, 0.34808, 0.48955, 0.02938, 0.87146, -0.00624
3759658,1578642395360936,1,1,1,1,0,1,1,1,1,0,0.1182251,-0.36352539,0.92404175,0.1178894,-0.35305786,0.9281311,32.52684021,-0.92959595,-29.38360596,-26.44419861,-0.54231262,-24.20701599,0,0.0,3.86572266,3.86572266,0.70608115,0.67113447,1578642395355156,252344974407, HMD, -0.13626, 1.17633, 0.34808, 0.48955, 0.02938, 0.87146, -0.00624
3759658,1578642395364548,1,1,1,1,0,1,1,1,1,0,0.1182251,-0.36352539,0.92404175,0.1178894,-0.35305786,0.9281311,32.52684021,-0.92959595,-29.38360596,-26.44419861,-0.54231262,-24.20701599,0,0.0,3.86572266,3.86572266,0.70608115,0.67113447,1578642395355156,252344974407, HMD, -0.13626, 1.17633, 0.34808, 0.48955, 0.02938, 0.87146, -0.00624
3759667,1578642395368512,1,1,1,1,0,1,1,1,1,0,0.11784363,-0.36305237,0.92427063,0.11953735,-0.35266113,0.92807007,32.5271759,-0.93087769,-29.38076782,-26.44598389,-0.5415802,-24.20733643,0,0.0,3.8744812,3.8744812,0.70608115,0.67113447,1578642395355156,252344974407, HMD, -0.13626, 1.17633, 0.34808, 0.48955, 0.02938, 0.87146, -0.00624
3759667,1578642395372515,1,1,1,1,0,1,1,1,1,0,0.11784363,-0.36305237,0.92427063,0.11953735,-0.35266113,0.92807007,32.5271759,-0.93087769,-29.38076782,-26.44598389,-0.5415802,-24.20733643,0,0.0,3.8744812,3.8744812,0.70608115,0.67113447,1578642395355156,252344974407, HMD, -0.13626, 1.17633, 0.34808, 0.48955, 0.02938, 0.87146, -0.00624
3759667,1578642395376610,1,1,1,1,0,1,1,1,1,0,0.11108398,-0.36038208,0.92616272,0.1182251,-0.35264587,0.92825317,32.54838562,-0.97810364,-29.16401672,-26.44606018,-0.53767395,-24.21676636,0,0.0,3.93199158,3.93199158,0.70608115,0.67113447,1578642395355156,252344974407, HMD, -0.13626, 1.17633, 0.34808, 0.48955, 0.02938, 0.87146, -0.00624
3759683,1578642395390852,1,1,1,1,0,1,1,1,1,0,0.10923767,-0.36430359,0.92483521,0.11694336,-0.3526001,0.92843628,32.55519104,-1.02375793,-28.94567871,-26.44612122,-0.5337677,-24.22619629,0,0.0,3.91152954,3.91152954,0.70269078,0.67070413,1578642395402339,252345446345, HMD, -0.13571, 1.17585, 0.34845, 0.48710, 0.02813, 0.87289, -0.00353
3759700,1578642395404546,1,1,1,1,0,1,1,1,1,0,0.10415649,-0.3666687,0.92448425,0.1169281,-0.35316467,0.9282074,32.54258728,-0.98838806,-29.05766296,-26.45098877,-0.52789307,-24.22973633,0,0.0,3.8306427,3.8306427,0.70293814,0.67405254,1578642395404616,252345469007, HMD, -0.13569, 1.17582, 0.34847, 0.48696, 0.02806, 0.87296, -0.00338
3759700,1578642395409526,1,1,1,1,0,1,1,1,1,0,0.10415649,-0.3666687,0.92448425,0.1169281,-0.35316467,0.9282074,32.54258728,-0.98838806,-29.05766296,-26.45098877,-0.52789307,-24.22973633,0,0.0,3.8306427,3.8306427,0.70293814,0.67405254,1578642395409402,252345516864, HMD, -0.13563, 1.17576, 0.34852, 0.48668, 0.02792, 0.87313, -0.00305
3759708,1578642395419510,1,1,1,1,0,1,1,1,1,0,0.1068573,-0.36151123,0.9262085,0.11509705,-0.35180664,0.92895508,32.53857422,-0.98652649,-29.06455994,-26.45179749,-0.51776123,-24.27241516,0,0.0,3.85975647,3.85975647,0.6981504,0.66272932,1578642395409402,252345516864, HMD, -0.13563, 1.17576, 0.34852, 0.48668, 0.02792, 0.87313, -0.00305
3759717,1578642395424543,1,1,1,1,0,1,1,1,1,0,0.1068573,-0.36151123,0.9262085,0.11509705,-0.35180664,0.92895508,32.53857422,-0.98652649,-29.06455994,-26.45179749,-0.51776123,-24.27241516,0,0.0,3.85975647,3.85975647,0.6981504,0.66272932,1578642395434102,252345763915, HMD, -0.13523, 1.17535, 0.34876, 0.48512, 0.02714, 0.87403, -0.00129
3759725,1578642395432500,1,1,1,1,0,1,1,1,1,0,0.10810852,-0.35839844,0.92727661,0.11260986,-0.35084534,0.92962646,32.53843689,-0.98254395,-29.06576538,-26.45248413,-0.50918579,-24.28800964,0,0.0,3.88356018,3.88356018,0.69976008,0.66135865,1578642395434102,252345763915, HMD, -0.13523, 1.17535, 0.34876, 0.48512, 0.02714, 0.87403, -0.00129
3759733,1578642395436518,1,1,1,1,0,1,1,1,1,0,0.10679626,-0.3548584,0.92878723,0.11012268,-0.34988403,0.93028259,32.53741455,-0.98233032,-29.07270813,-26.45317078,-0.50061035,-24.30360413,0,0.0,3.95109558,3.95109558,0.69976008,0.66135865,1578642395436552,252345788359, HMD, -0.13520, 1.17533, 0.34879, 0.48497, 0.02707, 0.87411, -0.00111
3759742,1578642395447611,1,1,1,1,0,1,1,1,1,0,0.10545349,-0.35670471,0.92823792,0.11071777,-0.35050964,0.92997742,32.53639221,-0.9821167,-29.07966614,-26.46191406,-0.48834229,-24.32554626,0,0.0,4.01823425,4.01823425,0.70116484,0.65341043,1578642395437505,252345797899, HMD, -0.13519, 1.17531, 0.34880, 0.48491, 0.02704, 0.87415, -0.00106
3759742,1578642395451643,1,1,1,1,0,1,1,1,1,0,0.09605408,-0.35179138,0.93112183,0.11087036,-0.3440094,0.93238831,32.5252533,-0.91903687,-29.07263184,-26.46931458,-0.48086548,-24.33210754,0,0.0,4.00990295,4.00990295,0.70116484,0.65341043,1578642395437505,252345797899, HMD, -0.13519, 1.17531, 0.34880, 0.48491, 0.02704, 0.87415, -0.00106
3759750,1578642395455599,1,1,1,1,0,1,1,1,1,0,0.09605408,-0.35179138,0.93112183,0.11087036,-0.3440094,0.93238831,32.5252533,-0.91903687,-29.07263184,-26.46931458,-0.48086548,-24.33210754,0,0.0,4.00990295,4.00990295,0.70116484,0.65341043,1578642395437505,252345797899, HMD, -0.13519, 1.17531, 0.34880, 0.48491, 0.02704, 0.87415, -0.00106
3759758,1578642395463592,1,1,1,1,0,1,1,1,1,0,0.08836365,-0.36128235,0.92825317,0.09840393,-0.33746338,0.93617249,32.51231384,-0.83084106,-29.35520935,-26.5287323,-0.42118835,-24.28756714,0,0.0,3.99061584,3.99061584,0.7008723,0.65727985,1578642395479031,252346213202, HMD, -0.13462, 1.17479, 0.34936, 0.48216, 0.02592, 0.87570, 0.00129
3759767,1578642395467201,1,1,1,1,0,1,1,1,1,0,0.08872986,-0.36853027,0.92536926,0.09913635,-0.3405304,0.9349823,32.51060486,-0.8444519,-29.27787781,-26.54804993,-0.41127014,-24.23110962,0,0.0,3.86235046,3.86235046,0.7008723,0.65727985,1578642395479031,252346213202, HMD, -0.13462, 1.17479, 0.34936, 0.48216, 0.02592, 0.87570, 0.00129
3759767,1578642395471261,1,1,1,1,0,1,1,1,1,0,0.08872986,-0.36853027,0.92536926,0.09913635,-0.3405304,0.9349823,32.51060486,-0.8444519,-29.27787781,-26.54804993,-0.41127014,-24.23110962,0,0.0,3.86235046,3.86235046,0.7008723,0.65727985,1578642395479031,252346213202, HMD, -0.13462, 1.17479, 0.34936, 0.48216, 0.02592, 0.87570, 0.00129
3759767,1578642395475225,1,1,1,1,0,1,1,1,1,0,0.08691406,-0.35804749,0.92964172,0.09489441,-0.33432007,0.93765259,32.49664307,-0.8082428,-29.34104919,-26.56971741,-0.39233398,-24.23400879,0,0.0,3.97946167,3.97946167,0.7008723,0.65727985,1578642395479031,252346213202, HMD, -0.13462, 1.17479, 0.34936, 0.48216, 0.02592, 0.87570, 0.00129
3759767,1578642395479209,1,1,1,1,0,1,1,1,1,0,0.08691406,-0.35804749,0.92964172,0.09489441,-0.33432007,0.93765259,32.49664307,-0.8082428,-29.34104919,-26.56971741,-0.39233398,-24.23400879,0,0.0,3.97946167,3.97946167,0.7008723,0.65727985,1578642395479326,252346216103, HMD, -0.13462, 1.17478, 0.34936, 0.48214, 0.02592, 0.87571, 0.00130
3759775,1578642395486212,1,1,1,1,0,1,1,1,1,0,0.09542847,-0.3575592,0.9289856,0.09367371,-0.33305359,0.93823242,32.47648621,-0.75057983,-29.48136902,-26.57926941,-0.37834167,-24.26229858,0,0.0,3.91862488,3.91862488,0.70760161,0.67045462,1578642395482828,252346251123, HMD, -0.13469, 1.17481, 0.34944, 0.48192, 0.02584, 0.87584, 0.00145
3759783,1578642395490192,1,1,1,1,0,1,1,1,1,0,0.09542847,-0.3575592,0.9289856,0.09367371,-0.33305359,0.93823242,32.47648621,-0.75057983,-29.48136902,-26.57926941,-0.37834167,-24.26229858,0,0.0,3.91862488,3.91862488,0.70760161,0.67045462,1578642395482828,252346251123, HMD, -0.13469, 1.17481, 0.34944, 0.48192, 0.02584, 0.87584, 0.00145
3759792,1578642395494180,1,1,1,1,0,1,1,1,1,0,0.08520508,-0.36192322,0.92829895,0.09231567,-0.33703613,0.93695068,32.4606781,-0.7494812,-29.47071838,-26.58883667,-0.36433411,-24.29060364,0,0.0,3.87904358,3.87904358,0.70782697,0.66413367,1578642395502505,252346447899, HMD, -0.13458, 1.17471, 0.34969, 0.48085, 0.02555, 0.87643, 0.00215
3759792,1578642395498192,1,1,1,1,0,1,1,1,1,0,0.08520508,-0.36192322,0.92829895,0.09231567,-0.33703613,0.93695068,32.4606781,-0.7494812,-29.47071838,-26.58883667,-0.36433411,-24.29060364,0,0.0,3.87904358,3.87904358,0.70782697,0.66413367,1578642395502505,252346447899, HMD, -0.13458, 1.17471, 0.34969, 0.48085, 0.02555, 0.87643, 0.00215
3759800,1578642395502187,1,1,1,1,0,1,1,1,1,0,0.09463501,-0.35032654,0.93182373,0.08911133,-0.33479309,0.93806458,32.45321655,-0.74659729,-29.48605347,-26.59535217,-0.35415649,-24.32041931,0,0.0,4.04821777,4.04821777,0.70782697,0.66413367,1578642395502505,252346447899, HMD, -0.13458, 1.17471, 0.34969, 0.48085, 0.02555, 0.87643, 0.00215
3759800,1578642395506181,1,1,1,1,0,1,1,1,1,0,0.09463501,-0.35032654,0.93182373,0.08911133,-0.33479309,0.93806458,32.45321655,-0.74659729,-29.48605347,-26.59535217,-0.35415649,-24.32041931,0,0.0,4.04821777,4.04821777,0.70782697,0.66413367,1578642395505747,252346480315, HMD, -0.13455, 1.17468, 0.34973, 0.48069, 0.02550, 0.87651, 0.00225
3759808,1578642395510614,1,1,1,1,0,1,1,1,1,0,0.09538269,-0.34989929,0.93190002,0.08586121,-0.33479309,0.93836975,32.45068359,-0.74601746,-29.49356079,-26.60186768,-0.34396362,-24.35021973,0,0.0,4.0214386,4.0214386,0.70218217,0.66626692,1578642395505747,252346480315, HMD, -0.13455, 1.17468, 0.34973, 0.48069, 0.02550, 0.87651, 0.00225
3759817,1578642395516955,1,1,1,1,0,1,1,1,1,0,0.09605408,-0.34973145,0.93190002,0.08592224,-0.33331299,0.93888855,32.44815063,-0.74542236,-29.50108337,-26.60688782,-0.34136963,-24.36474609,0,0.0,3.99536133,3.99536133,0.70218217,0.66626692,1578642395519520,252346618132, HMD, -0.13443, 1.17460, 0.34989, 0.48008, 0.02534, 0.87686, 0.00266
3759817,1578642395520492,1,1,1,1,0,1,1,1,1,0,0.09605408,-0.34973145,0.93190002,0.08592224,-0.33331299,0.93888855,32.44815063,-0.74542236,-29.50108337,-26.60688782,-0.34136963,-24.36474609,0,0.0,3.99536133,3.99536133,0.70218217,0.66626692,1578642395520600,252346628880, HMD, -0.13442, 1.17460, 0.34990, 0.48002, 0.02534, 0.87689, 0.00269
3759817,1578642395524677,1,1,1,1,0,1,1,1,1,0,0.09605408,-0.34973145,0.93190002,0.08592224,-0.33331299,0.93888855,32.44815063,-0.74542236,-29.50108337,-26.60688782,-0.34136963,-24.36474609,0,0.0,3.99536133,3.99536133,0.70218217,0.66626692,1578642395523657,252346659412, HMD, -0.13446, 1.17462, 0.34996, 0.47988, 0.02530, 0.87696, 0.00278
3759825,1578642395528659,1,1,1,1,0,1,1,1,1,0,0.07901001,-0.35290527,0.93229675,0.08599854,-0.33187866,0.93937683,32.44137573,-0.73365784,-29.49317932,-26.6118927,-0.33877563,-24.3792572,0,0.0,4.00804138,4.00804138,0.71490419,0.67720968,1578642395523657,252346659412, HMD, -0.13446, 1.17462, 0.34996, 0.47988, 0.02530, 0.87696, 0.00278
3759825,1578642395532998,1,1,1,1,0,1,1,1,1,0,0.07901001,-0.35290527,0.93229675,0.08599854,-0.33187866,0.93937683,32.44137573,-0.73365784,-29.49317932,-26.6118927,-0.33877563,-24.3792572,0,0.0,4.00804138,4.00804138,0.71490419,0.67720968,1578642395533761,252346760464, HMD, -0.13436, 1.17458, 0.35006, 0.47947, 0.02523, 0.87719, 0.00302
3759833,1578642395537372,1,1,1,1,0,1,1,1,1,0,0.08378601,-0.35794067,0.92996216,0.08401489,-0.33131409,0.9397583,32.4342804,-0.69921875,-29.55490112,-26.61404419,-0.33837891,-24.38014221,0,0.0,4.01356506,4.01356506,0.71490419,0.67720968,1578642395536942,252346792263, HMD, -0.13434, 1.17457, 0.35010, 0.47934, 0.02521, 0.87726, 0.00308
3759833,1578642395541460,1,1,1,1,0,1,1,1,1,0,0.08378601,-0.35794067,0.92996216,0.08401489,-0.33131409,0.9397583,32.4342804,-0.69921875,-29.55490112,-26.61404419,-0.33837891,-24.38014221,0,0.0,4.01356506,4.01356506,0.71490419,0.67720968,1578642395536942,252346792263, HMD, -0.13434, 1.17457, 0.35010, 0.47934, 0.02521, 0.87726, 0.00308
3759842,1578642395545007,1,1,1,1,0,1,1,1,1,0,0.08255005,-0.35044861,0.93292236,0.08203125,-0.33087158,0.94009399,32.4230957,-0.68190002,-29.57902527,-26.61618042,-0.33796692,-24.3792572,0,0.0,3.98455811,3.98455811,0.70320874,0.65515453,1578642395547713,252346900013, HMD, -0.13429, 1.17458, 0.35024, 0.47896, 0.02520, 0.87747, 0.00325
3759842,1578642395549002,1,1,1,1,0,1,1,1,1,0,0.08255005,-0.35044861,0.93292236,0.08203125,-0.33087158,0.94009399,32.4230957,-0.68190002,-29.57902527,-26.61618042,-0.33796692,-24.3792572,0,0.0,3.98455811,3.98455811,0.70320874,0.65515453,1578642395548951,252346912350, HMD, -0.13428, 1.17458, 0.35025, 0.47892, 0.02520, 0.87749, 0.00326
3759850,1578642395553021,1,1,1,1,0,1,1,1,1,0,0.09962463,-0.36073303,0.92732239,0.08128357,-0.32987976,0.94050598,32.41203308,-0.65986633,-29.63571167,-26.61624146,-0.33673096,-24.38014221,0,0.0,3.95567322,3.95567322,0.70320874,0.65515453,1578642395551299,252346935836, HMD, -0.13427, 1.17455, 0.35029, 0.47887, 0.02520, 0.87752, 0.00332
3759858,1578642395559978,1,1,1,1,0,1,1,1,1,0,0.08833313,-0.37686157,0.92204285,0.07833862,-0.33351135,0.93946838,32.37680054,-0.85140991,-29.21490479,-26.64816284,-0.34431458,-24.43067932,0,0.0,3.87191772,3.87191772,0.69510728,0.65389735,1578642395551299,252346935836, HMD, -0.13427, 1.17455, 0.35029, 0.47887, 0.02520, 0.87752, 0.00332
3759858,1578642395563589,1,1,1,1,0,1,1,1,1,0,0.08833313,-0.37686157,0.92204285,0.07833862,-0.33351135,0.93946838,32.37680054,-0.85140991,-29.21490479,-26.64816284,-0.34431458,-24.43067932,0,0.0,3.87191772,3.87191772,0.69510728,0.65389735,1578642395575061,252347173463, HMD, -0.13399, 1.17448, 0.35053, 0.47831, 0.02536, 0.87782, 0.00356
3759858,1578642395567579,1,1,1,1,0,1,1,1,1,0,0.08833313,-0.37686157,0.92204285,0.07833862,-0.33351135,0.93946838,32.37680054,-0.85140991,-29.21490479,-26.64816284,-0.34431458,-24.43067932,0,0.0,3.87191772,3.87191772,0.69510728,0.65389735,1578642395575061,252347173463, HMD, -0.13399, 1.17448, 0.35053, 0.47831, 0.02536, 0.87782, 0.00356
3759867,1578642395576575,1,1,1,1,0,1,1,1,1,0,0.105896,-0.41673279,0.90283203,0.08576965,-0.37936401,0.92124939,32.35391235,-1.09837341,-29.19224548,-26.43614197,-0.62980652,-24.29931641,0,0.0,3.86810303,3.86810303,0.69510728,0.65389735,1578642395576611,252347188956, HMD, -0.13397, 1.17448, 0.35055, 0.47828, 0.02537, 0.87783, 0.00358
3759875,1578642395580573,1,1,1,1,0,1,1,1,1,0,0.105896,-0.41673279,0.90283203,0.08576965,-0.37936401,0.92124939,32.35391235,-1.09837341,-29.19224548,-26.43614197,-0.62980652,-24.29931641,0,0.0,3.86810303,3.86810303,0.65621644,0.62379265,1578642395578061,252347203449, HMD, -0.13396, 1.17448, 0.35056, 0.47825, 0.02538, 0.87785, 0.00360
3759883,1578642395585578,1,1,1,1,0,1,1,1,1,0,0.11636353,-0.43188477,0.89437866,0.10481262,-0.3959198,0.91227722,32.38217163,-1.18696594,-29.19570923,-26.30183411,-0.72232056,-24.43783569,0,0.0,3.84100342,3.84100342,0.65621644,0.62379265,1578642395588111,252347303971, HMD, -0.13386, 1.17446, 0.35067, 0.47807, 0.02546, 0.87794, 0.00374
3759883,1578642395589564,1,1,1,1,0,1,1,1,1,0,0.11636353,-0.43188477,0.89437866,0.10481262,-0.3959198,0.91227722,32.38217163,-1.18696594,-29.19570923,-26.30183411,-0.72232056,-24.43783569,0,0.0,3.84100342,3.84100342,0.65621644,0.62379265,1578642395589580,252347318639, HMD, -0.13388, 1.17443, 0.35066, 0.47805, 0.02547, 0.87795, 0.00376
3759892,1578642395593570,1,1,1,1,0,1,1,1,1,0,0.1151886,-0.45214844,0.88446045,0.11386108,-0.42189026,0.89945984,32.39094543,-1.19468689,-29.506073,-26.25691223,-0.85050964,-24.39118958,0,0.0,3.76748657,3.76748657,0.63984293,0.55716658,1578642395591171,252347334555, HMD, -0.13386, 1.17444, 0.35067, 0.47803, 0.02547, 0.87797, 0.00381
3759892,1578642395597567,1,1,1,1,0,1,1,1,1,0,0.1151886,-0.45214844,0.88446045,0.11386108,-0.42189026,0.89945984,32.39094543,-1.19468689,-29.506073,-26.25691223,-0.85050964,-24.39118958,0,0.0,3.76748657,3.76748657,0.63984293,0.55716658,1578642395600207,252347424922, HMD, -0.13390, 1.17448, 0.35078, 0.47788, 0.02552, 0.87805, 0.00397
3759900,1578642395601573,1,1,1,1,0,1,1,1,1,0,0.10734558,-0.47491455,0.87345886,0.1131134,-0.44413757,0.88877869,32.41192627,-1.20053101,-29.60974121,-26.23558044,-0.8553009,-24.43563843,0,0.0,3.78672791,3.78672791,0.63984293,0.55716658,1578642395601641,252347439256, HMD, -0.13389, 1.17448, 0.35079, 0.47784, 0.02552, 0.87806, 0.00400
3759900,1578642395605560,1,1,1,1,0,1,1,1,1,0,0.10734558,-0.47491455,0.87345886,0.1131134,-0.44413757,0.88877869,32.41192627,-1.20053101,-29.60974121,-26.23558044,-0.8553009,-24.43563843,0,0.0,3.78672791,3.78672791,0.63984293,0.55716658,1578642395603411,252347456950, HMD, -0.13387, 1.17447, 0.35080, 0.47781, 0.02554, 0.87808, 0.00403
3759908,1578642395609559,1,1,1,1,0,1,1,1,1,0,0.11123657,-0.4823761,0.86885071,0.12275696,-0.42907715,0.8948822,32.45262146,-1.1424408,-29.89297485,-26.25250244,-0.88470459,-24.46913147,0,0.0,3.65185547,3.65185547,0.60270691,0.49259874,1578642395612962,252347552469, HMD, -0.13384, 1.17442, 0.35091, 0.47765, 0.02560, 0.87816, 0.00424
3759908,1578642395613567,1,1,1,1,0,1,1,1,1,0,0.11123657,-0.4823761,0.86885071,0.12275696,-0.42907715,0.8948822,32.45262146,-1.1424408,-29.89297485,-26.25250244,-0.88470459,-24.46913147,0,0.0,3.65185547,3.65185547,0.60270691,0.49259874,1578642395613501,252347557851, HMD, -0.13384, 1.17442, 0.35091, 0.47764, 0.02560, 0.87817, 0.00425
3759917,1578642395617571,1,1,1,1,0,1,1,1,1,0,0.10586548,-0.47273254,0.87481689,0.11601257,-0.42422485,0.89808655,32.46917725,-1.19747925,-29.70335388,-26.26992798,-0.90730286,-24.41088867,0,0.0,3.66036987,3.66036987,0.60270691,0.49259874,1578642395616194,252347584779, HMD, -0.13382, 1.17442, 0.35093, 0.47760, 0.02562, 0.87820, 0.00430
3759917,1578642395621564,1,1,1,1,0,1,1,1,1,0,0.10586548,-0.47273254,0.87481689,0.11601257,-0.42422485,0.89808655,32.46917725,-1.19747925,-29.70335388,-26.26992798,-0.90730286,-24.41088867,0,0.0,3.66036987,3.66036987,0.60270691,0.49259874,1578642395616194,252347584779, HMD, -0.13382, 1.17442, 0.35093, 0.47760, 0.02562, 0.87820, 0.00430
3759917,1578642395625558,1,1,1,1,0,1,1,1,1,0,0.10586548,-0.47273254,0.87481689,0.11601257,-0.42422485,0.89808655,32.46917725,-1.19747925,-29.70335388,-26.26992798,-0.90730286,-24.41088867,0,0.0,3.66036987,3.66036987,0.60270691,0.49259874,1578642395632295,252347745806, HMD, -0.13383, 1.17440, 0.35104, 0.47732, 0.02576, 0.87834, 0.00457
3759925,1578642395629557,1,1,1,1,0,1,1,1,1,0,0.11123657,-0.46386719,0.87889099,0.11729431,-0.43637085,0.89207458,32.47299194,-1.21177673,-29.64860535,-26.27728271,-0.90533447,-24.40228271,0,0.0,3.73815918,3.73815918,0.58862215,0.47721002,1578642395632295,252347745806, HMD, -0.13383, 1.17440, 0.35104, 0.47732, 0.02576, 0.87834, 0.00457
3759933,1578642395634558,1,1,1,1,0,1,1,1,1,0,0.11172485,-0.45387268,0.88401794,0.11433411,-0.43101501,0.89505005,32.47094727,-1.22132874,-29.60432434,-26.2809906,-0.9022522,-24.39691162,0,0.0,3.73922729,3.73922729,0.58862215,0.47721002,1578642395634581,252347768658, HMD, -0.13382, 1.17440, 0.35106, 0.47728, 0.02578, 0.87836, 0.00460
3759933,1578642395638555,1,1,1,1,0,1,1,1,1,0,0.11172485,-0.45387268,0.88401794,0.11433411,-0.43101501,0.89505005,32.47094727,-1.22132874,-29.60432434,-26.2809906,-0.9022522,-24.39691162,0,0.0,3.73922729,3.73922729,0.58862215,0.47721002,1578642395635566,252347778502, HMD, -0.13381, 1.17439, 0.35107, 0.47727, 0.02579, 0.87836, 0.00461
3759942,1578642395642550,1,1,1,1,0,1,1,1,1,0,0.11219788,-0.44548035,0.88821411,0.11135864,-0.42546082,0.89808655,32.46891785,-1.23088074,-29.56004333,-26.28469849,-0.90008545,-24.39154053,0,0.0,3.74073792,3.74073792,0.58205694,0.47028255,1578642395645588,252347878732, HMD, -0.13373, 1.17437, 0.35111, 0.47713, 0.02588, 0.87844, 0.00470
3759942,1578642395646543,1,1,1,1,0,1,1,1,1,0,0.11219788,-0.44548035,0.88821411,0.11135864,-0.42546082,0.89808655,32.46891785,-1.23088074,-29.56004333,-26.28469849,-0.90008545,-24.39154053,0,0.0,3.74073792,3.74073792,0.58205694,0.47028255,1578642395646508,252347887927, HMD, -0.13372, 1.17437, 0.35112, 0.47712, 0.02589, 0.87845, 0.00471
3759950,1578642395650546,1,1,1,1,0,1,1,1,1,0,0.10978699,-0.45373535,0.88433838,0.1116333,-0.42828369,0.89671326,32.46871948,-1.227005,-29.56286621,-26.28858948,-0.90270996,-24.38624573,0,0.0,3.72775269,3.72775269,0.58205694,0.47028255,1578642395648826,252347911108, HMD, -0.13371, 1.17437, 0.35113, 0.47709, 0.02591, 0.87846, 0.00472
3759950,1578642395654538,1,1,1,1,0,1,1,1,1,0,0.10978699,-0.45373535,0.88433838,0.1116333,-0.42828369,0.89671326,32.46871948,-1.227005,-29.56286621,-26.28858948,-0.90270996,-24.38624573,0,0.0,3.72775269,3.72775269,0.58205694,0.47028255,1578642395657778,252348000631, HMD, -0.13369, 1.17435, 0.35117, 0.47702, 0.02599, 0.87849, 0.00480
3759958,1578642395658556,1,1,1,1,0,1,1,1,1,0,0.110672,-0.45709229,0.88249207,0.11213684,-0.42724609,0.8971405,32.46891785,-1.23088074,-29.56004333,-26.29246521,-0.90533447,-24.38096619,0,0.0,3.72521973,3.72521973,0.59030592,0.46402872,1578642395658499,252348007830, HMD, -0.13368, 1.17435, 0.35118, 0.47702, 0.02600, 0.87850, 0.00481
3759958,1578642395663536,1,1,1,1,0,1,1,1,1,0,0.110672,-0.45709229,0.88249207,0.11213684,-0.42724609,0.8971405,32.46891785,-1.23088074,-29.56004333,-26.29246521,-0.90533447,-24.38096619,0,0.0,3.72521973,3.72521973,0.59030592,0.46402872,1578642395661040,252348033240, HMD, -0.13366, 1.17435, 0.35118, 0.47700, 0.02601, 0.87850, 0.00481
3759967,1578642395667545,1,1,1,1,0,1,1,1,1,0,0.11024475,-0.45556641,0.88334656,0.11042786,-0.42637634,0.89776611,32.47085571,-1.23092651,-29.55892944,-26.29696655,-0.9070282,-24.37075806,0,0.0,3.72006226,3.72006226,0.59030592,0.46402872,1578642395670305,252348125903, HMD, -0.13363, 1.17435, 0.35121, 0.47696, 0.02607, 0.87852, 0.00483
3759967,1578642395671537,1,1,1,1,0,1,1,1,1,0,0.11024475,-0.45556641,0.88334656,0.11042786,-0.42637634,0.89776611,32.47085571,-1.23092651,-29.55892944,-26.29696655,-0.9070282,-24.37075806,0,0.0,3.72006226,3.72006226,0.59030592,0.46402872,1578642395671509,252348137937, HMD, -0.13363, 1.17435, 0.35122, 0.47696, 0.02607, 0.87853, 0.00483
3759967,1578642395675545,1,1,1,1,0,1,1,1,1,0,0.11024475,-0.45556641,0.88334656,0.11042786,-0.42637634,0.89776611,32.47085571,-1.23092651,-29.55892944,-26.29696655,-0.9070282,-24.37075806,0,0.0,3.72006226,3.72006226,0.59030592,0.46402872,1578642395673585,252348158692, HMD, -0.13362, 1.17435, 0.35122, 0.47695, 0.02608, 0.87853, 0.00484
3759975,1578642395679533,1,1,1,1,0,1,1,1,1,0,0.1098175,-0.45405579,0.88417053,0.10853577,-0.42712402,0.89764404,32.47280884,-1.23097229,-29.55780029,-26.30145264,-0.90872192,-24.36056519,0,0.0,3.71456909,3.71456909,0.58845472,0.47861111,1578642395682035,252348243195, HMD, -0.13359, 1.17435, 0.35125, 0.47693, 0.02612, 0.87854, 0.00482
3759983,1578642395683549,1,1,1,1,0,1,1,1,1,0,0.1098175,-0.45405579,0.88417053,0.10853577,-0.42712402,0.89764404,32.47280884,-1.23097229,-29.55780029,-26.30145264,-0.90872192,-24.36056519,0,0.0,3.71456909,3.71456909,0.58845472,0.47861111,1578642395683603,252348258878, HMD, -0.13358, 1.17435, 0.35125, 0.47693, 0.02612, 0.87854, 0.00481
3759983,1578642395687534,1,1,1,1,0,1,1,1,1,0,0.10992432,-0.45281982,0.88479614,0.10983276,-0.42675781,0.8976593,32.47290039,-1.23114014,-29.54673767,-26.30969238,-0.91238403,-24.35993958,0,0.0,3.70179749,3.70179749,0.58845472,0.47861111,1578642395685841,252348281253, HMD, -0.13357, 1.17435, 0.35126, 0.47693, 0.02612, 0.87854, 0.00480
3759992,1578642395692569,1,1,1,1,0,1,1,1,1,0,0.10997009,-0.45542908,0.88343811,0.11102295,-0.42567444,0.89802551,32.47299194,-1.23130798,-29.53565979,-26.31793213,-0.91603088,-24.35931396,0,0.0,3.68891907,3.68891907,0.59685677,0.4974716,1578642395696461,252348387458, HMD, -0.13354, 1.17436, 0.35125, 0.47696, 0.02613, 0.87852, 0.00472
3759992,1578642395696541,1,1,1,1,0,1,1,1,1,0,0.10997009,-0.45542908,0.88343811,0.11102295,-0.42567444,0.89802551,32.47299194,-1.23130798,-29.53565979,-26.31793213,-0.91603088,-24.35931396,0,0.0,3.68891907,3.68891907,0.59685677,0.4974716,1578642395696461,252348387458, HMD, -0.13354, 1.17436, 0.35125, 0.47696, 0.02613, 0.87852, 0.00472
3760000,1578642395700535,1,1,1,1,0,1,1,1,1,0,0.11018372,-0.4543457,0.88397217,0.11248779,-0.42536926,0.897995,32.47521973,-1.23603821,-29.53463745,-26.32528687,-0.92073059,-24.35443115,0,0.0,3.6784668,3.6784668,0.59685677,0.4974716,1578642395699555,252348418399, HMD, -0.13354, 1.17437, 0.35126, 0.47698, 0.02613, 0.87852, 0.00468
3760000,1578642395704540,1,1,1,1,0,1,1,1,1,0,0.11018372,-0.4543457,0.88397217,0.11248779,-0.42536926,0.897995,32.47521973,-1.23603821,-29.53463745,-26.32528687,-0.92073059,-24.35443115,0,0.0,3.6784668,3.6784668,0.59685677,0.4974716,1578642395699555,252348418399, HMD, -0.13354, 1.17437, 0.35126, 0.47698, 0.02613, 0.87852, 0.00468
3760008,1578642395708543,1,1,1,1,0,1,1,1,1,0,0.11032104,-0.45501709,0.88360596,0.11387634,-0.4249115,0.89802551,32.47744751,-1.23130798,-29.53565979,-26.3326416,-0.9254303,-24.34953308,0,0.0,3.68283081,3.68283081,0.586595,0.48653194,1578642395710402,252348526876, HMD, -0.13355, 1.17440, 0.35127, 0.47702, 0.02615, 0.87849, 0.00453
3760008,1578642395712533,1,1,1,1,0,1,1,1,1,0,0.11032104,-0.45501709,0.88360596,0.11387634,-0.4249115,0.89802551,32.47744751,-1.23130798,-29.53565979,-26.3326416,-0.9254303,-24.34953308,0,0.0,3.68283081,3.68283081,0.586595,0.48653194,1578642395712495,252348547798, HMD, -0.13355, 1.17441, 0.35127, 0.47703, 0.02616, 0.87848, 0.00450
3760008,1578642395717522,1,1,1,1,0,1,1,1,1,0,0.11032104,-0.45501709,0.88360596,0.11387634,-0.4249115,0.89802551,32.47744751,-1.23130798,-29.53565979,-26.3326416,-0.9254303,-24.34953308,0,0.0,3.68283081,3.68283081,0.586595,0.48653194,1578642395713970,252348562541, HMD, -0.13355, 1.17441, 0.35127, 0.47705, 0.02616, 0.87848, 0.00447
3760017,1578642395725518,1,1,1,1,0,1,1,1,1,0,0.10968018,-0.45259094,0.88493347,0.11538696,-0.42779541,0.89646912,32.48036194,-1.23114014,-29.54579163,-26.33877563,-0.931427,-24.2878418,0,0.0,3.68527222,3.68527222,0.586595,0.48653194,1578642395726128,252348684143, HMD, -0.13347, 1.17442, 0.35126, 0.47716, 0.02622, 0.87841, 0.00423
3760025,1578642395729538,1,1,1,1,0,1,1,1,1,0,0.11338806,-0.44940186,0.88609314,0.11853027,-0.43301392,0.89353943,32.50521851,-1.15719604,-29.64616394,-26.39375305,-0.90544128,-24.22688293,0,0.0,3.65391541,3.65391541,0.59560335,0.49937057,1578642395729526,252348718102, HMD, -0.13347, 1.17441, 0.35125, 0.47721, 0.02624, 0.87839, 0.00419
3760025,1578642395733515,1,1,1,1,0,1,1,1,1,0,0.11338806,-0.44940186,0.88609314,0.11853027,-0.43301392,0.89353943,32.50521851,-1.15719604,-29.64616394,-26.39375305,-0.90544128,-24.22688293,0,0.0,3.65391541,3.65391541,0.59560335,0.49937057,1578642395730303,252348725873, HMD, -0.13347, 1.17442, 0.35125, 0.47721, 0.02624, 0.87839, 0.00417
3760033,1578642395737522,1,1,1,1,0,1,1,1,1,0,0.12361145,-0.43765259,0.89059448,0.1065979,-0.39598083,0.91203308,32.46673584,-1.21318054,-28.99182129,-26.35600281,-0.75920105,-24.13395691,0,0.0,3.63735962,3.63735962,0.59560335,0.49937057,1578642395739286,252348815731, HMD, -0.13343, 1.17444, 0.35124, 0.47734, 0.02627, 0.87832, 0.00401
3760042,1578642395741511,1,1,1,1,0,1,1,1,1,0,0.12361145,-0.43765259,0.89059448,0.1065979,-0.39598083,0.91203308,32.46673584,-1.21318054,-28.99182129,-26.35600281,-0.75920105,-24.13395691,0,0.0,3.63735962,3.63735962,0.58771038,0.50480443,1578642395741436,252348837204, HMD, -0.13345, 1.17444, 0.35124, 0.47735, 0.02629, 0.87831, 0.00397
3760042,1578642395745526,1,1,1,1,0,1,1,1,1,0,0.11515808,-0.38082886,0.91743469,0.09780884,-0.35932922,0.92805481,32.42797852,-0.78720093,-29.44169617,-26.27874756,-0.39855957,-24.37261963,0,0.0,3.79362488,3.79362488,0.58771038,0.50480443,1578642395742754,252348850383, HMD, -0.13344, 1.17445, 0.35124, 0.47737, 0.02629, 0.87830, 0.00395
3760050,1578642395749521,1,1,1,1,0,1,1,1,1,0,0.11515808,-0.38082886,0.91743469,0.09780884,-0.35932922,0.92805481,32.42797852,-0.78720093,-29.44169617,-26.27874756,-0.39855957,-24.37261963,0,0.0,3.79362488,3.79362488,0.58771038,0.50480443,1578642395753032,252348953228, HMD, -0.13344, 1.17447, 0.35121, 0.47750, 0.02637, 0.87823, 0.00377
3760050,1578642395753519,1,1,1,1,0,1,1,1,1,0,0.12202454,-0.31190491,0.94223022,0.10173035,-0.28320313,0.9536438,32.37545776,-0.49224854,-29.37744141,-26.19334412,-0.0773468,-24.39776611,0,0.0,3.69702148,3.69702148,0.58771038,0.50480443,1578642395753466,252348957505, HMD, -0.13344, 1.17447, 0.35121, 0.47750, 0.02637, 0.87823, 0.00377
3760050,1578642395757525,1,1,1,1,0,1,1,1,1,0,0.12202454,-0.31190491,0.94223022,0.10173035,-0.28320313,0.9536438,32.37545776,-0.49224854,-29.37744141,-26.19334412,-0.0773468,-24.39776611,0,0.0,3.69702148,3.69702148,0.58771038,0.50480443,1578642395756425,252348987091, HMD, -0.13344, 1.17448, 0.35120, 0.47754, 0.02638, 0.87820, 0.00373
3760058,1578642395761524,1,1,1,1,0,1,1,1,1,0,0.11399841,-0.24745178,0.9621582,0.11036682,-0.19204712,0.97515869,32.36724854,-0.30072021,-29.12335205,-26.1003418,0.19947815,-24.32855225,0,0.0,3.66841125,3.66841125,0.61758512,0.47990847,1578642395756425,252348987091, HMD, -0.13344, 1.17448, 0.35120, 0.47754, 0.02638, 0.87820, 0.00373
3760058,1578642395767515,1,1,1,1,0,1,1,1,1,0,0.11399841,-0.24745178,0.9621582,0.11036682,-0.19204712,0.97515869,32.36724854,-0.30072021,-29.12335205,-26.1003418,0.19947815,-24.32855225,0,0.0,3.66841125,3.66841125,0.61758512,0.47990847,1578642395769067,252349113532, HMD, -0.13344, 1.17453, 0.35120, 0.47769, 0.02648, 0.87812, 0.00354
3760067,1578642395771516,1,1,1,1,0,1,1,1,1,0,0.11686707,-0.1632843,0.97961426,0.12913513,-0.17727661,0.97564697,32.41003418,0.07632446,-29.68913269,-26.09918213,0.4954834,-24.59080505,0,0.0,3.87905884,3.87905884,0.61758512,0.47990847,1578642395771435,252349137190, HMD, -0.13343, 1.17457, 0.35116, 0.47773, 0.02650, 0.87810, 0.00350
3760075,1578642395778511,1,1,1,1,0,1,1,1,1,0,0.13995361,-0.14108276,0.9800415,0.13334656,-0.14923096,0.97975159,32.36309814,-0.1137085,-28.82496643,-26.07875061,0.56077576,-24.45918274,0,0.0,3.90803528,3.90803528,0.77434719,0.61677051,1578642395772319,252349146030, HMD, -0.13343, 1.17457, 0.35116, 0.47774, 0.02651, 0.87810, 0.00349
3760075,1578642395782511,1,1,1,1,0,1,1,1,1,0,0.13995361,-0.14108276,0.9800415,0.13334656,-0.14923096,0.97975159,32.36309814,-0.1137085,-28.82496643,-26.07875061,0.56077576,-24.45918274,0,0.0,3.90803528,3.90803528,0.77434719,0.61677051,1578642395791440,252349337252, HMD, -0.13348, 1.17466, 0.35107, 0.47796, 0.02663, 0.87797, 0.00322
3760083,1578642395790518,1,1,1,1,0,1,1,1,1,0,0.11663818,-0.13726807,0.98362732,0.11968994,-0.12512207,0.9848938,32.46131897,0.23049927,-29.97634888,-26.08598328,0.52479553,-24.27346802,0,0.0,3.87353516,3.87353516,0.77434719,0.61677051,1578642395791440,252349337252, HMD, -0.13348, 1.17466, 0.35107, 0.47796, 0.02663, 0.87797, 0.00322
3760092,1578642395794507,1,1,1,1,0,1,1,1,1,0,0.11903381,-0.13796997,0.98324585,0.12683105,-0.12904358,0.98348999,32.48631287,0.18276978,-29.9041748,-26.1116333,0.49226379,-24.18647766,0,0.0,3.82388306,3.82388306,0.86375648,0.71682602,1578642395794483,252349367673, HMD, -0.13348, 1.17467, 0.35106, 0.47799, 0.02664, 0.87795, 0.00318
3760092,1578642395799507,1,1,1,1,0,1,1,1,1,0,0.11317444,-0.13299561,0.98461914,0.1307373,-0.1330719,0.98243713,32.52035522,0.11433411,-29.76242065,-26.12028503,0.36746216,-23.67938232,0,0.0,3.91671753,3.91671753,0.86375648,0.71682602,1578642395794613,252349368974, HMD, -0.13348, 1.17467, 0.35106, 0.47799, 0.02664, 0.87795, 0.00318
3760100,1578642395803509,1,1,1,1,0,1,1,1,1,0,0.11317444,-0.13299561,0.98461914,0.1307373,-0.1330719,0.98243713,32.52035522,0.11433411,-29.76242065,-26.12028503,0.36746216,-23.67938232,0,0.0,3.91671753,3.91671753,0.86375648,0.71682602,1578642395805583,252349478688, HMD, -0.13350, 1.17469, 0.35101, 0.47811, 0.02667, 0.87789, 0.00307
3760100,1578642395807511,1,1,1,1,0,1,1,1,1,0,0.11317444,-0.13299561,0.98461914,0.1307373,-0.1330719,0.98243713,32.52035522,0.11433411,-29.76242065,-26.12028503,0.36746216,-23.67938232,0,0.0,3.91671753,3.91671753,0.86375648,0.71682602,1578642395807518,252349498028, HMD, -0.13349, 1.17469, 0.35100, 0.47813, 0.02667, 0.87788, 0.00305
3760108,1578642395811500,1,1,1,1,0,1,1,1,1,0,0.10871887,-0.12986755,0.98554993,0.13046265,-0.13143921,0.98269653,32.54283142,0.06729126,-29.66905212,-26.1521759,0.36703491,-23.84667969,0,0.0,3.94293213,3.94293213,0.94017202,0.82986349,1578642395808666,252349509507, HMD, -0.13349, 1.17470, 0.35100, 0.47816, 0.02668, 0.87786, 0.00306
3760108,1578642395815503,1,1,1,1,0,1,1,1,1,0,0.10871887,-0.12986755,0.98554993,0.13046265,-0.13143921,0.98269653,32.54283142,0.06729126,-29.66905212,-26.1521759,0.36703491,-23.84667969,0,0.0,3.94293213,3.94293213,0.94017202,0.82986349,1578642395818447,252349607363, HMD, -0.13345, 1.17470, 0.35096, 0.47827, 0.02666, 0.87780, 0.00299
3760117,1578642395819503,1,1,1,1,0,1,1,1,1,0,0.11732483,-0.13545227,0.98379517,0.12620544,-0.12811279,0.98368835,32.56468201,0.09892273,-29.78700256,-26.16925049,0.3523407,-23.8155365,0,0.0,3.88534546,3.88534546,0.94017202,0.82986349,1578642395819487,252349617719, HMD, -0.13345, 1.17470, 0.35096, 0.47829, 0.02665, 0.87779, 0.00299
3760117,1578642395823500,1,1,1,1,0,1,1,1,1,0,0.11732483,-0.13545227,0.98379517,0.12620544,-0.12811279,0.98368835,32.56468201,0.09892273,-29.78700256,-26.16925049,0.3523407,-23.8155365,0,0.0,3.88534546,3.88534546,0.94017202,0.82986349,1578642395822843,252349651272, HMD, -0.13345, 1.17470, 0.35094, 0.47832, 0.02664, 0.87778, 0.00297
3760125,1578642395828501,1,1,1,1,0,1,1,1,1,0,0.11758423,-0.13279724,0.98413086,0.12982178,-0.13116455,0.9828186,32.58389282,0.12547302,-29.87892151,-26.17512512,0.35705566,-23.82984924,0,0.0,3.89323425,3.89323425,0.95759708,0.85526836,1578642395832095,252349743803, HMD, -0.13342, 1.17471, 0.35090, 0.47840, 0.02660, 0.87773, 0.00295
3760125,1578642395832494,1,1,1,1,0,1,1,1,1,0,0.11758423,-0.13279724,0.98413086,0.12982178,-0.13116455,0.9828186,32.58389282,0.12547302,-29.87892151,-26.17512512,0.35705566,-23.82984924,0,0.0,3.89323425,3.89323425,0.95759708,0.85526836,1578642395832430,252349747141, HMD, -0.13342, 1.17471, 0.35090, 0.47841, 0.02660, 0.87773, 0.00295
3760133,1578642395836499,1,1,1,1,0,1,1,1,1,0,0.12171936,-0.13424683,0.98342896,0.12879944,-0.13494873,0.98243713,32.60626221,0.12164307,-29.86495972,-26.1809845,0.36106873,-23.83203125,0,0.0,3.94316101,3.94316101,0.95759708,0.85526836,1578642395835356,252349776402, HMD, -0.13341, 1.17470, 0.35089, 0.47842, 0.02658, 0.87772, 0.00294
3760133,1578642395840548,1,1,1,1,0,1,1,1,1,0,0.12171936,-0.13424683,0.98342896,0.12879944,-0.13494873,0.98243713,32.60626221,0.12164307,-29.86495972,-26.1809845,0.36106873,-23.83203125,0,0.0,3.94316101,3.94316101,0.95759708,0.85526836,1578642395835356,252349776402, HMD, -0.13341, 1.17470, 0.35089, 0.47842, 0.02658, 0.87772, 0.00294
3760142,1578642395844494,1,1,1,1,0,1,1,1,1,0,0.12141418,-0.13859558,0.98286438,0.13037109,-0.13517761,0.98219299,32.62834167,0.08908081,-29.75944519,-26.1849823,0.35670471,-23.8237915,0,0.0,3.93974304,3.93974304,0.9615103,0.87976396,1578642395848312,252349905968, HMD, -0.13337, 1.17468, 0.35083, 0.47848, 0.02651, 0.87769, 0.00283
3760142,1578642395848489,1,1,1,1,0,1,1,1,1,0,0.12141418,-0.13859558,0.98286438,0.13037109,-0.13517761,0.98219299,32.62834167,0.08908081,-29.75944519,-26.1849823,0.35670471,-23.8237915,0,0.0,3.93974304,3.93974304,0.9615103,0.87976396,1578642395848438,252349907226, HMD, -0.13337, 1.17468, 0.35083, 0.47848, 0.02651, 0.87769, 0.00283
3760150,1578642395852529,1,1,1,1,0,1,1,1,1,0,0.12208557,-0.13395691,0.98342896,0.13095093,-0.13383484,0.9822998,32.64814758,0.05281067,-29.64250183,-26.18896484,0.3523407,-23.8155365,0,0.0,3.91047668,3.91047668,0.9615103,0.87976396,1578642395851250,252349935346, HMD, -0.13334, 1.17470, 0.35079, 0.47848, 0.02650, 0.87769, 0.00283
3760158,1578642395857478,1,1,1,1,0,1,1,1,1,0,0.12208557,-0.13395691,0.98342896,0.13095093,-0.13383484,0.9822998,32.64814758,0.05281067,-29.64250183,-26.18896484,0.3523407,-23.8155365,0,0.0,3.91047668,3.91047668,0.96833462,0.88973051,1578642395859911,252350021956, HMD, -0.13335, 1.17471, 0.35077, 0.47848, 0.02645, 0.87769, 0.00273
3760158,1578642395861481,1,1,1,1,0,1,1,1,1,0,0.11479187,-0.12953186,0.9848938,0.1313324,-0.1350708,0.98208618,32.66096497,0.0223999,-29.53637695,-26.19232178,0.35198975,-23.80761719,0,0.0,3.92996216,3.92996216,0.96833462,0.88973051,1578642395861384,252350036679, HMD, -0.13335, 1.17471, 0.35077, 0.47848, 0.02645, 0.87770, 0.00271
3760158,1578642395865516,1,1,1,1,0,1,1,1,1,0,0.11479187,-0.12953186,0.9848938,0.1313324,-0.1350708,0.98208618,32.66096497,0.0223999,-29.53637695,-26.19232178,0.35198975,-23.80761719,0,0.0,3.92996216,3.92996216,0.96833462,0.88973051,1578642395863570,252350058540, HMD, -0.13335, 1.17471, 0.35076, 0.47847, 0.02642, 0.87770, 0.00269
3760167,1578642395869472,1,1,1,1,0,1,1,1,1,0,0.11940002,-0.12947083,0.98435974,0.13172913,-0.13490295,0.98205566,32.67100525,0.01179504,-29.49331665,-26.19567871,0.3523407,-23.79969788,0,0.0,3.92778015,3.92778015,0.96833462,0.88973051,1578642395872820,252350151063, HMD, -0.13336, 1.17472, 0.35074, 0.47845, 0.02637, 0.87771, 0.00259
3760167,1578642395873492,1,1,1,1,0,1,1,1,1,0,0.11940002,-0.12947083,0.98435974,0.13172913,-0.13490295,0.98205566,32.67100525,0.01179504,-29.49331665,-26.19567871,0.3523407,-23.79969788,0,0.0,3.92778015,3.92778015,0.96833462,0.88973051,1578642395873484,252350157690, HMD, -0.13336, 1.17472, 0.35074, 0.47845, 0.02636, 0.87772, 0.00258
3760175,1578642395877482,1,1,1,1,0,1,1,1,1,0,0.11613464,-0.12947083,0.98475647,0.12971497,-0.13607788,0.98216248,32.67301941,0.00408936,-29.4654541,-26.19682312,0.35670471,-23.79606628,0,0.0,3.93708801,3.93708801,0.98374921,0.90595573,1578642395876002,252350182859, HMD, -0.13335, 1.17472, 0.35073, 0.47844, 0.02634, 0.87772, 0.00255
3760175,1578642395881464,1,1,1,1,0,1,1,1,1,0,0.11613464,-0.12947083,0.98475647,0.12971497,-0.13607788,0.98216248,32.67301941,0.00408936,-29.4654541,-26.19682312,0.35670471,-23.79606628,0,0.0,3.93708801,3.93708801,0.98374921,0.90595573,1578642395884414,252350267000, HMD, -0.13335, 1.17474, 0.35070, 0.47840, 0.02626, 0.87775, 0.00243
3760183,1578642395885492,1,1,1,1,0,1,1,1,1,0,0.11851501,-0.12886047,0.98454285,0.12753296,-0.13696289,0.98233032,32.67503357,0.00149536,-29.46755981,-26.19796753,0.36106873,-23.79969788,0,0.0,3.92845154,3.92845154,0.98374921,0.90595573,1578642395885435,252350277191, HMD, -0.13335, 1.17474, 0.35070, 0.47839, 0.02625, 0.87775, 0.00243
3760183,1578642395889477,1,1,1,1,0,1,1,1,1,0,0.11851501,-0.12886047,0.98454285,0.12753296,-0.13696289,0.98233032,32.67503357,0.00149536,-29.46755981,-26.19796753,0.36106873,-23.79969788,0,0.0,3.92845154,3.92845154,0.98374921,0.90595573,1578642395888223,252350305077, HMD, -0.13335, 1.17475, 0.35069, 0.47837, 0.02622, 0.87776, 0.00240
3760192,1578642395893471,1,1,1,1,0,1,1,1,1,0,0.11921692,-0.12937927,0.98439026,0.12742615,-0.13760376,0.98225403,32.6786499,0.0043335,-29.48043823,-26.19816589,0.36141968,-23.80278015,0,0.0,3.91470337,3.91470337,0.98610407,0.92669117,1578642395897334,252350396194, HMD, -0.13334, 1.17476, 0.35071, 0.47832, 0.02610, 0.87779, 0.00235
3760192,1578642395898463,1,1,1,1,0,1,1,1,1,0,0.11921692,-0.12937927,0.98439026,0.12742615,-0.13760376,0.98225403,32.6786499,0.0043335,-29.48043823,-26.19816589,0.36141968,-23.80278015,0,0.0,3.91470337,3.91470337,0.98610407,0.92669117,1578642395898518,252350408023, HMD, -0.13334, 1.17476, 0.35070, 0.47832, 0.02608, 0.87780, 0.00233
3760200,1578642395902486,1,1,1,1,0,1,1,1,1,0,0.11981201,-0.12910461,0.98435974,0.12728882,-0.13807678,0.98219299,32.68226624,0.00440979,-29.49331665,-26.198349,0.36106873,-23.80587769,0,0.0,3.92773438,3.92773438,0.98610407,0.92669117,1578642395900380,252350426648, HMD, -0.13330, 1.17475, 0.35070, 0.47830, 0.02608, 0.87781, 0.00231
3760200,1578642395906470,1,1,1,1,0,1,1,1,1,0,0.11981201,-0.12910461,0.98435974,0.12728882,-0.13807678,0.98219299,32.68226624,0.00440979,-29.49331665,-26.198349,0.36106873,-23.80587769,0,0.0,3.92773438,3.92773438,0.98610407,0.92669117,1578642395910460,252350527455, HMD, -0.13329, 1.17477, 0.35068, 0.47823, 0.02595, 0.87785, 0.00224
3760200,1578642395910460,1,1,1,1,0,1,1,1,1,0,0.11953735,-0.13070679,0.98417664,0.12625122,-0.1383667,0.98228455,32.68431091,0.00294495,-29.50175476,-26.19961548,0.35903931,-23.80445862,0,0.0,3.93592834,3.93592834,0.98610407,0.92669117,1578642395910460,252350527455, HMD, -0.13329, 1.17477, 0.35068, 0.47823, 0.02595, 0.87785, 0.00224
3760208,1578642395914457,1,1,1,1,0,1,1,1,1,0,0.11953735,-0.13070679,0.98417664,0.12625122,-0.1383667,0.98228455,32.68431091,0.00294495,-29.50175476,-26.19961548,0.35903931,-23.80445862,0,0.0,3.93592834,3.93592834,0.9989444,0.92207593,1578642395913377,252350556609, HMD, -0.13329, 1.17477, 0.35068, 0.47821, 0.02591, 0.87786, 0.00221
3760217,1578642395918464,1,1,1,1,0,1,1,1,1,0,0.11933899,-0.13247681,0.98396301,0.12519836,-0.13793945,0.98248291,32.68637085,0.00149536,-29.51017761,-26.20088196,0.35702515,-23.80587769,0,0.0,3.92604065,3.92604065,0.9989444,0.92207593,1578642395921694,252350639793, HMD, -0.13332, 1.17482, 0.35068, 0.47813, 0.02583, 0.87791, 0.00214
3760217,1578642395922465,1,1,1,1,0,1,1,1,1,0,0.11933899,-0.13247681,0.98396301,0.12519836,-0.13793945,0.98248291,32.68637085,0.00149536,-29.51017761,-26.20088196,0.35702515,-23.80587769,0,0.0,3.92604065,3.92604065,0.9989444,0.92207593,1578642395922520,252350648045, HMD, -0.13332, 1.17483, 0.35067, 0.47812, 0.02582, 0.87791, 0.00213
3760225,1578642395926473,1,1,1,1,0,1,1,1,1,0,0.12002563,-0.1341095,0.98365784,0.12583923,-0.13761902,0.98245239,32.68890381,-0.00105286,-29.50175476,-26.20401001,0.35713196,-23.80610657,0,0.0,3.93461609,3.93461609,1.0,1.0,1578642395924976,252350672599, HMD, -0.13331, 1.17483, 0.35067, 0.47810, 0.02580, 0.87792, 0.00210
3760225,1578642395930473,1,1,1,1,0,1,1,1,1,0,0.12002563,-0.1341095,0.98365784,0.12583923,-0.13761902,0.98245239,32.68890381,-0.00105286,-29.50175476,-26.20401001,0.35713196,-23.80610657,0,0.0,3.93461609,3.93461609,1.0,1.0,1578642395934980,252350772654, HMD, -0.13329, 1.17485, 0.35067, 0.47800, 0.02575, 0.87798, 0.00202
3760233,1578642395934454,1,1,1,1,0,1,1,1,1,0,0.11811829,-0.13529968,0.98373413,0.12654114,-0.13720703,0.98242188,32.69145203,-0.00360107,-29.50204468,-26.20713806,0.35702515,-23.80587769,0,0.0,3.92523193,3.92523193,1.0,1.0,1578642395934980,252350772654, HMD, -0.13329, 1.17485, 0.35067, 0.47800, 0.02575, 0.87798, 0.00202
3760233,1578642395938469,1,1,1,1,0,1,1,1,1,0,0.11811829,-0.13529968,0.98373413,0.12654114,-0.13720703,0.98242188,32.69145203,-0.00360107,-29.50204468,-26.20713806,0.35702515,-23.80587769,0,0.0,3.92523193,3.92523193,1.0,1.0,1578642395938219,252350805033, HMD, -0.13328, 1.17487, 0.35067, 0.47797, 0.02574, 0.87800, 0.00199
3760242,1578642395942452,1,1,1,1,0,1,1,1,1,0,0.11877441,-0.13394165,0.98384094,0.12770081,-0.13818359,0.98213196,32.69390869,-0.00476074,-29.50611877,-26.21434021,0.35702515,-23.80303955,0,0.0,3.93444824,3.93444824,1.0,1.0,1578642395938219,252350805033, HMD, -0.13328, 1.17487, 0.35067, 0.47797, 0.02574, 0.87800, 0.00199
3760242,1578642395947456,1,1,1,1,0,1,1,1,1,0,0.11877441,-0.13394165,0.98384094,0.12770081,-0.13818359,0.98213196,32.69390869,-0.00476074,-29.50611877,-26.21434021,0.35702515,-23.80303955,0,0.0,3.93444824,3.93444824,1.0,1.0,1578642395951727,252350940142, HMD, -0.13329, 1.17492, 0.35067, 0.47781, 0.02574, 0.87809, 0.00185
3760250,1578642395951471,1,1,1,1,0,1,1,1,1,0,0.11941528,-0.13395691,0.98374939,0.12792969,-0.13763428,0.98217773,32.69638062,-0.00593567,-29.51017761,-26.22335815,0.35398865,-23.79969788,0,0.0,3.94224548,3.94224548,1.0,1.0,1578642395951727,252350940142, HMD, -0.13329, 1.17492, 0.35067, 0.47781, 0.02574, 0.87809, 0.00185
3760250,1578642395955442,1,1,1,1,0,1,1,1,1,0,0.11941528,-0.13395691,0.98374939,0.12792969,-0.13763428,0.98217773,32.69638062,-0.00593567,-29.51017761,-26.22335815,0.35398865,-23.79969788,0,0.0,3.94224548,3.94224548,1.0,1.0,1578642395955299,252350975835, HMD, -0.13328, 1.17493, 0.35067, 0.47776, 0.02574, 0.87811, 0.00178
3760258,1578642395959461,1,1,1,1,0,1,1,1,1,0,0.12117004,-0.13645935,0.98320007,0.12826538,-0.13702393,0.98222351,32.73548889,-0.01676941,-29.5710144,-26.23153687,0.35296631,-23.79243469,0,0.0,3.83790588,3.83790588,1.0,1.0,1578642395955299,252350975835, HMD, -0.13328, 1.17493, 0.35067, 0.47776, 0.02574, 0.87811, 0.00178
3760258,1578642395963449,1,1,1,1,0,1,1,1,1,0,0.12117004,-0.13645935,0.98320007,0.12826538,-0.13702393,0.98222351,32.73548889,-0.01676941,-29.5710144,-26.23153687,0.35296631,-23.79243469,0,0.0,3.83790588,3.83790588,1.0,1.0,1578642395964392,252351066765, HMD, -0.13321, 1.17494, 0.35064, 0.47764, 0.02577, 0.87817, 0.00163
3760267,1578642395967459,1,1,1,1,0,1,1,1,1,0,0.10932922,-0.12895203,0.9855957,0.12983704,-0.13819885,0.98184204,32.741745,-0.03457642,-29.53527832,-26.23931885,0.35296631,-23.78598022,0,0.0,3.88568115,3.88568115,1.0,1.0,1578642395967523,252351098079, HMD, -0.13321, 1.17495, 0.35063, 0.47760, 0.02578, 0.87820, 0.00158
3760267,1578642395971452,1,1,1,1,0,1,1,1,1,0,0.10932922,-0.12895203,0.9855957,0.12983704,-0.13819885,0.98184204,32.741745,-0.03457642,-29.53527832,-26.23931885,0.35296631,-23.78598022,0,0.0,3.88568115,3.88568115,1.0,1.0,1578642395968104,252351103882, HMD, -0.13323, 1.17493, 0.35061, 0.47760, 0.02577, 0.87820, 0.00158
3760275,1578642395976437,1,1,1,1,0,1,1,1,1,0,0.10951233,-0.13108826,0.98529053,0.12950134,-0.1385498,0.98184204,32.74255371,-0.03594971,-29.53091431,-26.24713135,0.35296631,-23.78598022,0,0.0,3.85931396,3.85931396,1.0,1.0,1578642395977580,252351198648, HMD, -0.13321, 1.17497, 0.35061, 0.47750, 0.02582, 0.87825, 0.00139
3760275,1578642395980448,1,1,1,1,0,1,1,1,1,0,0.10951233,-0.13108826,0.98529053,0.12950134,-0.1385498,0.98184204,32.74255371,-0.03594971,-29.53091431,-26.24713135,0.35296631,-23.78598022,0,0.0,3.85931396,3.85931396,1.0,1.0,1578642395980405,252351226893, HMD, -0.13321, 1.17498, 0.35060, 0.47745, 0.02584, 0.87828, 0.00131
3760275,1578642395984446,1,1,1,1,0,1,1,1,1,0,0.10951233,-0.13108826,0.98529053,0.12950134,-0.1385498,0.98184204,32.74255371,-0.03594971,-29.53091431,-26.24713135,0.35296631,-23.78598022,0,0.0,3.85931396,3.85931396,1.0,1.0,1578642395980649,252351229337, HMD, -0.13321, 1.17498, 0.35060, 0.47745, 0.02584, 0.87828, 0.00131
3760283,1578642395988433,1,1,1,1,0,1,1,1,1,0,0.10958862,-0.13299561,0.98503113,0.12969971,-0.13858032,0.98181152,32.74334717,-0.037323,-29.52656555,-26.25344849,0.35296631,-23.78598022,0,0.0,3.85955811,3.85955811,1.0,1.0,1578642395990439,252351327247, HMD, -0.13320, 1.17500, 0.35059, 0.47734, 0.02587, 0.87834, 0.00111
3760283,1578642395992443,1,1,1,1,0,1,1,1,1,0,0.10958862,-0.13299561,0.98503113,0.12969971,-0.13858032,0.98181152,32.74334717,-0.037323,-29.52656555,-26.25344849,0.35296631,-23.78598022,0,0.0,3.85955811,3.85955811,1.0,1.0,1578642395992424,252351347089, HMD, -0.13320, 1.17501, 0.35059, 0.47731, 0.02588, 0.87835, 0.00105
3760292,1578642395996440,1,1,1,1,0,1,1,1,1,0,0.10922241,-0.13174438,0.98524475,0.12989807,-0.13835144,0.98181152,32.74404907,-0.03860474,-29.5254364,-26.25524902,0.35162354,-23.78598022,0,0.0,3.84654236,3.84654236,1.0,1.0,1578642395993653,252351359374, HMD, -0.13319, 1.17502, 0.35059, 0.47730, 0.02589, 0.87836, 0.00101
3760292,1578642396000436,1,1,1,1,0,1,1,1,1,0,0.10922241,-0.13174438,0.98524475,0.12989807,-0.13835144,0.98181152,32.74404907,-0.03860474,-29.5254364,-26.25524902,0.35162354,-23.78598022,0,0.0,3.84654236,3.84654236,1.0,1.0,1578642396005148,252351474373, HMD, -0.13317, 1.17507, 0.35058, 0.47713, 0.02595, 0.87845, 0.00069
3760300,1578642396004452,1,1,1,1,0,1,1,1,1,0,0.11553955,-0.13272095,0.98439026,0.12446594,-0.13809204,0.9825592,32.73805237,-0.0165863,-29.53504944,-26.25743103,0.34989929,-23.78536987,0,0.0,3.83587646,3.83587646,1.0,1.0,1578642396005148,252351474373, HMD, -0.13317, 1.17507, 0.35058, 0.47713, 0.02595, 0.87845, 0.00069
3760300,1578642396008440,1,1,1,1,0,1,1,1,1,0,0.11553955,-0.13272095,0.98439026,0.12446594,-0.13809204,0.9825592,32.73805237,-0.0165863,-29.53504944,-26.25743103,0.34989929,-23.78536987,0,0.0,3.83587646,3.83587646,1.0,1.0,1578642396008433,252351507170, HMD, -0.13318, 1.17507, 0.35056, 0.47708, 0.02598, 0.87848, 0.00062
3760308,1578642396012433,1,1,1,1,0,1,1,1,1,0,0.12026978,-0.13642883,0.98330688,0.11767578,-0.13581848,0.98370361,32.70506287,0.10722351,-29.55490112,-26.26196289,0.43118286,-23.70178223,0,0.0,3.78390503,3.78390503,1.0,1.0,1578642396008888,252351511727, HMD, -0.13318, 1.17507, 0.35056, 0.47707, 0.02598, 0.87848, 0.00059
3760317,1578642396016428,1,1,1,1,0,1,1,1,1,0,0.12026978,-0.13642883,0.98330688,0.11767578,-0.13581848,0.98370361,32.70506287,0.10722351,-29.55490112,-26.26196289,0.43118286,-23.70178223,0,0.0,3.78390503,3.78390503,1.0,1.0,1578642396008888,252351511727, HMD, -0.13318, 1.17507, 0.35056, 0.47707, 0.02598, 0.87848, 0.00059
3760317,1578642396020438,1,1,1,1,0,1,1,1,1,0,0.10865784,-0.08728027,0.99023438,0.12553406,-0.07434082,0.98928833,32.62443542,0.37744141,-29.92144775,-26.21890259,0.68878174,-23.99337769,0,0.0,3.67919922,3.67919922,1.0,1.0,1578642396024513,252351667984, HMD, -0.13310, 1.17513, 0.35055, 0.47681, 0.02611, 0.87862, 0.00017
3760317,1578642396024423,1,1,1,1,0,1,1,1,1,0,0.10865784,-0.08728027,0.99023438,0.12553406,-0.07434082,0.98928833,32.62443542,0.37744141,-29.92144775,-26.21890259,0.68878174,-23.99337769,0,0.0,3.67919922,3.67919922,1.0,1.0,1578642396024513,252351667984, HMD, -0.13310, 1.17513, 0.35055, 0.47681, 0.02611, 0.87862, 0.00017
3760325,1578642396028415,1,1,1,1,0,1,1,1,1,0,0.10876465,-0.05271912,0.99266052,0.10987854,-0.03933716,0.99316406,32.58805847,0.47735596,-29.69670105,-26.17834473,0.86508179,-23.93663025,0,0.0,3.69598389,3.69598389,0.98774731,0.93976468,1578642396027649,252351699332, HMD, -0.13309, 1.17515, 0.35055, 0.47675, 0.02614, 0.87865, 0.00012
3760325,1578642396032429,1,1,1,1,0,1,1,1,1,0,0.10876465,-0.05271912,0.99266052,0.10987854,-0.03933716,0.99316406,32.58805847,0.47735596,-29.69670105,-26.17834473,0.86508179,-23.93663025,0,0.0,3.69598389,3.69598389,0.98774731,0.93976468,1578642396027649,252351699332, HMD, -0.13309, 1.17515, 0.35055, 0.47675, 0.02614, 0.87865, 0.00012
3760333,1578642396036437,1,1,1,1,0,1,1,1,1,0,0.10423279,-0.01133728,0.99447632,0.10987854,-0.02119446,0.99371338,32.53184509,0.55683899,-29.60339355,-26.1583252,0.96955872,-23.78848267,0,0.0,3.60348511,3.60348511,0.98774731,0.93976468,1578642396038707,252351809926, HMD, -0.13311, 1.17521, 0.35055, 0.47651, 0.02619, 0.87878, -0.00035
3760333,1578642396040475,1,1,1,1,0,1,1,1,1,0,0.10423279,-0.01133728,0.99447632,0.10987854,-0.02119446,0.99371338,32.53184509,0.55683899,-29.60339355,-26.1583252,0.96955872,-23.78848267,0,0.0,3.60348511,3.60348511,0.98774731,0.93976468,1578642396040383,252351826670, HMD, -0.13310, 1.17522, 0.35056, 0.47648, 0.02621, 0.87879, -0.00035
3760342,1578642396044415,1,1,1,1,0,1,1,1,1,0,0.10246277,-0.00933838,0.99468994,0.1078949,-0.00610352,0.99414063,32.52864075,0.60896301,-29.63645935,-26.17829895,0.97106934,-23.62174988,0,0.0,3.6698761,3.6698761,1.0,1.0,1578642396042573,252351848570, HMD, -0.13309, 1.17523, 0.35056, 0.47643, 0.02623, 0.87882, -0.00044
3760342,1578642396048421,1,1,1,1,0,1,1,1,1,0,0.10246277,-0.00933838,0.99468994,0.1078949,-0.00610352,0.99414063,32.52864075,0.60896301,-29.63645935,-26.17829895,0.97106934,-23.62174988,0,0.0,3.6698761,3.6698761,1.0,1.0,1578642396053810,252351960959, HMD, -0.13306, 1.17531, 0.35055, 0.47614, 0.02633, 0.87897, -0.00086
3760350,1578642396052436,1,1,1,1,0,1,1,1,1,0,0.10527039,1.526e-05,0.99443054,0.10324097,-0.00714111,0.99462891,32.55262756,0.55953979,-29.53578186,-26.20471191,0.98443604,-23.64923096,0,0.0,3.63809204,3.63809204,1.0,1.0,1578642396053810,252351960959, HMD, -0.13306, 1.17531, 0.35055, 0.47614, 0.02633, 0.87897, -0.00086
3760350,1578642396058443,1,1,1,1,0,1,1,1,1,0,0.10527039,1.526e-05,0.99443054,0.10324097,-0.00714111,0.99462891,32.55262756,0.55953979,-29.53578186,-26.20471191,0.98443604,-23.64923096,0,0.0,3.63809204,3.63809204,1.0,1.0,1578642396058181,252352004654, HMD, -0.13304, 1.17534, 0.35056, 0.47603, 0.02638, 0.87903, -0.00103
3760358,1578642396062430,1,1,1,1,0,1,1,1,1,0,0.10632324,-0.00106812,0.99432373,0.118927,-0.00209045,0.9928894,32.57542419,0.49029541,-29.40567017,-26.22235107,0.96711731,-23.6585083,0,0.0,3.62557983,3.62557983,1.0,1.0,1578642396058181,252352004654, HMD, -0.13304, 1.17534, 0.35056, 0.47603, 0.02638, 0.87903, -0.00103
3760358,1578642396066386,1,1,1,1,0,1,1,1,1,0,0.10632324,-0.00106812,0.99432373,0.118927,-0.00209045,0.9928894,32.57542419,0.49029541,-29.40567017,-26.22235107,0.96711731,-23.6585083,0,0.0,3.62557983,3.62557983,1.0,1.0,1578642396058181,252352004654, HMD, -0.13304, 1.17534, 0.35056, 0.47603, 0.02638, 0.87903, -0.00103
3760367,1578642396070422,1,1,1,1,0,1,1,1,1,0,0.10284424,-0.00082397,0.99468994,0.10997009,-0.00152588,0.993927,32.59532166,0.50527954,-29.50590515,-26.21916199,0.97680664,-23.83532715,0,0.0,3.61276245,3.61276245,1.0,1.0,1578642396058181,252352004654, HMD, -0.13304, 1.17534, 0.35056, 0.47603, 0.02638, 0.87903, -0.00103
3760367,1578642396074440,1,1,1,1,0,1,1,1,1,0,0.10284424,-0.00082397,0.99468994,0.10997009,-0.00152588,0.993927,32.59532166,0.50527954,-29.50590515,-26.21916199,0.97680664,-23.83532715,0,0.0,3.61276245,3.61276245,1.0,1.0,1578642396058181,252352004654, HMD, -0.13304, 1.17534, 0.35056, 0.47603, 0.02638, 0.87903, -0.00103
3760375,1578642396078427,1,1,1,1,0,1,1,1,1,0,0.09971619,-0.00523376,0.99499512,0.10246277,-0.00076294,0.99473572,32.60757446,0.52906799,-29.59521484,-26.22235107,0.98649597,-24.01213074,0,0.0,3.59745789,3.59745789,1.0,1.0,1578642396095071,252352373626, HMD, -0.13275, 1.17567, 0.35063, 0.47505, 0.02682, 0.87955, -0.00288
3760392,1578642396094418,1,1,1,1,0,1,1,1,1,0,0.09648132,-0.01023865,0.99526978,0.10800171,0.00282288,0.99414063,32.63058472,0.53767395,-29.70132446,-26.26896667,1.00036621,-24.10540771,0,0.0,3.52748108,3.52748108,1.0,1.0,1578642396095071,252352373626, HMD, -0.13275, 1.17567, 0.35063, 0.47505, 0.02682, 0.87955, -0.00288
3760392,1578642396098418,1,1,1,1,0,1,1,1,1,0,0.09648132,-0.01023865,0.99526978,0.10800171,0.00282288,0.99414063,32.63058472,0.53767395,-29.70132446,-26.26896667,1.00036621,-24.10540771,0,0.0,3.52748108,3.52748108,1.0,1.0,1578642396098462,252352407468, HMD, -0.13273, 1.17570, 0.35064, 0.47495, 0.02687, 0.87960, -0.00306
3760400,1578642396103175,1,1,1,1,0,1,1,1,1,0,0.09326172,-0.00868225,0.99559021,0.10533142,0.00093079,0.99443054,32.64065552,0.53953552,-29.75839233,-26.27313232,0.98490906,-24.06239319,0,0.0,3.58610535,3.58610535,1.0,1.0,1578642396099422,252352417073, HMD, -0.13268, 1.17570, 0.35063, 0.47493, 0.02689, 0.87961, -0.00312
3760400,1578642396107497,1,1,1,1,0,1,1,1,1,0,0.09326172,-0.00868225,0.99559021,0.10533142,0.00093079,0.99443054,32.64065552,0.53953552,-29.75839233,-26.27313232,0.98490906,-24.06239319,0,0.0,3.58610535,3.58610535,1.0,1.0,1578642396099422,252352417073, HMD, -0.13268, 1.17570, 0.35063, 0.47493, 0.02689, 0.87961, -0.00312
3760417,1578642396119595,1,1,1,1,0,1,1,1,1,0,0.0944519,-0.00894165,0.9954834,0.09928894,-0.00117493,0.99505615,32.65065002,0.53092957,-29.76234436,-26.29566956,0.92027283,-23.86816406,0,0.0,3.55848694,3.55848694,1.0,1.0,1578642396125322,252352676086, HMD, -0.13256, 1.17601, 0.35074, 0.47412, 0.02724, 0.88002, -0.00449
3760417,1578642396123603,1,1,1,1,0,1,1,1,1,0,0.0944519,-0.00894165,0.9954834,0.09928894,-0.00117493,0.99505615,32.65065002,0.53092957,-29.76234436,-26.29566956,0.92027283,-23.86816406,0,0.0,3.55848694,3.55848694,1.0,1.0,1578642396125322,252352676086, HMD, -0.13256, 1.17601, 0.35074, 0.47412, 0.02724, 0.88002, -0.00449
3760425,1578642396129599,1,1,1,1,0,1,1,1,1,0,0.09492493,-0.01039124,0.99542236,0.09985352,-0.00033569,0.99499512,32.65348816,0.52388,-29.74565125,-26.29907227,0.92202759,-23.87568665,0,0.0,3.5471344,3.5471344,1.0,1.0,1578642396128614,252352708988, HMD, -0.13250, 1.17606, 0.35077, 0.47402, 0.02728, 0.88008, -0.00469
3760425,1578642396133624,1,1,1,1,0,1,1,1,1,0,0.09492493,-0.01039124,0.99542236,0.09985352,-0.00033569,0.99499512,32.65348816,0.52388,-29.74565125,-26.29907227,0.92202759,-23.87568665,0,0.0,3.5471344,3.5471344,1.0,1.0,1578642396128614,252352708988, HMD, -0.13250, 1.17606, 0.35077, 0.47402, 0.02728, 0.88008, -0.00469
3760433,1578642396141614,1,1,1,1,0,1,1,1,1,0,0.09489441,-0.01200867,0.9954071,0.1006012,-0.00143433,0.99491882,32.65487671,0.51733398,-29.73008728,-26.30247498,0.92378235,-23.88319397,0,0.0,3.5579834,3.5579834,1.0,1.0,1578642396153167,252352954547, HMD, -0.13233, 1.17634, 0.35090, 0.47319, 0.02764, 0.88050, -0.00622
3760442,1578642396145994,1,1,1,1,0,1,1,1,1,0,0.09428406,-0.0135498,0.99543762,0.10140991,-0.00212097,0.99482727,32.65628052,0.51150513,-29.72085571,-26.30632019,0.92524719,-23.88838196,0,0.0,3.56001282,3.56001282,1.0,1.0,1578642396153167,252352954547, HMD, -0.13233, 1.17634, 0.35090, 0.47319, 0.02764, 0.88050, -0.00622
3760450,1578642396151999,1,1,1,1,0,1,1,1,1,0,0.09356689,-0.01599121,0.9954834,0.10224915,-0.00215149,0.99475098,32.6585083,0.5177002,-29.73326111,-26.31016541,0.92672729,-23.89355469,0,0.0,3.55812073,3.55812073,1.0,1.0,1578642396153167,252352954547, HMD, -0.13233, 1.17634, 0.35090, 0.47319, 0.02764, 0.88050, -0.00622
3760450,1578642396156021,1,1,1,1,0,1,1,1,1,0,0.09356689,-0.01599121,0.9954834,0.10224915,-0.00215149,0.99475098,32.6585083,0.5177002,-29.73326111,-26.31016541,0.92672729,-23.89355469,0,0.0,3.55812073,3.55812073,1.0,1.0,1578642396155961,252352982450, HMD, -0.13232, 1.17638, 0.35092, 0.47310, 0.02768, 0.88055, -0.00640
3760458,1578642396161944,1,1,1,1,0,1,1,1,1,0,0.09288025,-0.01829529,0.99549866,0.10279846,-0.00178528,0.99468994,32.66073608,0.52388,-29.74565125,-26.31295776,0.93069458,-23.91062927,0,0.0,3.55664063,3.55664063,1.0,1.0,1578642396156789,252352990738, HMD, -0.13231, 1.17639, 0.35093, 0.47307, 0.02770, 0.88057, -0.00646
3760458,1578642396165845,1,1,1,1,0,1,1,1,1,0,0.09288025,-0.01829529,0.99549866,0.10279846,-0.00178528,0.99468994,32.66073608,0.52388,-29.74565125,-26.31295776,0.93069458,-23.91062927,0,0.0,3.55664063,3.55664063,1.0,1.0,1578642396169597,252353118833, HMD, -0.13225, 1.17658, 0.35101, 0.47261, 0.02783, 0.88080, -0.00731
3760467,1578642396170828,1,1,1,1,0,1,1,1,1,0,0.09158325,-0.01721191,0.99563599,0.10333252,-0.00198364,0.99462891,32.6631012,0.53092957,-29.76234436,-26.31576538,0.93464661,-23.92770386,0,0.0,3.55038452,3.55038452,1.0,1.0,1578642396170837,252353131211, HMD, -0.13224, 1.17660, 0.35102, 0.47256, 0.02784, 0.88083, -0.00739
3760467,1578642396174823,1,1,1,1,0,1,1,1,1,0,0.09158325,-0.01721191,0.99563599,0.10333252,-0.00198364,0.99462891,32.6631012,0.53092957,-29.76234436,-26.31576538,0.93464661,-23.92770386,0,0.0,3.55038452,3.55038452,1.0,1.0,1578642396173230,252353155148, HMD, -0.13223, 1.17663, 0.35103, 0.47248, 0.02786, 0.88087, -0.00754
3760475,1578642396178820,1,1,1,1,0,1,1,1,1,0,0.07925415,-0.0116272,0.9967804,0.10501099,-0.01168823,0.99440002,32.64595032,0.51638794,-29.69013977,-26.34524536,0.97453308,-23.99255371,0,0.0,3.51119995,3.51119995,1.0,1.0,1578642396184387,252353266740, HMD, -0.13222, 1.17680, 0.35112, 0.47205, 0.02797, 0.88109, -0.00829
3760475,1578642396182820,1,1,1,1,0,1,1,1,1,0,0.07925415,-0.0116272,0.9967804,0.10501099,-0.01168823,0.99440002,32.64595032,0.51638794,-29.69013977,-26.34524536,0.97453308,-23.99255371,0,0.0,3.51119995,3.51119995,1.0,1.0,1578642396184387,252353266740, HMD, -0.13222, 1.17680, 0.35112, 0.47205, 0.02797, 0.88109, -0.00829
3760483,1578642396186827,1,1,1,1,0,1,1,1,1,0,0.08479309,0.00372314,0.99638367,0.0949707,0.01757813,0.99531555,32.57904053,0.48886108,-29.35980225,-26.35079956,1.05973816,-23.99829102,0,0.0,3.60441589,3.60441589,1.0,1.0,1578642396186789,252353290734, HMD, -0.13220, 1.17683, 0.35113, 0.47196, 0.02799, 0.88113, -0.00845
3760483,1578642396192167,1,1,1,1,0,1,1,1,1,0,0.08479309,0.00372314,0.99638367,0.0949707,0.01757813,0.99531555,32.57904053,0.48886108,-29.35980225,-26.35079956,1.05973816,-23.99829102,0,0.0,3.60441589,3.60441589,1.0,1.0,1578642396188290,252353305746, HMD, -0.13219, 1.17685, 0.35114, 0.47191, 0.02800, 0.88116, -0.00854
3760492,1578642396199908,1,1,1,1,0,1,1,1,1,0,0.08934021,0.0115509,0.9959259,0.09378052,0.03538513,0.99494934,32.52661133,0.66636658,-29.65092468,-26.34715271,1.17138672,-24.10394287,0,0.0,3.57440186,3.57440186,1.0,1.0,1578642396188290,252353305746, HMD, -0.13219, 1.17685, 0.35114, 0.47191, 0.02800, 0.88116, -0.00854
3760508,1578642396217791,1,1,1,1,0,1,1,1,1,0,0.06123352,0.02075195,0.99789429,0.08898926,0.04176331,0.99514771,32.56672668,1.02716064,-30.85583496,-26.35740662,1.20014954,-24.07377625,0,0.0,3.49349976,3.49349976,1.0,1.0,1578642396224863,252353671521, HMD, -0.13209, 1.17732, 0.35137, 0.47053, 0.02834, 0.88186, -0.01053
3760516,1578642396221686,1,1,1,1,0,1,1,1,1,0,0.0664978,0.0148468,0.99766541,0.08609009,0.03204346,0.99575806,32.58074951,0.98368835,-30.804245,-26.37348938,1.1734314,-24.02859497,0,0.0,3.50672913,3.50672913,1.0,1.0,1578642396224863,252353671521, HMD, -0.13209, 1.17732, 0.35137, 0.47053, 0.02834, 0.88186, -0.01053
3760516,1578642396226757,1,1,1,1,0,1,1,1,1,0,0.06887817,0.01705933,0.99746704,0.09118652,0.03288269,0.99528503,32.58740234,0.94752502,-30.72615051,-26.38105774,1.18507385,-24.07608032,0,0.0,3.51332092,3.51332092,1.0,1.0,1578642396226699,252353689837, HMD, -0.13208, 1.17734, 0.35138, 0.47046, 0.02836, 0.88190, -0.01062
3760525,1578642396230743,1,1,1,1,0,1,1,1,1,0,0.06887817,0.01705933,0.99746704,0.09118652,0.03288269,0.99528503,32.58740234,0.94752502,-30.72615051,-26.38105774,1.18507385,-24.07608032,0,0.0,3.51332092,3.51332092,1.0,1.0,1578642396228252,252353705389, HMD, -0.13206, 1.17735, 0.35139, 0.47040, 0.02838, 0.88193, -0.01069
3760533,1578642396234745,1,1,1,1,0,1,1,1,1,0,0.06452942,0.01612854,0.99777222,0.09034729,0.03474426,0.99530029,32.59063721,0.93769836,-30.68193054,-26.38542175,1.19535828,-24.10269165,0,0.0,3.46380615,3.46380615,1.0,1.0,1578642396228252,252353705389, HMD, -0.13206, 1.17735, 0.35139, 0.47040, 0.02838, 0.88193, -0.01069
3760541,1578642396245909,1,1,1,1,0,1,1,1,1,0,0.06422424,0.01423645,0.99783325,0.08898926,0.03489685,0.9954071,32.59106445,0.93885803,-30.68359375,-26.38977051,1.20562744,-24.12930298,0,0.0,3.46272278,3.46272278,1.0,1.0,1578642396247357,252353896425, HMD, -0.13187, 1.17748, 0.35146, 0.46968, 0.02861, 0.88230, -0.01145
3760550,1578642396249899,1,1,1,1,0,1,1,1,1,0,0.06422424,0.01423645,0.99783325,0.08898926,0.03489685,0.9954071,32.59106445,0.93885803,-30.68359375,-26.38977051,1.20562744,-24.12930298,0,0.0,3.46272278,3.46272278,1.0,1.0,1578642396249842,252353921263, HMD, -0.13186, 1.17750, 0.35148, 0.46957, 0.02864, 0.88235, -0.01152
3760550,1578642396253912,1,1,1,1,0,1,1,1,1,0,0.06448364,0.01266479,0.99783325,0.08860779,0.03443909,0.99546814,32.59091187,0.93769836,-30.68193054,-26.39483643,1.2121582,-24.14511108,0,0.0,3.4616394,3.4616394,1.0,1.0,1578642396250955,252353932393, HMD, -0.13185, 1.17751, 0.35149, 0.46954, 0.02866, 0.88237, -0.01156
3760550,1578642396257894,1,1,1,1,0,1,1,1,1,0,0.06448364,0.01266479,0.99783325,0.08860779,0.03443909,0.99546814,32.59091187,0.93769836,-30.68193054,-26.39483643,1.2121582,-24.14511108,0,0.0,3.4616394,3.4616394,1.0,1.0,1578642396261080,252354033662, HMD, -0.13168, 1.17754, 0.35151, 0.46915, 0.02880, 0.88257, -0.01195
3760558,1578642396261901,1,1,1,1,0,1,1,1,1,0,0.06581116,0.01176453,0.99775696,0.08802795,0.03369141,0.99554443,32.59120178,0.93557739,-30.67420959,-26.39988708,1.21868896,-24.16091919,0,0.0,3.44303894,3.44303894,1.0,1.0,1578642396261934,252354042184, HMD, -0.13168, 1.17755, 0.35152, 0.46912, 0.02881, 0.88258, -0.01198
3760558,1578642396266895,1,1,1,1,0,1,1,1,1,0,0.06581116,0.01176453,0.99775696,0.08802795,0.03369141,0.99554443,32.59120178,0.93557739,-30.67420959,-26.39988708,1.21868896,-24.16091919,0,0.0,3.44303894,3.44303894,1.0,1.0,1578642396264662,252354069462, HMD, -0.13166, 1.17757, 0.35153, 0.46902, 0.02884, 0.88263, -0.01208
3760566,1578642396270898,1,1,1,1,0,1,1,1,1,0,0.06454468,0.01165771,0.99783325,0.08914185,0.03196716,0.99549866,32.5914917,0.93644714,-30.66841125,-26.40567017,1.22280884,-24.17825317,0,0.0,3.42900085,3.42900085,1.0,1.0,1578642396275211,252354174970, HMD, -0.13159, 1.17764, 0.35160, 0.46864, 0.02898, 0.88283, -0.01241
3760566,1578642396274909,1,1,1,1,0,1,1,1,1,0,0.06454468,0.01165771,0.99783325,0.08914185,0.03196716,0.99549866,32.5914917,0.93644714,-30.66841125,-26.40567017,1.22280884,-24.17825317,0,0.0,3.42900085,3.42900085,1.0,1.0,1578642396275211,252354174970, HMD, -0.13159, 1.17764, 0.35160, 0.46864, 0.02898, 0.88283, -0.01241
3760575,1578642396278897,1,1,1,1,0,1,1,1,1,0,0.0643158,0.01199341,0.99784851,0.09030151,0.03010559,0.99545288,32.59161377,0.93495178,-30.66744995,-26.41143799,1.22692871,-24.19558716,0,0.0,3.42701721,3.42701721,1.0,1.0,1578642396278434,252354207183, HMD, -0.13152, 1.17765, 0.35161, 0.46854, 0.02902, 0.88288, -0.01253
3760575,1578642396282982,1,1,1,1,0,1,1,1,1,0,0.0643158,0.01199341,0.99784851,0.09030151,0.03010559,0.99545288,32.59161377,0.93495178,-30.66744995,-26.41143799,1.22692871,-24.19558716,0,0.0,3.42701721,3.42701721,1.0,1.0,1578642396278434,252354207183, HMD, -0.13152, 1.17765, 0.35161, 0.46854, 0.02902, 0.88288, -0.01253
3760583,1578642396286990,1,1,1,1,0,1,1,1,1,0,0.06408691,0.01213074,0.99786377,0.0880127,0.02978516,0.9956665,32.59173584,0.93450928,-30.66841125,-26.41691589,1.2323761,-24.21702576,0,0.0,3.42488098,3.42488098,1.0,1.0,1578642396288086,252354303711, HMD, -0.13149, 1.17776, 0.35168, 0.46815, 0.02914, 0.88308, -0.01284
3760583,1578642396290981,1,1,1,1,0,1,1,1,1,0,0.06408691,0.01213074,0.99786377,0.0880127,0.02978516,0.9956665,32.59173584,0.93450928,-30.66841125,-26.41691589,1.2323761,-24.21702576,0,0.0,3.42488098,3.42488098,1.0,1.0,1578642396291016,252354333002, HMD, -0.13149, 1.17777, 0.35171, 0.46805, 0.02918, 0.88313, -0.01291
3760591,1578642396298980,1,1,1,1,0,1,1,1,1,0,0.0617218,0.01403809,0.99798584,0.08573914,0.02949524,0.99588013,32.59161377,0.93397522,-30.67314148,-26.4223938,1.23783875,-24.23846436,0,0.0,3.4090271,3.4090271,1.0,1.0,1578642396303109,252354453945, HMD, -0.13139, 1.17785, 0.35177, 0.46759, 0.02927, 0.88336, -0.01329
3760600,1578642396302986,1,1,1,1,0,1,1,1,1,0,0.05940247,0.01525879,0.99810791,0.08328247,0.02825928,0.99610901,32.5914917,0.93344116,-30.66841125,-26.42596436,1.23847961,-24.23886108,0,0.0,3.39344788,3.39344788,1.0,1.0,1578642396303109,252354453945, HMD, -0.13139, 1.17785, 0.35177, 0.46759, 0.02927, 0.88336, -0.01329
3760600,1578642396306989,1,1,1,1,0,1,1,1,1,0,0.05940247,0.01525879,0.99810791,0.08328247,0.02825928,0.99610901,32.5914917,0.93344116,-30.66841125,-26.42596436,1.23847961,-24.23886108,0,0.0,3.39344788,3.39344788,1.0,1.0,1578642396306609,252354488938, HMD, -0.13136, 1.17788, 0.35179, 0.46748, 0.02929, 0.88342, -0.01338
3760608,1578642396310980,1,1,1,1,0,1,1,1,1,0,0.05932617,0.01579285,0.99810791,0.08085632,0.02700806,0.99635315,32.59120178,0.93247986,-30.66812134,-26.42953491,1.23913574,-24.23925781,0,0.0,3.35195923,3.35195923,1.0,1.0,1578642396315267,252354575515, HMD, -0.13131, 1.17790, 0.35183, 0.46718, 0.02931, 0.88357, -0.01359
3760608,1578642396314977,1,1,1,1,0,1,1,1,1,0,0.05932617,0.01579285,0.99810791,0.08085632,0.02700806,0.99635315,32.59120178,0.93247986,-30.66812134,-26.42953491,1.23913574,-24.23925781,0,0.0,3.35195923,3.35195923,1.0,1.0,1578642396315267,252354575515, HMD, -0.13131, 1.17790, 0.35183, 0.46718, 0.02931, 0.88357, -0.01359
3760616,1578642396318997,1,1,1,1,0,1,1,1,1,0,0.05924988,0.01533508,0.99812317,0.08119202,0.02671814,0.99633789,32.59091187,0.9315033,-30.66781616,-26.43278503,1.24006653,-24.24876404,0,0.0,3.31047058,3.31047058,1.0,1.0,1578642396319063,252354613483, HMD, -0.13128, 1.17792, 0.35185, 0.46704, 0.02932, 0.88365, -0.01369
3760616,1578642396322971,1,1,1,1,0,1,1,1,1,0,0.05924988,0.01533508,0.99812317,0.08119202,0.02671814,0.99633789,32.59091187,0.9315033,-30.66781616,-26.43278503,1.24006653,-24.24876404,0,0.0,3.31047058,3.31047058,1.0,1.0,1578642396319239,252354615233, HMD, -0.13128, 1.17792, 0.35185, 0.46703, 0.02932, 0.88365, -0.01369
3760625,1578642396331973,1,1,1,1,0,1,1,1,1,0,0.05712891,0.01554871,0.99824524,0.08154297,0.02650452,0.99630737,32.59077454,0.93127441,-30.66716003,-26.4360199,1.24101257,-24.25827026,0,0.0,3.28788757,3.28788757,1.0,1.0,1578642396331512,252354737961, HMD, -0.13117, 1.17793, 0.35190, 0.46662, 0.02933, 0.88386, -0.01398
3760633,1578642396335976,1,1,1,1,0,1,1,1,1,0,0.05500793,0.01564026,0.99835205,0.08128357,0.02667236,0.99632263,32.59063721,0.93104553,-30.66648865,-26.43844604,1.24127197,-24.26808167,0,0.0,3.26567078,3.26567078,1.0,1.0,1578642396331512,252354737961, HMD, -0.13117, 1.17793, 0.35190, 0.46662, 0.02933, 0.88386, -0.01398
3760633,1578642396340027,1,1,1,1,0,1,1,1,1,0,0.05500793,0.01564026,0.99835205,0.08128357,0.02667236,0.99632263,32.59063721,0.93104553,-30.66648865,-26.43844604,1.24127197,-24.26808167,0,0.0,3.26567078,3.26567078,1.0,1.0,1578642396341838,252354841224, HMD, -0.13104, 1.17795, 0.35195, 0.46626, 0.02935, 0.88405, -0.01421
3760641,1578642396344992,1,1,1,1,0,1,1,1,1,0,0.05474854,0.01599121,0.99836731,0.08099365,0.02679443,0.99633789,32.59060669,0.92967224,-30.66716003,-26.44087219,1.24153137,-24.27787781,0,0.0,3.25892639,3.25892639,1.0,1.0,1578642396345041,252354873259, HMD, -0.13101, 1.17796, 0.35196, 0.46616, 0.02934, 0.88410, -0.01428
3760641,1578642396348985,1,1,1,1,0,1,1,1,1,0,0.05474854,0.01599121,0.99836731,0.08099365,0.02679443,0.99633789,32.59060669,0.92967224,-30.66716003,-26.44087219,1.24153137,-24.27787781,0,0.0,3.25892639,3.25892639,1.0,1.0,1578642396346042,252354883262, HMD, -0.13100, 1.17796, 0.35197, 0.46612, 0.02934, 0.88412, -0.01430
3760650,1578642396354980,1,1,1,1,0,1,1,1,1,0,0.05448914,0.01568604,0.99838257,0.08157349,0.0271759,0.99629211,32.59057617,0.93104553,-30.66781616,-26.44506836,1.2434082,-24.29806519,0,0.0,3.25210571,3.25210571,1.0,1.0,1578642396362223,252355045083, HMD, -0.13088, 1.17801, 0.35203, 0.46561, 0.02936, 0.88438, -0.01459
3760650,1578642396357969,1,1,1,1,0,1,1,1,1,0,0.0539093,0.01820374,0.99836731,0.08065796,0.02336121,0.99645996,32.59016418,0.92829895,-30.66781616,-26.44799805,1.2434082,-24.29806519,0,0.0,3.24588013,3.24588013,1.0,1.0,1578642396362223,252355045083, HMD, -0.13088, 1.17801, 0.35203, 0.46561, 0.02936, 0.88438, -0.01459
3760658,1578642396361963,1,1,1,1,0,1,1,1,1,0,0.0539093,0.01820374,0.99836731,0.08065796,0.02336121,0.99645996,32.59016418,0.92829895,-30.66781616,-26.44799805,1.2434082,-24.29806519,0,0.0,3.24588013,3.24588013,1.0,1.0,1578642396362223,252355045083, HMD, -0.13088, 1.17801, 0.35203, 0.46561, 0.02936, 0.88438, -0.01459
3760658,1578642396366078,1,1,1,1,0,1,1,1,1,0,0.0539093,0.01820374,0.99836731,0.08065796,0.02336121,0.99645996,32.59016418,0.92829895,-30.66781616,-26.44799805,1.2434082,-24.29806519,0,0.0,3.24588013,3.24588013,1.0,1.0,1578642396365897,252355081815, HMD, -0.13085, 1.17802, 0.35205, 0.46550, 0.02936, 0.88444, -0.01465
3760666,1578642396369972,1,1,1,1,0,1,1,1,1,0,0.05455017,0.01773071,0.99835205,0.07781982,0.02322388,0.99668884,32.58833313,0.92829895,-30.66781616,-26.45280457,1.2434082,-24.29806519,0,0.0,3.19493103,3.19493103,1.0,1.0,1578642396365897,252355081815, HMD, -0.13085, 1.17802, 0.35205, 0.46550, 0.02936, 0.88444, -0.01465
3760666,1578642396373965,1,1,1,1,0,1,1,1,1,0,0.05455017,0.01773071,0.99835205,0.07781982,0.02322388,0.99668884,32.58833313,0.92829895,-30.66781616,-26.45280457,1.2434082,-24.29806519,0,0.0,3.19493103,3.19493103,1.0,1.0,1578642396375914,252355181995, HMD, -0.13077, 1.17804, 0.35209, 0.46521, 0.02941, 0.88459, -0.01480
3760675,1578642396377962,1,1,1,1,0,1,1,1,1,0,0.05378723,0.02032471,0.99833679,0.0771637,0.02259827,0.99674988,32.58674622,0.92829895,-30.66841125,-26.45648193,1.2434082,-24.29806519,0,0.0,3.18444824,3.18444824,1.0,1.0,1578642396377910,252355201948, HMD, -0.13075, 1.17805, 0.35210, 0.46516, 0.02943, 0.88461, -0.01483
3760675,1578642396381974,1,1,1,1,0,1,1,1,1,0,0.05378723,0.02032471,0.99833679,0.0771637,0.02259827,0.99674988,32.58674622,0.92829895,-30.66841125,-26.45648193,1.2434082,-24.29806519,0,0.0,3.18444824,3.18444824,1.0,1.0,1578642396378860,252355211443, HMD, -0.13074, 1.17806, 0.35210, 0.46514, 0.02942, 0.88463, -0.01485
3760683,1578642396385952,1,1,1,1,0,1,1,1,1,0,0.05375671,0.02389526,0.9982605,0.07804871,0.02259827,0.99668884,32.5849762,0.92829895,-30.6778717,-26.46264648,1.2434082,-24.29806519,0,0.0,3.14849854,3.14849854,1.0,1.0,1578642396387291,252355295756, HMD, -0.13068, 1.17809, 0.35215, 0.46490, 0.02948, 0.88475, -0.01499
3760683,1578642396389951,1,1,1,1,0,1,1,1,1,0,0.05375671,0.02389526,0.9982605,0.07804871,0.02259827,0.99668884,32.5849762,0.92829895,-30.6778717,-26.46264648,1.2434082,-24.29806519,0,0.0,3.14849854,3.14849854,1.0,1.0,1578642396389904,252355321884, HMD, -0.13067, 1.17808, 0.35218, 0.46483, 0.02951, 0.88478, -0.01502
3760691,1578642396393960,1,1,1,1,0,1,1,1,1,0,0.05226135,0.02410889,0.99833679,0.07510376,0.02243042,0.99691772,32.58454895,0.92829895,-30.68041992,-26.46873474,1.2434082,-24.29806519,0,0.0,3.14801025,3.14801025,1.0,1.0,1578642396390441,252355327256, HMD, -0.13067, 1.17809, 0.35218, 0.46481, 0.02952, 0.88479, -0.01503
3760691,1578642396397966,1,1,1,1,0,1,1,1,1,0,0.05226135,0.02410889,0.99833679,0.07510376,0.02243042,0.99691772,32.58454895,0.92829895,-30.68041992,-26.46873474,1.2434082,-24.29806519,0,0.0,3.14801025,3.14801025,1.0,1.0,1578642396399923,252355422106, HMD, -0.13062, 1.17813, 0.35221, 0.46454, 0.02961, 0.88493, -0.01522
3760700,1578642396401975,1,1,1,1,0,1,1,1,1,0,0.0528717,0.02468872,0.99829102,0.07513428,0.02163696,0.99693298,32.58294678,0.92866516,-30.68981934,-26.47239685,1.2434082,-24.29806519,0,0.0,3.07562256,3.07562256,1.0,1.0,1578642396402031,252355443152, HMD, -0.13060, 1.17814, 0.35222, 0.46448, 0.02964, 0.88496, -0.01527
3760700,1578642396405977,1,1,1,1,0,1,1,1,1,0,0.0528717,0.02468872,0.99829102,0.07513428,0.02163696,0.99693298,32.58294678,0.92866516,-30.68981934,-26.47239685,1.2434082,-24.29806519,0,0.0,3.07562256,3.07562256,1.0,1.0,1578642396403130,252355454150, HMD, -0.13059, 1.17814, 0.35223, 0.46445, 0.02965, 0.88497, -0.01529
3760708,1578642396409962,1,1,1,1,0,1,1,1,1,0,0.05157471,0.02659607,0.99830627,0.07644653,0.02182007,0.99682617,32.58207703,0.92866516,-30.71783447,-26.47842407,1.24224854,-24.29806519,0,0.0,3.07333374,3.07333374,1.0,1.0,1578642396413553,252355558377, HMD, -0.13050, 1.17817, 0.35232, 0.46417, 0.02980, 0.88511, -0.01550
3760708,1578642396413940,1,1,1,1,0,1,1,1,1,0,0.05157471,0.02659607,0.99830627,0.07644653,0.02182007,0.99682617,32.58207703,0.92866516,-30.71783447,-26.47842407,1.24224854,-24.29806519,0,0.0,3.07333374,3.07333374,1.0,1.0,1578642396413887,252355561718, HMD, -0.13050, 1.17817, 0.35233, 0.46416, 0.02981, 0.88511, -0.01550
3760716,1578642396418015,1,1,1,1,0,1,1,1,1,0,0.05279541,0.02655029,0.99824524,0.07034302,0.02380371,0.9972229,32.57580566,0.92866516,-30.71827698,-26.48458862,1.24101257,-24.27946472,0,0.0,3.06907654,3.06907654,1.0,1.0,1578642396416804,252355590884, HMD, -0.13048, 1.17819, 0.35234, 0.46409, 0.02986, 0.88515, -0.01556
3760716,1578642396421949,1,1,1,1,0,1,1,1,1,0,0.05279541,0.02655029,0.99824524,0.07034302,0.02380371,0.9972229,32.57580566,0.92866516,-30.71827698,-26.48458862,1.24101257,-24.27946472,0,0.0,3.06907654,3.06907654,1.0,1.0,1578642396426331,252355686157, HMD, -0.13039, 1.17824, 0.35240, 0.46384, 0.03000, 0.88527, -0.01582
3760725,1578642396425947,1,1,1,1,0,1,1,1,1,0,0.05314636,0.02627563,0.99822998,0.06939697,0.02319336,0.99731445,32.57408142,0.93487549,-30.73583984,-26.49093628,1.23634338,-24.25259399,0,0.0,3.06704712,3.06704712,1.0,1.0,1578642396426331,252355686157, HMD, -0.13039, 1.17824, 0.35240, 0.46384, 0.03000, 0.88527, -0.01582
3760725,1578642396429952,1,1,1,1,0,1,1,1,1,0,0.05314636,0.02627563,0.99822998,0.06939697,0.02319336,0.99731445,32.57408142,0.93487549,-30.73583984,-26.49093628,1.23634338,-24.25259399,0,0.0,3.06704712,3.06704712,1.0,1.0,1578642396429898,252355721819, HMD, -0.13036, 1.17827, 0.35241, 0.46375, 0.03007, 0.88531, -0.01590
3760733,1578642396433935,1,1,1,1,0,1,1,1,1,0,0.05293274,0.02545166,0.9982605,0.06738281,0.02282715,0.99745178,32.56994629,0.93888855,-30.7383728,-26.49649048,1.23335266,-24.23176575,0,0.0,3.06488037,3.06488037,1.0,1.0,1578642396430081,252355723658, HMD, -0.13036, 1.17827, 0.35241, 0.46374, 0.03007, 0.88532, -0.01591
3760733,1578642396437939,1,1,1,1,0,1,1,1,1,0,0.05293274,0.02545166,0.9982605,0.06738281,0.02282715,0.99745178,32.56994629,0.93888855,-30.7383728,-26.49649048,1.23335266,-24.23176575,0,0.0,3.06488037,3.06488037,1.0,1.0,1578642396438235,252355805216, HMD, -0.13030, 1.17831, 0.35245, 0.46352, 0.03021, 0.88543, -0.01613
3760741,1578642396441932,1,1,1,1,0,1,1,1,1,0,0.05249023,0.02368164,0.99833679,0.06422424,0.02183533,0.99769592,32.5696106,0.95401001,-30.77182007,-26.49694824,1.2326355,-24.20991516,0,0.0,3.03140259,3.03140259,1.0,1.0,1578642396441758,252355840426, HMD, -0.13024, 1.17832, 0.35248, 0.46344, 0.03029, 0.88546, -0.01624
3760741,1578642396445955,1,1,1,1,0,1,1,1,1,0,0.05249023,0.02368164,0.99833679,0.06422424,0.02183533,0.99769592,32.5696106,0.95401001,-30.77182007,-26.49694824,1.2326355,-24.20991516,0,0.0,3.03140259,3.03140259,1.0,1.0,1578642396441758,252355840426, HMD, -0.13024, 1.17832, 0.35248, 0.46344, 0.03029, 0.88546, -0.01624
3760741,1578642396451011,1,1,1,1,0,1,1,1,1,0,0.05249023,0.02368164,0.99833679,0.06422424,0.02183533,0.99769592,32.5696106,0.95401001,-30.77182007,-26.49694824,1.2326355,-24.20991516,0,0.0,3.03140259,3.03140259,1.0,1.0,1578642396450976,252355932608, HMD, -0.13020, 1.17835, 0.35252, 0.46319, 0.03044, 0.88558, -0.01648
3760750,1578642396455445,1,1,1,1,0,1,1,1,1,0,0.05201721,0.0214386,0.99841309,0.06484985,0.021698,0.99765015,32.56947327,0.97050476,-30.79878235,-26.50080872,1.23214722,-24.20217896,0,0.0,3.02082825,3.02082825,1.0,1.0,1578642396454647,252355969314, HMD, -0.13017, 1.17837, 0.35253, 0.46309, 0.03051, 0.88563, -0.01659
3760758,1578642396460450,1,1,1,1,0,1,1,1,1,0,0.05226135,0.02128601,0.99839783,0.06541443,0.02175903,0.99761963,32.56800842,0.97050476,-30.79878235,-26.50334167,1.23052979,-24.19271851,0,0.0,3.00396729,3.00396729,1.0,1.0,1578642396463940,252356062252, HMD, -0.13007, 1.17841, 0.35258, 0.46283, 0.03071, 0.88575, -0.01685
3760758,1578642396464443,1,1,1,1,0,1,1,1,1,0,0.05226135,0.02128601,0.99839783,0.06541443,0.02175903,0.99761963,32.56800842,0.97050476,-30.79878235,-26.50334167,1.23052979,-24.19271851,0,0.0,3.00396729,3.00396729,1.0,1.0,1578642396464474,252356067580, HMD, -0.13007, 1.17841, 0.35258, 0.46282, 0.03072, 0.88576, -0.01687
3760766,1578642396468445,1,1,1,1,0,1,1,1,1,0,0.05184937,0.02087402,0.99842834,0.0630188,0.02186584,0.99775696,32.56625366,0.97050476,-30.79878235,-26.50465393,1.22956848,-24.19271851,0,0.0,2.97660828,2.97660828,1.0,1.0,1578642396467325,252356096091, HMD, -0.13001, 1.17844, 0.35260, 0.46274, 0.03078, 0.88580, -0.01694
3760766,1578642396472452,1,1,1,1,0,1,1,1,1,0,0.05184937,0.02087402,0.99842834,0.0630188,0.02186584,0.99775696,32.56625366,0.97050476,-30.79878235,-26.50465393,1.22956848,-24.19271851,0,0.0,2.97660828,2.97660828,1.0,1.0,1578642396467325,252356096091, HMD, -0.13001, 1.17844, 0.35260, 0.46274, 0.03078, 0.88580, -0.01694
3760775,1578642396476441,1,1,1,1,0,1,1,1,1,0,0.04946899,0.02156067,0.99853516,0.0617981,0.02185059,0.99784851,32.53962708,0.91285706,-30.67581177,-26.50769043,1.22956848,-24.19271851,0,0.0,2.90539551,2.90539551,1.0,1.0,1578642396481097,252356233818, HMD, -0.12988, 1.17850, 0.35267, 0.46235, 0.03106, 0.88599, -0.01729
3760775,1578642396480430,1,1,1,1,0,1,1,1,1,0,0.04946899,0.02156067,0.99853516,0.0617981,0.02185059,0.99784851,32.53962708,0.91285706,-30.67581177,-26.50769043,1.22956848,-24.19271851,0,0.0,2.90539551,2.90539551,1.0,1.0,1578642396481097,252356233818, HMD, -0.12988, 1.17850, 0.35267, 0.46235, 0.03106, 0.88599, -0.01729
3760775,1578642396484454,1,1,1,1,0,1,1,1,1,0,0.04946899,0.02156067,0.99853516,0.0617981,0.02185059,0.99784851,32.53962708,0.91285706,-30.67581177,-26.50769043,1.22956848,-24.19271851,0,0.0,2.90539551,2.90539551,1.0,1.0,1578642396484356,252356266405, HMD, -0.12985, 1.17852, 0.35269, 0.46225, 0.03113, 0.88603, -0.01736
3760783,1578642396488427,1,1,1,1,0,1,1,1,1,0,0.03668213,0.01441956,0.9992218,0.05335999,0.01597595,0.9984436,32.48298645,0.76316833,-30.24105835,-26.57478333,1.23057556,-24.27043152,0,0.0,2.83613586,2.83613586,1.0,1.0,1578642396484757,252356270415, HMD, -0.12985, 1.17852, 0.35269, 0.46224, 0.03114, 0.88604, -0.01737
3760783,1578642396492487,1,1,1,1,0,1,1,1,1,0,0.03668213,0.01441956,0.9992218,0.05335999,0.01597595,0.9984436,32.48298645,0.76316833,-30.24105835,-26.57478333,1.23057556,-24.27043152,0,0.0,2.83613586,2.83613586,1.0,1.0,1578642396499565,252356418547, HMD, -0.12972, 1.17864, 0.35279, 0.46181, 0.03141, 0.88625, -0.01766
3760791,1578642396496433,1,1,1,1,0,1,1,1,1,0,0.0357666,0.00923157,0.99931335,0.04670715,0.01585388,0.9987793,32.46253967,0.77355957,-30.3059845,-26.5942688,1.20597839,-24.20135498,0,0.0,2.85870361,2.85870361,1.0,1.0,1578642396499565,252356418547, HMD, -0.12972, 1.17864, 0.35279, 0.46181, 0.03141, 0.88625, -0.01766
3760791,1578642396500466,1,1,1,1,0,1,1,1,1,0,0.0357666,0.00923157,0.99931335,0.04670715,0.01585388,0.9987793,32.46253967,0.77355957,-30.3059845,-26.5942688,1.20597839,-24.20135498,0,0.0,2.85870361,2.85870361,1.0,1.0,1578642396500527,252356428119, HMD, -0.12972, 1.17865, 0.35280, 0.46178, 0.03143, 0.88626, -0.01768
3760800,1578642396504429,1,1,1,1,0,1,1,1,1,0,0.03936768,0.01092529,0.99916077,0.05108643,0.01322937,0.99859619,32.46191406,0.77230835,-30.30584717,-26.59188843,1.20446777,-24.21742249,0,0.0,2.81878662,2.81878662,1.0,1.0,1578642396502853,252356451372, HMD, -0.12970, 1.17866, 0.35281, 0.46171, 0.03146, 0.88630, -0.01772
3760800,1578642396508435,1,1,1,1,0,1,1,1,1,0,0.03936768,0.01092529,0.99916077,0.05108643,0.01322937,0.99859619,32.46191406,0.77230835,-30.30584717,-26.59188843,1.20446777,-24.21742249,0,0.0,2.81878662,2.81878662,1.0,1.0,1578642396502853,252356451372, HMD, -0.12970, 1.17866, 0.35281, 0.46171, 0.03146, 0.88630, -0.01772
3760808,1578642396515440,1,1,1,1,0,1,1,1,1,0,0.03913879,0.01145935,0.99916077,0.04708862,0.014328,0.9987793,32.46289063,0.77023315,-30.30606079,-26.59230042,1.20426941,-24.22294617,0,0.0,2.84658813,2.84658813,1.0,1.0,1578642396516048,252356583332, HMD, -0.12957, 1.17874, 0.35286, 0.46133, 0.03166, 0.88648, -0.01796
3760816,1578642396519432,1,1,1,1,0,1,1,1,1,0,0.03936768,0.0112915,0.99914551,0.04516602,0.01374817,0.99887085,32.46191406,0.7681427,-30.30584717,-26.59272766,1.20407104,-24.21742249,0,0.0,2.81906128,2.81906128,1.0,1.0,1578642396519490,252356617746, HMD, -0.12951, 1.17874, 0.35286, 0.46124, 0.03172, 0.88653, -0.01805
3760816,1578642396523701,1,1,1,1,0,1,1,1,1,0,0.03952026,0.01174927,0.99914551,0.04469299,0.01390076,0.99890137,32.46188354,0.76612854,-30.30032349,-26.59420776,1.19850159,-24.19755554,0,0.0,2.82208252,2.82208252,1.0,1.0,1578642396519992,252356622767, HMD, -0.12950, 1.17874, 0.35286, 0.46122, 0.03172, 0.88653, -0.01806
3760825,1578642396527922,1,1,1,1,0,1,1,1,1,0,0.03952026,0.01174927,0.99914551,0.04469299,0.01390076,0.99890137,32.46188354,0.76612854,-30.30032349,-26.59420776,1.19850159,-24.19755554,0,0.0,2.82208252,2.82208252,1.0,1.0,1578642396530578,252356728636, HMD, -0.12941, 1.17879, 0.35291, 0.46091, 0.03189, 0.88668, -0.01831
3760825,1578642396531448,1,1,1,1,0,1,1,1,1,0,0.03952026,0.01174927,0.99914551,0.04469299,0.01390076,0.99890137,32.46188354,0.76612854,-30.30032349,-26.59420776,1.19850159,-24.19755554,0,0.0,2.82208252,2.82208252,1.0,1.0,1578642396531421,252356737053, HMD, -0.12940, 1.17879, 0.35292, 0.46088, 0.03190, 0.88670, -0.01833
3760833,1578642396534182,1,1,1,1,0,1,1,1,1,0,0.03936768,0.01126099,0.99914551,0.04595947,0.0138092,0.99884033,32.46186829,0.7681427,-30.29478455,-26.59568787,1.19293213,-24.1776886,0,0.0,2.82516479,2.82516479,1.0,1.0,1578642396533717,252356760013, HMD, -0.12938, 1.17881, 0.35293, 0.46082, 0.03193, 0.88673, -0.01839
3760833,1578642396537260,1,1,1,1,0,1,1,1,1,0,0.03936768,0.01126099,0.99914551,0.04595947,0.0138092,0.99884033,32.46186829,0.7681427,-30.29478455,-26.59568787,1.19293213,-24.1776886,0,0.0,2.82516479,2.82516479,1.0,1.0,1578642396533717,252356760013, HMD, -0.12938, 1.17881, 0.35293, 0.46082, 0.03193, 0.88673, -0.01839
3760833,1578642396541268,1,1,1,1,0,1,1,1,1,0,0.03936768,0.01126099,0.99914551,0.04595947,0.0138092,0.99884033,32.46186829,0.7681427,-30.29478455,-26.59568787,1.19293213,-24.1776886,0,0.0,2.82516479,2.82516479,1.0,1.0,1578642396544343,252356866351, HMD, -0.12931, 1.17888, 0.35300, 0.46050, 0.03206, 0.88688, -0.01870
3760841,1578642396544976,1,1,1,1,0,1,1,1,1,0,0.03813171,0.0124054,0.99919128,0.04542542,0.01309204,0.99887085,32.45896912,0.76939392,-30.29130554,-26.59692383,1.1882782,-24.15605164,0,0.0,2.84786987,2.84786987,1.0,1.0,1578642396544902,252356871866, HMD, -0.12931, 1.17889, 0.35301, 0.46048, 0.03207, 0.88689, -0.01872
3760841,1578642396548964,1,1,1,1,0,1,1,1,1,0,0.03813171,0.0124054,0.99919128,0.04542542,0.01309204,0.99887085,32.45896912,0.76939392,-30.29130554,-26.59692383,1.1882782,-24.15605164,0,0.0,2.84786987,2.84786987,1.0,1.0,1578642396548178,252356904620, HMD, -0.12927, 1.17891, 0.35303, 0.46039, 0.03211, 0.88694, -0.01882
3760850,1578642396553042,1,1,1,1,0,1,1,1,1,0,0.04000854,0.01141357,0.99913025,0.04489136,0.01260376,0.99890137,32.45606995,0.77064514,-30.29478455,-26.59815979,1.18360901,-24.13439941,0,0.0,2.85687256,2.85687256,1.0,1.0,1578642396548178,252356904620, HMD, -0.12927, 1.17891, 0.35303, 0.46039, 0.03211, 0.88694, -0.01882
3760850,1578642396557010,1,1,1,1,0,1,1,1,1,0,0.04000854,0.01141357,0.99913025,0.04489136,0.01260376,0.99890137,32.45606995,0.77064514,-30.29478455,-26.59815979,1.18360901,-24.13439941,0,0.0,2.85687256,2.85687256,1.0,1.0,1578642396563823,252357061082, HMD, -0.12911, 1.17899, 0.35309, 0.45993, 0.03230, 0.88716, -0.01936
3760858,1578642396561018,1,1,1,1,0,1,1,1,1,0,0.03894043,0.01127625,0.99917603,0.04484558,0.01200867,0.99891663,32.454422,0.77148438,-30.30032349,-26.59870911,1.18128967,-24.12089539,0,0.0,2.84088135,2.84088135,1.0,1.0,1578642396563823,252357061082, HMD, -0.12911, 1.17899, 0.35309, 0.45993, 0.03230, 0.88716, -0.01936
3760858,1578642396565012,1,1,1,1,0,1,1,1,1,0,0.03894043,0.01127625,0.99917603,0.04484558,0.01200867,0.99891663,32.454422,0.77148438,-30.30032349,-26.59870911,1.18128967,-24.12089539,0,0.0,2.84088135,2.84088135,1.0,1.0,1578642396565010,252357072942, HMD, -0.12910, 1.17899, 0.35310, 0.45989, 0.03231, 0.88717, -0.01941
3760866,1578642396569016,1,1,1,1,0,1,1,1,1,0,0.03787231,0.01097107,0.9992218,0.04478455,0.01145935,0.99891663,32.45278931,0.77230835,-30.30584717,-26.59927368,1.17895508,-24.10739136,0,0.0,2.82489014,2.82489014,1.0,1.0,1578642396567641,252357099250, HMD, -0.12908, 1.17900, 0.35310, 0.45982, 0.03233, 0.88721, -0.01949
3760866,1578642396573015,1,1,1,1,0,1,1,1,1,0,0.03787231,0.01097107,0.9992218,0.04478455,0.01145935,0.99891663,32.45278931,0.77230835,-30.30584717,-26.59927368,1.17895508,-24.10739136,0,0.0,2.82489014,2.82489014,1.0,1.0,1578642396567641,252357099250, HMD, -0.12908, 1.17900, 0.35310, 0.45982, 0.03233, 0.88721, -0.01949
3760875,1578642396577002,1,1,1,1,0,1,1,1,1,0,0.03768921,0.00994873,0.99923706,0.04463196,0.01069641,0.99893188,32.45227051,0.77581787,-30.30606079,-26.60063171,1.17756653,-24.09721375,0,0.0,2.82162476,2.82162476,1.0,1.0,1578642396578698,252357209828, HMD, -0.12899, 1.17908, 0.35315, 0.45953, 0.03241, 0.88735, -0.01988
3760875,1578642396581019,1,1,1,1,0,1,1,1,1,0,0.03768921,0.00994873,0.99923706,0.04463196,0.01069641,0.99893188,32.45227051,0.77581787,-30.30606079,-26.60063171,1.17756653,-24.09721375,0,0.0,2.82162476,2.82162476,1.0,1.0,1578642396581075,252357233595, HMD, -0.12897, 1.17909, 0.35316, 0.45946, 0.03241, 0.88738, -0.01996
3760883,1578642396585021,1,1,1,1,0,1,1,1,1,0,0.0375061,0.00883484,0.99925232,0.04428101,0.00965881,0.9989624,32.45176697,0.77934265,-30.30625916,-26.602005,1.17617798,-24.08703613,0,0.0,2.81837463,2.81837463,1.0,1.0,1578642396581746,252357240300, HMD, -0.12897, 1.17910, 0.35316, 0.45944, 0.03241, 0.88739, -0.01998
3760883,1578642396589027,1,1,1,1,0,1,1,1,1,0,0.0375061,0.00883484,0.99925232,0.04428101,0.00965881,0.9989624,32.45176697,0.77934265,-30.30625916,-26.602005,1.17617798,-24.08703613,0,0.0,2.81837463,2.81837463,1.0,1.0,1578642396592074,252357343599, HMD, -0.12890, 1.17916, 0.35320, 0.45919, 0.03243, 0.88751, -0.02031
3760891,1578642396593104,1,1,1,1,0,1,1,1,1,0,0.03730774,0.00813293,0.99926758,0.04450989,0.00889587,0.9989624,32.4511261,0.7819519,-30.3065033,-26.60392761,1.17225647,-24.07385254,0,0.0,2.81719971,2.81719971,1.0,1.0,1578642396593129,252357354141, HMD, -0.12889, 1.17917, 0.35321, 0.45917, 0.03243, 0.88752, -0.02034
3760891,1578642396597113,1,1,1,1,0,1,1,1,1,0,0.03730774,0.00813293,0.99926758,0.04450989,0.00889587,0.9989624,32.4511261,0.7819519,-30.3065033,-26.60392761,1.17225647,-24.07385254,0,0.0,2.81719971,2.81719971,1.0,1.0,1578642396596254,252357385386, HMD, -0.12887, 1.17919, 0.35322, 0.45909, 0.03242, 0.88757, -0.02042
3760900,1578642396601118,1,1,1,1,0,1,1,1,1,0,0.03709412,0.0083313,0.99926758,0.04472351,0.00817871,0.9989624,32.45048523,0.78082275,-30.3067627,-26.60583496,1.16833496,-24.06066895,0,0.0,2.81643677,2.81643677,1.0,1.0,1578642396603920,252357462055, HMD, -0.12882, 1.17925, 0.35326, 0.45890, 0.03241, 0.88765, -0.02062
3760900,1578642396605141,1,1,1,1,0,1,1,1,1,0,0.03709412,0.0083313,0.99926758,0.04472351,0.00817871,0.9989624,32.45048523,0.78082275,-30.3067627,-26.60583496,1.16833496,-24.06066895,0,0.0,2.81643677,2.81643677,1.0,1.0,1578642396605181,252357474652, HMD, -0.12882, 1.17926, 0.35326, 0.45887, 0.03241, 0.88767, -0.02065
3760900,1578642396609104,1,1,1,1,0,1,1,1,1,0,0.03709412,0.0083313,0.99926758,0.04472351,0.00817871,0.9989624,32.45048523,0.78082275,-30.3067627,-26.60583496,1.16833496,-24.06066895,0,0.0,2.81643677,2.81643677,1.0,1.0,1578642396608616,252357509008, HMD, -0.12879, 1.17928, 0.35327, 0.45878, 0.03240, 0.88772, -0.02073
3760908,1578642396613093,1,1,1,1,0,1,1,1,1,0,0.0369873,0.00927734,0.99926758,0.04403687,0.00810242,0.99899292,32.448349,0.78007507,-30.32220459,-26.60733032,1.16659546,-24.05856323,0,0.0,2.81591797,2.81591797,1.0,1.0,1578642396608616,252357509008, HMD, -0.12879, 1.17928, 0.35327, 0.45878, 0.03240, 0.88772, -0.02073
3760908,1578642396617119,1,1,1,1,0,1,1,1,1,0,0.0369873,0.00927734,0.99926758,0.04403687,0.00810242,0.99899292,32.448349,0.78007507,-30.32220459,-26.60733032,1.16659546,-24.05856323,0,0.0,2.81591797,2.81591797,1.0,1.0,1578642396619001,252357612868, HMD, -0.12872, 1.17933, 0.35332, 0.45854, 0.03239, 0.88784, -0.02096
3760916,1578642396622101,1,1,1,1,0,1,1,1,1,0,0.03688049,0.00997925,0.99926758,0.04333496,0.00804138,0.99902344,32.44621277,0.77934265,-30.33343506,-26.60882568,1.1648407,-24.05644226,0,0.0,2.81568909,2.81568909,1.0,1.0,1578642396622151,252357644356, HMD, -0.12867, 1.17934, 0.35332, 0.45847, 0.03239, 0.88787, -0.02107
3760925,1578642396626113,1,1,1,1,0,1,1,1,1,0,0.03729248,0.01017761,0.99923706,0.04219055,0.0078125,0.99906921,32.44313049,0.77934265,-30.33764648,-26.61408997,1.16241455,-24.04830933,0,0.0,2.81118774,2.81118774,1.0,1.0,1578642396622151,252357644356, HMD, -0.12867, 1.17934, 0.35332, 0.45847, 0.03239, 0.88787, -0.02107
3760925,1578642396630103,1,1,1,1,0,1,1,1,1,0,0.03729248,0.01017761,0.99923706,0.04219055,0.0078125,0.99906921,32.44313049,0.77934265,-30.33764648,-26.61408997,1.16241455,-24.04830933,0,0.0,2.81118774,2.81118774,1.0,1.0,1578642396633679,252357759639, HMD, -0.12857, 1.17939, 0.35339, 0.45817, 0.03242, 0.88802, -0.02129
3760933,1578642396634094,1,1,1,1,0,1,1,1,1,0,0.03762817,0.00904846,0.99923706,0.04248047,0.00769043,0.99905396,32.4420929,0.77934265,-30.3407135,-26.61685181,1.16014099,-24.04730225,0,0.0,2.78135681,2.78135681,1.0,1.0,1578642396634137,252357764210, HMD, -0.12857, 1.17940, 0.35339, 0.45816, 0.03242, 0.88802, -0.02130
3760933,1578642396638093,1,1,1,1,0,1,1,1,1,0,0.03762817,0.00904846,0.99923706,0.04248047,0.00769043,0.99905396,32.4420929,0.77934265,-30.3407135,-26.61685181,1.16014099,-24.04730225,0,0.0,2.78135681,2.78135681,1.0,1.0,1578642396636748,252357790321, HMD, -0.12855, 1.17941, 0.35340, 0.45810, 0.03243, 0.88805, -0.02135
3760941,1578642396643092,1,1,1,1,0,1,1,1,1,0,0.03627014,0.00975037,0.99928284,0.04367065,0.00656128,0.99902344,32.44107056,0.77934265,-30.35179138,-26.62277222,1.15539551,-24.03660583,0,0.0,2.78015137,2.78015137,1.0,1.0,1578642396645693,252357879775, HMD, -0.12846, 1.17945, 0.35343, 0.45787, 0.03249, 0.88817, -0.02151
3760941,1578642396647102,1,1,1,1,0,1,1,1,1,0,0.03627014,0.00975037,0.99928284,0.04367065,0.00656128,0.99902344,32.44107056,0.77934265,-30.35179138,-26.62277222,1.15539551,-24.03660583,0,0.0,2.78015137,2.78015137,1.0,1.0,1578642396647147,252357894316, HMD, -0.12844, 1.17945, 0.35342, 0.45782, 0.03251, 0.88819, -0.02154
3760941,1578642396651095,1,1,1,1,0,1,1,1,1,0,0.03627014,0.00975037,0.99928284,0.04367065,0.00656128,0.99902344,32.44107056,0.77934265,-30.35179138,-26.62277222,1.15539551,-24.03660583,0,0.0,2.78015137,2.78015137,1.0,1.0,1578642396648797,252357910814, HMD, -0.12845, 1.17943, 0.35346, 0.45778, 0.03251, 0.88821, -0.02153
3760950,1578642396654602,1,1,1,1,0,1,1,1,1,0,0.03549194,0.00900269,0.99932861,0.04418945,0.00514221,0.99900818,32.44049072,0.77934265,-30.35179138,-26.62620544,1.15507507,-24.03218079,0,0.0,2.77166748,2.77166748,1.0,1.0,1578642396658197,252358004817, HMD, -0.12839, 1.17947, 0.35349, 0.45755, 0.03258, 0.88832, -0.02168
3760950,1578642396658598,1,1,1,1,0,1,1,1,1,0,0.03549194,0.00900269,0.99932861,0.04418945,0.00514221,0.99900818,32.44049072,0.77934265,-30.35179138,-26.62620544,1.15507507,-24.03218079,0,0.0,2.77166748,2.77166748,1.0,1.0,1578642396658629,252358009138, HMD, -0.12839, 1.17947, 0.35349, 0.45754, 0.03258, 0.88833, -0.02168
3760966,1578642396666612,1,1,1,1,0,1,1,1,1,0,0.03547668,0.00862122,0.99932861,0.04296875,0.00518799,0.99905396,32.44038391,0.77934265,-30.35179138,-26.62893677,1.15255737,-24.03041077,0,0.0,2.76852417,2.76852417,1.0,1.0,1578642396670657,252358129438, HMD, -0.12823, 1.17946, 0.35354, 0.45725, 0.03270, 0.88847, -0.02186
3760966,1578642396670597,1,1,1,1,0,1,1,1,1,0,0.03396606,0.00897217,0.99937439,0.04103088,0.00325012,0.99914551,32.44007874,0.77600098,-30.35179138,-26.63137817,1.14720154,-24.02767944,0,0.0,2.76858521,2.76858521,1.0,1.0,1578642396670657,252358129438, HMD, -0.12823, 1.17946, 0.35354, 0.45725, 0.03270, 0.88847, -0.02186
3760966,1578642396674646,1,1,1,1,0,1,1,1,1,0,0.03396606,0.00897217,0.99937439,0.04103088,0.00325012,0.99914551,32.44007874,0.77600098,-30.35179138,-26.63137817,1.14720154,-24.02767944,0,0.0,2.76858521,2.76858521,1.0,1.0,1578642396674762,252358170470, HMD, -0.12820, 1.17947, 0.35355, 0.45716, 0.03273, 0.88851, -0.02191
3760975,1578642396678598,1,1,1,1,0,1,1,1,1,0,0.03266907,0.00828552,0.99942017,0.0393219,0.0018158,0.9992218,32.44000244,0.77264404,-30.3407135,-26.63256836,1.14633179,-24.02420044,0,0.0,2.76742554,2.76742554,1.0,1.0,1578642396675444,252358177287, HMD, -0.12820, 1.17947, 0.35355, 0.45714, 0.03273, 0.88852, -0.02192
3760975,1578642396682600,1,1,1,1,0,1,1,1,1,0,0.03266907,0.00828552,0.99942017,0.0393219,0.0018158,0.9992218,32.44000244,0.77264404,-30.3407135,-26.63256836,1.14633179,-24.02420044,0,0.0,2.76742554,2.76742554,1.0,1.0,1578642396684982,252358272675, HMD, -0.12808, 1.17947, 0.35356, 0.45690, 0.03282, 0.88864, -0.02207
3760983,1578642396687590,1,1,1,1,0,1,1,1,1,0,0.03274536,0.00717163,0.99943542,0.03892517,0.0005188,0.99923706,32.43939209,0.77047729,-30.3407135,-26.63496399,1.14596558,-24.01678467,0,0.0,2.76278687,2.76278687,1.0,1.0,1578642396687585,252358298690, HMD, -0.12806, 1.17948, 0.35356, 0.45684, 0.03284, 0.88867, -0.02210
3760983,1578642396691586,1,1,1,1,0,1,1,1,1,0,0.03274536,0.00717163,0.99943542,0.03892517,0.0005188,0.99923706,32.43939209,0.77047729,-30.3407135,-26.63496399,1.14596558,-24.01678467,0,0.0,2.76278687,2.76278687,1.0,1.0,1578642396688069,252358303530, HMD, -0.12805, 1.17948, 0.35357, 0.45683, 0.03284, 0.88867, -0.02211
3760991,1578642396695619,1,1,1,1,0,1,1,1,1,0,0.03260803,0.00708008,0.99943542,0.03782654,0.00036621,0.99928284,32.43783569,0.76805115,-30.33764648,-26.63711548,1.1452179,-24.01594543,0,0.0,2.76296997,2.76296997,1.0,1.0,1578642396688069,252358303530, HMD, -0.12805, 1.17948, 0.35357, 0.45683, 0.03284, 0.88867, -0.02211
3760991,1578642396700594,1,1,1,1,0,1,1,1,1,0,0.03260803,0.00708008,0.99943542,0.03782654,0.00036621,0.99928284,32.43783569,0.76805115,-30.33764648,-26.63711548,1.1452179,-24.01594543,0,0.0,2.76296997,2.76296997,1.0,1.0,1578642396710991,252358532759, HMD, -0.12790, 1.17955, 0.35362, 0.45626, 0.03303, 0.88895, -0.02246
3761000,1578642396704594,1,1,1,1,0,1,1,1,1,0,0.03277588,0.00630188,0.99943542,0.03862,-0.00184631,0.99923706,32.436203,0.76637268,-30.33343506,-26.64039612,1.13929749,-23.98960876,0,0.0,2.76696777,2.76696777,1.0,1.0,1578642396710991,252358532759, HMD, -0.12790, 1.17955, 0.35362, 0.45626, 0.03303, 0.88895, -0.02246
3761000,1578642396708608,1,1,1,1,0,1,1,1,1,0,0.03277588,0.00630188,0.99943542,0.03862,-0.00184631,0.99923706,32.436203,0.76637268,-30.33343506,-26.64039612,1.13929749,-23.98960876,0,0.0,2.76696777,2.76696777,1.0,1.0,1578642396710991,252358532759, HMD, -0.12790, 1.17955, 0.35362, 0.45626, 0.03303, 0.88895, -0.02246
3761008,1578642396713582,1,1,1,1,0,1,1,1,1,0,0.03305054,0.00898743,0.99940491,0.03834534,-0.00410461,0.99925232,32.43408203,0.74546814,-30.30532837,-26.64338684,1.12631226,-23.95863342,0,0.0,2.76387024,2.76387024,1.0,1.0,1578642396713628,252358559130, HMD, -0.12789, 1.17955, 0.35363, 0.45621, 0.03305, 0.88898, -0.02251
3761016,1578642396717594,1,1,1,1,0,1,1,1,1,0,0.03300476,0.00993347,0.99940491,0.03900146,-0.00302124,0.9992218,32.43118286,0.73983765,-30.30418396,-26.64698792,1.1192627,-23.95808411,0,0.0,2.75909424,2.75909424,1.0,1.0,1578642396714230,252358565148, HMD, -0.12788, 1.17955, 0.35363, 0.45619, 0.03306, 0.88898, -0.02251
3761016,1578642396722592,1,1,1,1,0,1,1,1,1,0,0.03300476,0.00993347,0.99940491,0.03900146,-0.00302124,0.9992218,32.43118286,0.73983765,-30.30418396,-26.64698792,1.1192627,-23.95808411,0,0.0,2.75909424,2.75909424,1.0,1.0,1578642396726754,252358690395, HMD, -0.12793, 1.17964, 0.35367, 0.45589, 0.03316, 0.88913, -0.02271
3761025,1578642396726577,1,1,1,1,0,1,1,1,1,0,0.03321838,0.00933838,0.99938965,0.03869629,-0.00273132,0.99923706,32.42822266,0.7270813,-30.26878357,-26.65118408,1.11573792,-23.94897461,0,0.0,2.72213745,2.72213745,1.0,1.0,1578642396726754,252358690395, HMD, -0.12793, 1.17964, 0.35367, 0.45589, 0.03316, 0.88913, -0.02271
3761025,1578642396730580,1,1,1,1,0,1,1,1,1,0,0.03321838,0.00933838,0.99938965,0.03869629,-0.00273132,0.99923706,32.42822266,0.7270813,-30.26878357,-26.65118408,1.11573792,-23.94897461,0,0.0,2.72213745,2.72213745,1.0,1.0,1578642396730522,252358728068, HMD, -0.12792, 1.17964, 0.35369, 0.45582, 0.03320, 0.88916, -0.02275
3761033,1578642396734587,1,1,1,1,0,1,1,1,1,0,0.03205872,0.00894165,0.99943542,0.03674316,-0.00187683,0.99931335,32.42601013,0.71995544,-30.24154663,-26.65567017,1.10749817,-23.94120789,0,0.0,2.72251892,2.72251892,1.0,1.0,1578642396730522,252358728068, HMD, -0.12792, 1.17964, 0.35369, 0.45582, 0.03320, 0.88916, -0.02275
3761033,1578642396738575,1,1,1,1,0,1,1,1,1,0,0.03205872,0.00894165,0.99943542,0.03674316,-0.00187683,0.99931335,32.42601013,0.71995544,-30.24154663,-26.65567017,1.10749817,-23.94120789,0,0.0,2.72251892,2.72251892,1.0,1.0,1578642396740393,252358826805, HMD, -0.12787, 1.17966, 0.35370, 0.45562, 0.03330, 0.88926, -0.02291
3761033,1578642396743604,1,1,1,1,0,1,1,1,1,0,0.03189087,0.00764465,0.99945068,0.03700256,-0.00086975,0.99931335,32.42424011,0.71911621,-30.23881531,-26.65905762,1.10112,-23.934021,0,0.0,2.72192383,2.72192383,1.0,1.0,1578642396743515,252358857997, HMD, -0.12786, 1.17967, 0.35370, 0.45556, 0.03334, 0.88928, -0.02297
3761041,1578642396748583,1,1,1,1,0,1,1,1,1,0,0.03189087,0.00764465,0.99945068,0.03700256,-0.00086975,0.99931335,32.42424011,0.71911621,-30.23881531,-26.65905762,1.10112,-23.934021,0,0.0,2.72192383,2.72192383,1.0,1.0,1578642396745030,252358873141, HMD, -0.12785, 1.17968, 0.35370, 0.45553, 0.03335, 0.88930, -0.02300
3761050,1578642396754600,1,1,1,1,0,1,1,1,1,0,0.03111267,0.00778198,0.9994812,0.03492737,-0.00036621,0.99937439,32.42156982,0.70932007,-30.20678711,-26.66200256,1.09797668,-23.93228149,0,0.0,2.7535553,2.7535553,1.0,1.0,1578642396760021,252359023097, HMD, -0.12765, 1.17968, 0.35369, 0.45526, 0.03353, 0.88942, -0.02329
3761050,1578642396758446,1,1,1,1,0,1,1,1,1,0,0.03111267,0.00778198,0.9994812,0.03492737,-0.00036621,0.99937439,32.42156982,0.70932007,-30.20678711,-26.66200256,1.09797668,-23.93228149,0,0.0,2.7535553,2.7535553,1.0,1.0,1578642396760021,252359023097, HMD, -0.12765, 1.17968, 0.35369, 0.45526, 0.03353, 0.88942, -0.02329
3761058,1578642396762575,1,1,1,1,0,1,1,1,1,0,0.0317688,0.00816345,0.99945068,0.03459167,0.00028992,0.99938965,32.4188385,0.70549011,-30.20310974,-26.6640625,1.09506226,-23.93218994,0,0.0,2.73483276,2.73483276,1.0,1.0,1578642396762503,252359047874, HMD, -0.12764, 1.17969, 0.35369, 0.45522, 0.03355, 0.88944, -0.02333
3761058,1578642396766574,1,1,1,1,0,1,1,1,1,0,0.0317688,0.00816345,0.99945068,0.03459167,0.00028992,0.99938965,32.4188385,0.70549011,-30.20310974,-26.6640625,1.09506226,-23.93218994,0,0.0,2.73483276,2.73483276,1.0,1.0,1578642396764455,252359067400, HMD, -0.12763, 1.17969, 0.35369, 0.45519, 0.03357, 0.88946, -0.02336
3761066,1578642396770571,1,1,1,1,0,1,1,1,1,0,0.0319519,0.00758362,0.99945068,0.03483582,-0.00137329,0.99938965,32.41856384,0.70352173,-30.18988037,-26.66633606,1.0872345,-23.90966797,0,0.0,2.72299194,2.72299194,1.0,1.0,1578642396764455,252359067400, HMD, -0.12763, 1.17969, 0.35369, 0.45519, 0.03357, 0.88946, -0.02336
3761075,1578642396775614,1,1,1,1,0,1,1,1,1,0,0.03236389,0.00741577,0.99943542,0.03437805,-0.0005188,0.99940491,32.41445923,0.69271851,-30.1569519,-26.66976929,1.07937622,-23.89724731,0,0.0,2.73553467,2.73553467,1.0,1.0,1578642396782512,252359247986, HMD, -0.12755, 1.17974, 0.35370, 0.45484, 0.03374, 0.88962, -0.02364
3761075,1578642396779565,1,1,1,1,0,1,1,1,1,0,0.03236389,0.00741577,0.99943542,0.03437805,-0.0005188,0.99940491,32.41445923,0.69271851,-30.1569519,-26.66976929,1.07937622,-23.89724731,0,0.0,2.73553467,2.73553467,1.0,1.0,1578642396782512,252359247986, HMD, -0.12755, 1.17974, 0.35370, 0.45484, 0.03374, 0.88962, -0.02364
3761083,1578642396783578,1,1,1,1,0,1,1,1,1,0,0.03338623,0.0067749,0.99940491,0.03364563,-0.00050354,0.99942017,32.41036987,0.68673706,-30.13601685,-26.67196655,1.07756042,-23.89724731,0,0.0,2.73576355,2.73576355,1.0,1.0,1578642396783577,252359258621, HMD, -0.12754, 1.17974, 0.35370, 0.45482, 0.03375, 0.88963, -0.02366
3761083,1578642396787586,1,1,1,1,0,1,1,1,1,0,0.03338623,0.0067749,0.99940491,0.03364563,-0.00050354,0.99942017,32.41036987,0.68673706,-30.13601685,-26.67196655,1.07756042,-23.89724731,0,0.0,2.73576355,2.73576355,1.0,1.0,1578642396786867,252359291532, HMD, -0.12750, 1.17976, 0.35371, 0.45476, 0.03377, 0.88966, -0.02371
3761083,1578642396791558,1,1,1,1,0,1,1,1,1,0,0.03338623,0.0067749,0.99940491,0.03364563,-0.00050354,0.99942017,32.41036987,0.68673706,-30.13601685,-26.67196655,1.07756042,-23.89724731,0,0.0,2.73576355,2.73576355,1.0,1.0,1578642396786867,252359291532, HMD, -0.12750, 1.17976, 0.35371, 0.45476, 0.03377, 0.88966, -0.02371
3761100,1578642396802561,1,1,1,1,0,1,1,1,1,0,0.0345459,0.00611877,0.99937439,0.03361511,-0.00131226,0.99942017,32.40560913,0.68296814,-30.12368774,-26.6764679,1.07756042,-23.89724731,0,0.0,2.73565674,2.73565674,1.0,1.0,1578642396809670,252359519606, HMD, -0.12739, 1.17983, 0.35373, 0.45433, 0.03396, 0.88986, -0.02402
3761100,1578642396806574,1,1,1,1,0,1,1,1,1,0,0.0345459,0.00611877,0.99937439,0.03361511,-0.00131226,0.99942017,32.40560913,0.68296814,-30.12368774,-26.6764679,1.07756042,-23.89724731,0,0.0,2.73565674,2.73565674,1.0,1.0,1578642396809670,252359519606, HMD, -0.12739, 1.17983, 0.35373, 0.45433, 0.03396, 0.88986, -0.02402
3761108,1578642396810596,1,1,1,1,0,1,1,1,1,0,0.03453064,0.00592041,0.99937439,0.03193665,-0.00172424,0.9994812,32.40538025,0.68263245,-30.11947632,-26.67669678,1.07756042,-23.89724731,0,0.0,2.73568726,2.73568726,1.0,1.0,1578642396810820,252359531047, HMD, -0.12739, 1.17983, 0.35374, 0.45431, 0.03396, 0.88987, -0.02404
3761108,1578642396815548,1,1,1,1,0,1,1,1,1,0,0.03453064,0.00592041,0.99937439,0.03193665,-0.00172424,0.9994812,32.40538025,0.68263245,-30.11947632,-26.67669678,1.07756042,-23.89724731,0,0.0,2.73568726,2.73568726,1.0,1.0,1578642396814834,252359571187, HMD, -0.12737, 1.17985, 0.35373, 0.45423, 0.03400, 0.88991, -0.02410
3761116,1578642396819560,1,1,1,1,0,1,1,1,1,0,0.03297424,0.00631714,0.99943542,0.03059387,-0.00331116,0.99951172,32.40481567,0.68058777,-30.1181488,-26.67755127,1.07739258,-23.89724731,0,0.0,2.73603821,2.73603821,1.0,1.0,1578642396814834,252359571187, HMD, -0.12737, 1.17985, 0.35373, 0.45423, 0.03400, 0.88991, -0.02410
3761125,1578642396825553,1,1,1,1,0,1,1,1,1,0,0.03297424,0.0043335,0.99943542,0.02938843,-0.00334167,0.9995575,32.40478516,0.67988586,-30.11746216,-26.67810059,1.0763092,-23.89724731,0,0.0,2.73524475,2.73524475,1.0,1.0,1578642396814834,252359571187, HMD, -0.12737, 1.17985, 0.35373, 0.45423, 0.03400, 0.88991, -0.02410
3761125,1578642396829544,1,1,1,1,0,1,1,1,1,0,0.03297424,0.0043335,0.99943542,0.02938843,-0.00334167,0.9995575,32.40478516,0.67988586,-30.11746216,-26.67810059,1.0763092,-23.89724731,0,0.0,2.73524475,2.73524475,1.0,1.0,1578642396837556,252359798428, HMD, -0.12727, 1.17995, 0.35376, 0.45381, 0.03421, 0.89010, -0.02445
3761133,1578642396833552,1,1,1,1,0,1,1,1,1,0,0.03251648,0.00457764,0.99945068,0.02920532,-0.00550842,0.9995575,32.40478516,0.6774292,-30.11445618,-26.67814636,1.07601929,-23.89605713,0,0.0,2.73535156,2.73535156,1.0,1.0,1578642396837556,252359798428, HMD, -0.12727, 1.17995, 0.35376, 0.45381, 0.03421, 0.89010, -0.02445
3761133,1578642396837549,1,1,1,1,0,1,1,1,1,0,0.03251648,0.00457764,0.99945068,0.02920532,-0.00550842,0.9995575,32.40478516,0.6774292,-30.11445618,-26.67814636,1.07601929,-23.89605713,0,0.0,2.73535156,2.73535156,1.0,1.0,1578642396837556,252359798428, HMD, -0.12727, 1.17995, 0.35376, 0.45381, 0.03421, 0.89010, -0.02445
3761133,1578642396841575,1,1,1,1,0,1,1,1,1,0,0.03251648,0.00457764,0.99945068,0.02920532,-0.00550842,0.9995575,32.40478516,0.6774292,-30.11445618,-26.67814636,1.07601929,-23.89605713,0,0.0,2.73535156,2.73535156,1.0,1.0,1578642396841311,252359835954, HMD, -0.12727, 1.17997, 0.35375, 0.45375, 0.03425, 0.89013, -0.02453
3761141,1578642396848541,1,1,1,1,0,1,1,1,1,0,0.03167725,0.00502014,0.9994812,0.02789307,-0.0057373,0.99958801,32.40438843,0.67460632,-30.11181641,-26.67854309,1.07504272,-23.89605713,0,0.0,2.73527527,2.73527527,1.0,1.0,1578642396841311,252359835954, HMD, -0.12727, 1.17997, 0.35375, 0.45375, 0.03425, 0.89013, -0.02453
3761150,1578642396852540,1,1,1,1,0,1,1,1,1,0,0.03106689,0.00524902,0.99949646,0.02783203,-0.00588989,0.99958801,32.4042511,0.67384338,-30.11042786,-26.67869568,1.07504272,-23.89605713,0,0.0,2.73582458,2.73582458,1.0,1.0,1578642396861681,252360039690, HMD, -0.12717, 1.18003, 0.35379, 0.45337, 0.03443, 0.89031, -0.02492
3761150,1578642396859555,1,1,1,1,0,1,1,1,1,0,0.03045654,0.00532532,0.99951172,0.0262146,-0.0059967,0.99963379,32.40328979,0.67311096,-30.10945129,-26.68031311,1.07487488,-23.89605713,0,0.0,2.74360657,2.74360657,1.0,1.0,1578642396861681,252360039690, HMD, -0.12717, 1.18003, 0.35379, 0.45337, 0.03443, 0.89031, -0.02492
3761158,1578642396863297,1,1,1,1,0,1,1,1,1,0,0.03045654,0.00532532,0.99951172,0.0262146,-0.0059967,0.99963379,32.40328979,0.67311096,-30.10945129,-26.68031311,1.07487488,-23.89605713,0,0.0,2.74360657,2.74360657,1.0,1.0,1578642396863340,252360056244, HMD, -0.12716, 1.18004, 0.35379, 0.45334, 0.03444, 0.89032, -0.02496
3761158,1578642396867314,1,1,1,1,0,1,1,1,1,0,0.03082275,0.00427246,0.99951172,0.0269928,-0.00624084,0.99960327,32.40161133,0.6723938,-30.09916687,-26.68405151,1.07487488,-23.89605713,0,0.0,2.74356079,2.74356079,1.0,1.0,1578642396866958,252360092420, HMD, -0.12714, 1.18005, 0.35379, 0.45329, 0.03446, 0.89035, -0.02503
3761166,1578642396871296,1,1,1,1,0,1,1,1,1,0,0.03082275,0.00427246,0.99951172,0.0269928,-0.00624084,0.99960327,32.40161133,0.6723938,-30.09916687,-26.68405151,1.07487488,-23.89605713,0,0.0,2.74356079,2.74356079,1.0,1.0,1578642396866958,252360092420, HMD, -0.12714, 1.18005, 0.35379, 0.45329, 0.03446, 0.89035, -0.02503
3761166,1578642396875325,1,1,1,1,0,1,1,1,1,0,0.03109741,0.0040741,0.99949646,0.02767944,-0.00637817,0.99958801,32.39929199,0.67120361,-30.09599304,-26.68722534,1.07487488,-23.89724731,0,0.0,2.73570251,2.73570251,1.0,1.0,1578642396866958,252360092420, HMD, -0.12714, 1.18005, 0.35379, 0.45329, 0.03446, 0.89035, -0.02503
3761183,1578642396886317,1,1,1,1,0,1,1,1,1,0,0.03103638,0.00338745,0.99951172,0.02583313,-0.00569153,0.99964905,32.39764404,0.66398621,-30.07583618,-26.69067383,1.07333374,-23.90074158,0,0.0,2.73596191,2.73596191,1.0,1.0,1578642396890817,252360331112, HMD, -0.12706, 1.18020, 0.35381, 0.45286, 0.03460, 0.89054, -0.02559
3761183,1578642396890371,1,1,1,1,0,1,1,1,1,0,0.03103638,0.00338745,0.99951172,0.02583313,-0.00569153,0.99964905,32.39764404,0.66398621,-30.07583618,-26.69067383,1.07333374,-23.90074158,0,0.0,2.73596191,2.73596191,1.0,1.0,1578642396890817,252360331112, HMD, -0.12706, 1.18020, 0.35381, 0.45286, 0.03460, 0.89054, -0.02559
3761200,1578642396902318,1,1,1,1,0,1,1,1,1,0,0.03085327,0.0030365,0.99951172,0.0247345,-0.0057373,0.99966431,32.39463806,0.66381836,-30.07550049,-26.69577026,1.07229614,-23.90628052,0,0.0,2.73580933,2.73580933,1.0,1.0,1578642396895465,252360377495, HMD, -0.12704, 1.18022, 0.35382, 0.45277, 0.03464, 0.89058, -0.02570
3761200,1578642396906275,1,1,1,1,0,1,1,1,1,0,0.03085327,0.0030365,0.99951172,0.0247345,-0.0057373,0.99966431,32.39463806,0.66381836,-30.07550049,-26.69577026,1.07229614,-23.90628052,0,0.0,2.73580933,2.73580933,1.0,1.0,1578642396895465,252360377495, HMD, -0.12704, 1.18022, 0.35382, 0.45277, 0.03464, 0.89058, -0.02570
3761208,1578642396912276,1,1,1,1,0,1,1,1,1,0,0.03085327,0.00305176,0.99951172,0.02462769,-0.00567627,0.99967957,32.39457703,0.66357422,-30.07550049,-26.69636536,1.07229614,-23.90628052,0,0.0,2.73544312,2.73544312,1.0,1.0,1578642396917369,252360596574, HMD, -0.12703, 1.18035, 0.35388, 0.45228, 0.03486, 0.89081, -0.02626
3761208,1578642396916277,1,1,1,1,0,1,1,1,1,0,0.03085327,0.00305176,0.99951172,0.02462769,-0.00567627,0.99967957,32.39457703,0.66357422,-30.07550049,-26.69636536,1.07229614,-23.90628052,0,0.0,2.73544312,2.73544312,1.0,1.0,1578642396917369,252360596574, HMD, -0.12703, 1.18035, 0.35388, 0.45228, 0.03486, 0.89081, -0.02626
3761216,1578642396921444,1,1,1,1,0,1,1,1,1,0,0.03042603,0.00248718,0.99952698,0.02435303,-0.00582886,0.99967957,32.39457703,0.66357422,-30.07550049,-26.6965332,1.07229614,-23.90628052,0,0.0,2.72741699,2.72741699,1.0,1.0,1578642396921490,252360637747, HMD, -0.12704, 1.18040, 0.35388, 0.45218, 0.03491, 0.89085, -0.02636
3761225,1578642396925455,1,1,1,1,0,1,1,1,1,0,0.03041077,0.00273132,0.99952698,0.02442932,-0.0058136,0.99967957,32.39450073,0.66357422,-30.07550049,-26.69689941,1.07196045,-23.90628052,0,0.0,2.73208618,2.73208618,1.0,1.0,1578642396921888,252360641727, HMD, -0.12704, 1.18040, 0.35388, 0.45217, 0.03491, 0.89086, -0.02637
3761225,1578642396928920,1,1,1,1,0,1,1,1,1,0,0.03041077,0.00273132,0.99952698,0.02442932,-0.0058136,0.99967957,32.39450073,0.66357422,-30.07550049,-26.69689941,1.07196045,-23.90628052,0,0.0,2.73208618,2.73208618,1.0,1.0,1578642396921888,252360641727, HMD, -0.12704, 1.18040, 0.35388, 0.45217, 0.03491, 0.89086, -0.02637
3761225,1578642396932018,1,1,1,1,0,1,1,1,1,0,0.03041077,0.00273132,0.99952698,0.02442932,-0.0058136,0.99967957,32.39450073,0.66357422,-30.07550049,-26.69689941,1.07196045,-23.90628052,0,0.0,2.73208618,2.73208618,1.0,1.0,1578642396938795,252360810871, HMD, -0.12701, 1.18048, 0.35393, 0.45177, 0.03512, 0.89104, -0.02683
3761233,1578642396936361,1,1,1,1,0,1,1,1,1,0,0.03007507,0.00259399,0.99954224,0.02429199,-0.00578308,0.99967957,32.39390564,0.66357422,-30.07550049,-26.69746399,1.07165527,-23.90628052,0,0.0,2.73513794,2.73513794,1.0,1.0,1578642396938795,252360810871, HMD, -0.12701, 1.18048, 0.35393, 0.45177, 0.03512, 0.89104, -0.02683
3761233,1578642396940464,1,1,1,1,0,1,1,1,1,0,0.03007507,0.00259399,0.99954224,0.02429199,-0.00578308,0.99967957,32.39390564,0.66357422,-30.07550049,-26.69746399,1.07165527,-23.90628052,0,0.0,2.73513794,2.73513794,1.0,1.0,1578642396940465,252360827500, HMD, -0.12700, 1.18049, 0.35393, 0.45174, 0.03514, 0.89105, -0.02688
3761241,1578642396946354,1,1,1,1,0,1,1,1,1,0,0.02986145,0.00215149,0.99954224,0.02394104,-0.00508118,0.99969482,32.39372253,0.66357422,-30.07550049,-26.69792175,1.06797791,-23.90628052,0,0.0,2.73210144,2.73210144,1.0,1.0,1578642396944540,252360868246, HMD, -0.12699, 1.18052, 0.35393, 0.45163, 0.03519, 0.89110, -0.02700
3761250,1578642396950352,1,1,1,1,0,1,1,1,1,0,0.0289917,0.00210571,0.99957275,0.02323914,-0.00485229,0.99971008,32.39372253,0.66357422,-30.07550049,-26.69799805,1.06759644,-23.90750122,0,0.0,2.73529053,2.73529053,1.0,1.0,1578642396944540,252360868246, HMD, -0.12699, 1.18052, 0.35393, 0.45163, 0.03519, 0.89110, -0.02700
3761250,1578642396953986,1,1,1,1,0,1,1,1,1,0,0.0289917,0.00210571,0.99957275,0.02323914,-0.00485229,0.99971008,32.39372253,0.66357422,-30.07550049,-26.69799805,1.06759644,-23.90750122,0,0.0,2.73529053,2.73529053,1.0,1.0,1578642396963152,252361054449, HMD, -0.12698, 1.18065, 0.35396, 0.45110, 0.03542, 0.89134, -0.02769
3761250,1578642396959000,1,1,1,1,0,1,1,1,1,0,0.0289917,0.00210571,0.99957275,0.02323914,-0.00485229,0.99971008,32.39372253,0.66357422,-30.07550049,-26.69799805,1.06759644,-23.90750122,0,0.0,2.73529053,2.73529053,1.0,1.0,1578642396963152,252361054449, HMD, -0.12698, 1.18065, 0.35396, 0.45110, 0.03542, 0.89134, -0.02769
3761258,1578642396962977,1,1,1,1,0,1,1,1,1,0,0.02908325,0.00210571,0.99957275,0.02256775,-0.00517273,0.99972534,32.39334106,0.66357422,-30.07550049,-26.69825745,1.06759644,-23.90794373,0,0.0,2.7353363,2.7353363,1.0,1.0,1578642396963152,252361054449, HMD, -0.12698, 1.18065, 0.35396, 0.45110, 0.03542, 0.89134, -0.02769
3761266,1578642396969009,1,1,1,1,0,1,1,1,1,0,0.02891541,0.00216675,0.99957275,0.02253723,-0.00559998,0.99972534,32.39334106,0.66331482,-30.07550049,-26.69987488,1.06759644,-23.9095459,0,0.0,2.73524475,2.73524475,1.0,1.0,1578642396967777,252361100613, HMD, -0.12697, 1.18069, 0.35397, 0.45099, 0.03547, 0.89139, -0.02789
3761266,1578642396972994,1,1,1,1,0,1,1,1,1,0,0.02891541,0.00216675,0.99957275,0.02253723,-0.00559998,0.99972534,32.39334106,0.66331482,-30.07550049,-26.69987488,1.06759644,-23.9095459,0,0.0,2.73524475,2.73524475,1.0,1.0,1578642396967777,252361100613, HMD, -0.12697, 1.18069, 0.35397, 0.45099, 0.03547, 0.89139, -0.02789
3761275,1578642396979966,1,1,1,1,0,1,1,1,1,0,0.02842712,0.00210571,0.99958801,0.02278137,-0.00547791,0.99972534,32.39334106,0.66357422,-30.07550049,-26.7023468,1.06817627,-23.91706848,0,0.0,2.73544312,2.73544312,1.0,1.0,1578642396984459,252361267473, HMD, -0.12690, 1.18084, 0.35400, 0.45048, 0.03569, 0.89161, -0.02869
3761283,1578642396983966,1,1,1,1,0,1,1,1,1,0,0.00756836,0.00764465,0.99993896,-0.00717163,0.01455688,0.99986267,32.20899963,0.70492554,-29.86485291,-26.82792664,1.24443054,-24.14082336,0,0.0,2.64961243,2.64961243,1.0,1.0,1578642396984459,252361267473, HMD, -0.12690, 1.18084, 0.35400, 0.45048, 0.03569, 0.89161, -0.02869
3761283,1578642396989961,1,1,1,1,0,1,1,1,1,0,0.00756836,0.00764465,0.99993896,-0.00717163,0.01455688,0.99986267,32.20899963,0.70492554,-29.86485291,-26.82792664,1.24443054,-24.14082336,0,0.0,2.64961243,2.64961243,1.0,1.0,1578642396987903,252361301872, HMD, -0.12691, 1.18086, 0.35400, 0.45038, 0.03573, 0.89165, -0.02886
3761291,1578642396993995,1,1,1,1,0,1,1,1,1,0,-0.01565552,0.04823303,0.998703,-0.02830505,0.03901672,0.99882507,32.02651978,0.89363098,-30.14273071,-26.90687561,1.38174438,-24.21261597,0,0.0,2.75187683,2.75187683,1.0,1.0,1578642396987903,252361301872, HMD, -0.12691, 1.18086, 0.35400, 0.45038, 0.03573, 0.89165, -0.02886
3761291,1578642397000948,1,1,1,1,0,1,1,1,1,0,-0.01565552,0.04823303,0.998703,-0.02830505,0.03901672,0.99882507,32.02651978,0.89363098,-30.14273071,-26.90687561,1.38174438,-24.21261597,0,0.0,2.75187683,2.75187683,1.0,1.0,1578642397002883,252361451703, HMD, -0.12693, 1.18104, 0.35405, 0.44989, 0.03593, 0.89187, -0.02965
3761300,1578642397004961,1,1,1,1,0,1,1,1,1,0,-0.02763367,0.06089783,0.99775696,-0.0438385,0.05815125,0.99732971,31.88282776,0.98143005,-30.1139679,-27.01098633,1.6089325,-24.66218567,0,0.0,2.73091125,2.73091125,1.0,1.0,1578642397005018,252361473023, HMD, -0.12693, 1.18106, 0.35405, 0.44983, 0.03595, 0.89190, -0.02977
3761308,1578642397010958,1,1,1,1,0,1,1,1,1,0,-0.04946899,0.07751465,0.99575806,-0.05329895,0.06950378,0.99615479,31.80126953,0.99055481,-30.01739502,-27.12712097,1.7477417,-24.89277649,0,0.0,2.87825012,2.87825012,1.0,1.0,1578642397006395,252361486797, HMD, -0.12692, 1.18108, 0.35405, 0.44978, 0.03597, 0.89191, -0.02984
3761308,1578642397014954,1,1,1,1,0,1,1,1,1,0,-0.04946899,0.07751465,0.99575806,-0.05329895,0.06950378,0.99615479,31.80126953,0.99055481,-30.01739502,-27.12712097,1.7477417,-24.89277649,0,0.0,2.87825012,2.87825012,1.0,1.0,1578642397019832,252361621256, HMD, -0.12691, 1.18123, 0.35408, 0.44937, 0.03613, 0.89209, -0.03056
3761316,1578642397019949,1,1,1,1,0,1,1,1,1,0,-0.04771423,0.07693481,0.99588013,-0.05349731,0.07357788,0.99584961,31.77911377,0.99205017,-29.96459961,-27.16285706,1.81973267,-25.1015625,0,0.0,2.74560547,2.74560547,1.0,1.0,1578642397019832,252361621256, HMD, -0.12691, 1.18123, 0.35408, 0.44937, 0.03613, 0.89209, -0.03056
3761316,1578642397023954,1,1,1,1,0,1,1,1,1,0,-0.04771423,0.07693481,0.99588013,-0.05349731,0.07357788,0.99584961,31.77911377,0.99205017,-29.96459961,-27.16285706,1.81973267,-25.1015625,0,0.0,2.74560547,2.74560547,1.0,1.0,1578642397024033,252361663183, HMD, -0.12690, 1.18128, 0.35409, 0.44924, 0.03620, 0.89215, -0.03083
3761325,1578642397027984,1,1,1,1,0,1,1,1,1,0,-0.04998779,0.07572937,0.99586487,-0.05288696,0.07380676,0.99586487,31.79924011,0.97567749,-29.95402527,-27.15782166,1.74406433,-24.88075256,0,0.0,2.8210144,2.8210144,1.0,1.0,1578642397024498,252361667826, HMD, -0.12690, 1.18128, 0.35409, 0.44922, 0.03620, 0.89215, -0.03086
3761325,1578642397031947,1,1,1,1,0,1,1,1,1,0,-0.04998779,0.07572937,0.99586487,-0.05288696,0.07380676,0.99586487,31.79924011,0.97567749,-29.95402527,-27.15782166,1.74406433,-24.88075256,0,0.0,2.8210144,2.8210144,1.0,1.0,1578642397024498,252361667826, HMD, -0.12690, 1.18128, 0.35409, 0.44922, 0.03620, 0.89215, -0.03086
3761333,1578642397035971,1,1,1,1,0,1,1,1,1,0,-0.05401611,0.07995605,0.99533081,-0.05570984,0.07171631,0.99586487,31.82025146,0.98513794,-30.04412842,-27.16026306,1.73695374,-24.870224,0,0.0,2.80073547,2.80073547,1.0,1.0,1578642397024498,252361667826, HMD, -0.12690, 1.18128, 0.35409, 0.44922, 0.03620, 0.89215, -0.03086
3761333,1578642397045997,1,1,1,1,0,1,1,1,1,0,-0.06051636,0.07498169,0.99533081,-0.05635071,0.07368469,0.99568176,31.83358765,0.98323059,-30.07794189,-27.16271973,1.73603821,-24.88075256,0,0.0,2.85879517,2.85879517,1.0,1.0,1578642397055933,252361982213, HMD, -0.12686, 1.18166, 0.35419, 0.44825, 0.03666, 0.89256, -0.03273
3761341,1578642397051962,1,1,1,1,0,1,1,1,1,0,-0.05729675,0.0816803,0.99499512,-0.05630493,0.07131958,0.99584961,31.84242249,0.9886322,-30.10414124,-27.16793823,1.73851013,-24.88729858,0,0.0,2.79994202,2.79994202,1.0,1.0,1578642397055933,252361982213, HMD, -0.12686, 1.18166, 0.35419, 0.44825, 0.03666, 0.89256, -0.03273
3761341,1578642397056452,1,1,1,1,0,1,1,1,1,0,-0.05729675,0.0816803,0.99499512,-0.05630493,0.07131958,0.99584961,31.84242249,0.9886322,-30.10414124,-27.16793823,1.73851013,-24.88729858,0,0.0,2.79994202,2.79994202,1.0,1.0,1578642397056485,252361987693, HMD, -0.12686, 1.18167, 0.35419, 0.44823, 0.03667, 0.89257, -0.03277
3761358,1578642397060528,1,1,1,1,0,1,1,1,1,0,-0.05801392,0.07928467,0.99514771,-0.05622864,0.07044983,0.9959259,31.84613037,0.98492432,-30.09455872,-27.173172,1.74099731,-24.8938446,0,0.0,2.84275818,2.84275818,1.0,1.0,1578642397059926,252362022103, HMD, -0.12688, 1.18174, 0.35420, 0.44813, 0.03671, 0.89260, -0.03300
3761366,1578642397069478,1,1,1,1,0,1,1,1,1,0,-0.05807495,0.0758667,0.99542236,-0.05529785,0.07012939,0.9960022,31.849823,0.98123169,-30.0849762,-27.17858887,1.74252319,-24.90866089,0,0.0,2.80252075,2.80252075,1.0,1.0,1578642397059926,252362022103, HMD, -0.12688, 1.18174, 0.35420, 0.44813, 0.03671, 0.89260, -0.03300
3761366,1578642397073466,1,1,1,1,0,1,1,1,1,0,-0.05807495,0.0758667,0.99542236,-0.05529785,0.07012939,0.9960022,31.849823,0.98123169,-30.0849762,-27.17858887,1.74252319,-24.90866089,0,0.0,2.80252075,2.80252075,1.0,1.0,1578642397081882,252362241683, HMD, -0.12695, 1.18207, 0.35429, 0.44739, 0.03707, 0.89290, -0.03448
3761375,1578642397079455,1,1,1,1,0,1,1,1,1,0,-0.05778503,0.07571411,0.99543762,-0.05430603,0.07049561,0.99601746,31.85308838,0.97598267,-30.07969666,-27.18400574,1.74099731,-24.92131042,0,0.0,2.80371094,2.80371094,1.0,1.0,1578642397081882,252362241683, HMD, -0.12695, 1.18207, 0.35429, 0.44739, 0.03707, 0.89290, -0.03448
3761383,1578642397083443,1,1,1,1,0,1,1,1,1,0,-0.05749512,0.0765686,0.99539185,-0.05436707,0.06958008,0.99607849,31.85636902,0.9707489,-30.07441711,-27.18838501,1.7412262,-24.9223938,0,0.0,2.80299377,2.80299377,1.0,1.0,1578642397083496,252362257804, HMD, -0.12695, 1.18209, 0.35429, 0.44734, 0.03710, 0.89292, -0.03460
3761383,1578642397091457,1,1,1,1,0,1,1,1,1,0,-0.05749512,0.0765686,0.99539185,-0.05436707,0.06958008,0.99607849,31.85636902,0.9707489,-30.07441711,-27.18838501,1.7412262,-24.9223938,0,0.0,2.80299377,2.80299377,1.0,1.0,1578642397086525,252362288092, HMD, -0.12694, 1.18214, 0.35431, 0.44725, 0.03715, 0.89296, -0.03480
3761391,1578642397095444,1,1,1,1,0,1,1,1,1,0,-0.05718994,0.07637024,0.99542236,-0.0544281,0.068573,0.99615479,31.85992432,0.97064209,-30.07969666,-27.19276428,1.74099731,-24.92131042,0,0.0,2.80073547,2.80073547,1.0,1.0,1578642397100798,252362430854, HMD, -0.12696, 1.18235, 0.35437, 0.44676, 0.03743, 0.89315, -0.03580
3761391,1578642397099435,1,1,1,1,0,1,1,1,1,0,-0.05718994,0.07637024,0.99542236,-0.0544281,0.068573,0.99615479,31.85992432,0.97064209,-30.07969666,-27.19276428,1.74099731,-24.92131042,0,0.0,2.80073547,2.80073547,1.0,1.0,1578642397100798,252362430854, HMD, -0.12696, 1.18235, 0.35437, 0.44676, 0.03743, 0.89315, -0.03580
3761400,1578642397103442,1,1,1,1,0,1,1,1,1,0,-0.05691528,0.07617188,0.99545288,-0.05473328,0.0680542,0.99617004,31.86349487,0.9707489,-30.0849762,-27.19534302,1.73851013,-24.90757751,0,0.0,2.80253601,2.80253601,1.0,1.0,1578642397103477,252362457618, HMD, -0.12696, 1.18239, 0.35437, 0.44667, 0.03749, 0.89319, -0.03598
3761400,1578642397107575,1,1,1,1,0,1,1,1,1,0,-0.05691528,0.07617188,0.99545288,-0.05473328,0.0680542,0.99617004,31.86349487,0.9707489,-30.0849762,-27.19534302,1.73851013,-24.90757751,0,0.0,2.80253601,2.80253601,1.0,1.0,1578642397104156,252362464407, HMD, -0.12696, 1.18240, 0.35437, 0.44664, 0.03750, 0.89320, -0.03603
3761408,1578642397115439,1,1,1,1,0,1,1,1,1,0,-0.05673218,0.07598877,0.9954834,-0.05505371,0.06748962,0.9961853,31.8656311,0.97192383,-30.09455872,-27.19793701,1.73603821,-24.8938446,0,0.0,2.80029297,2.80029297,1.0,1.0,1578642397120998,252362632936, HMD, -0.12687, 1.18262, 0.35444, 0.44604, 0.03783, 0.89344, -0.03722
3761416,1578642397119475,1,1,1,1,0,1,1,1,1,0,-0.05653381,0.07635498,0.99546814,-0.05476379,0.06768799,0.99620056,31.86778259,0.9707489,-30.10414124,-27.19985962,1.73294067,-24.88729858,0,0.0,2.79792786,2.79792786,1.0,1.0,1578642397120998,252362632936, HMD, -0.12687, 1.18262, 0.35444, 0.44604, 0.03783, 0.89344, -0.03722
3761425,1578642397125438,1,1,1,1,0,1,1,1,1,0,-0.05647278,0.07629395,0.9954834,-0.05445862,0.06800842,0.9961853,31.87065125,0.97064209,-30.10536194,-27.20176697,1.72984314,-24.88075256,0,0.0,2.79360962,2.79360962,1.0,1.0,1578642397125380,252362676642, HMD, -0.12687, 1.18269, 0.35446, 0.44588, 0.03792, 0.89350, -0.03754
3761425,1578642397129434,1,1,1,1,0,1,1,1,1,0,-0.05647278,0.07629395,0.9954834,-0.05445862,0.06800842,0.9961853,31.87065125,0.97064209,-30.10536194,-27.20176697,1.72984314,-24.88075256,0,0.0,2.79360962,2.79360962,1.0,1.0,1578642397125551,252362678359, HMD, -0.12687, 1.18269, 0.35446, 0.44588, 0.03792, 0.89350, -0.03755
3761425,1578642397133428,1,1,1,1,0,1,1,1,1,0,-0.05641174,0.07626343,0.9954834,-0.05413818,0.06797791,0.99621582,31.87353516,0.97055054,-30.1065979,-27.20501709,1.72793579,-24.87557983,0,0.0,2.78909302,2.78909302,1.0,1.0,1578642397125551,252362678359, HMD, -0.12687, 1.18269, 0.35446, 0.44588, 0.03792, 0.89350, -0.03755
3761433,1578642397137418,1,1,1,1,0,1,1,1,1,0,-0.05641174,0.07626343,0.9954834,-0.05413818,0.06797791,0.99621582,31.87353516,0.97055054,-30.1065979,-27.20501709,1.72793579,-24.87557983,0,0.0,2.78909302,2.78909302,1.0,1.0,1578642397125551,252362678359, HMD, -0.12687, 1.18269, 0.35446, 0.44588, 0.03792, 0.89350, -0.03755
3761433,1578642397141528,1,1,1,1,0,1,1,1,1,0,-0.05641174,0.07626343,0.9954834,-0.05413818,0.06797791,0.99621582,31.87353516,0.97055054,-30.1065979,-27.20501709,1.72793579,-24.87557983,0,0.0,2.78909302,2.78909302,1.0,1.0,1578642397150987,252362932754, HMD, -0.12677, 1.18306, 0.35452, 0.44493, 0.03847, 0.89387, -0.03948
3761441,1578642397148431,1,1,1,1,0,1,1,1,1,0,-0.05731201,0.07617188,0.99543762,-0.05381775,0.06791687,0.99623108,31.87638855,0.96942139,-30.10536194,-27.20825195,1.72602844,-24.8704071,0,0.0,2.79344177,2.79344177,1.0,1.0,1578642397150987,252362932754, HMD, -0.12677, 1.18306, 0.35452, 0.44493, 0.03847, 0.89387, -0.03948
3761450,1578642397152433,1,1,1,1,0,1,1,1,1,0,-0.05822754,0.0760498,0.99539185,-0.0537262,0.07177734,0.99595642,31.87924194,0.96827698,-30.10414124,-27.21231079,1.70294189,-24.85969543,0,0.0,2.79759216,2.79759216,1.0,1.0,1578642397152443,252362947276, HMD, -0.12677, 1.18309, 0.35453, 0.44487, 0.03850, 0.89389, -0.03960
3761450,1578642397156424,1,1,1,1,0,1,1,1,1,0,-0.05822754,0.0760498,0.99539185,-0.0537262,0.07177734,0.99595642,31.87924194,0.96827698,-30.10414124,-27.21231079,1.70294189,-24.85969543,0,0.0,2.79759216,2.79759216,1.0,1.0,1578642397155408,252362976919, HMD, -0.12677, 1.18313, 0.35454, 0.44476, 0.03857, 0.89393, -0.03985
3761458,1578642397160412,1,1,1,1,0,1,1,1,1,0,-0.05931091,0.07304382,0.99555969,-0.0562439,0.06581116,0.99623108,31.88276672,0.96627808,-30.0980835,-27.21290588,1.68379211,-24.82133484,0,0.0,2.79922485,2.79922485,1.0,1.0,1578642397155408,252362976919, HMD, -0.12677, 1.18313, 0.35454, 0.44476, 0.03857, 0.89393, -0.03985
3761458,1578642397164433,1,1,1,1,0,1,1,1,1,0,-0.05931091,0.07304382,0.99555969,-0.0562439,0.06581116,0.99623108,31.88276672,0.96627808,-30.0980835,-27.21290588,1.68379211,-24.82133484,0,0.0,2.79922485,2.79922485,1.0,1.0,1578642397171434,252363137255, HMD, -0.12675, 1.18342, 0.35453, 0.44416, 0.03897, 0.89415, -0.04127
3761466,1578642397169429,1,1,1,1,0,1,1,1,1,0,-0.06037903,0.06996155,0.99571228,-0.05691528,0.04534912,0.99734497,31.88627625,0.96427917,-30.09202576,-27.29312134,1.77062988,-25.14356995,0,0.0,2.80020142,2.80020142,1.0,1.0,1578642397171434,252363137255, HMD, -0.12675, 1.18342, 0.35453, 0.44416, 0.03897, 0.89415, -0.04127
3761466,1578642397173406,1,1,1,1,0,1,1,1,1,0,-0.06037903,0.06996155,0.99571228,-0.05691528,0.04534912,0.99734497,31.88627625,0.96427917,-30.09202576,-27.29312134,1.77062988,-25.14356995,0,0.0,2.80020142,2.80020142,1.0,1.0,1578642397173461,252363157452, HMD, -0.12674, 1.18346, 0.35453, 0.44409, 0.03902, 0.89417, -0.04146
3761475,1578642397177439,1,1,1,1,0,1,1,1,1,0,-0.06192017,0.06950378,0.99565125,-0.05656433,0.03459167,0.99778748,31.89271545,0.96263123,-30.0849762,-27.29208374,1.74665833,-25.06913757,0,0.0,2.80226135,2.80226135,1.0,1.0,1578642397175976,252363182604, HMD, -0.12674, 1.18350, 0.35454, 0.44400, 0.03909, 0.89420, -0.04169
3761475,1578642397181433,1,1,1,1,0,1,1,1,1,0,-0.06192017,0.06950378,0.99565125,-0.05656433,0.03459167,0.99778748,31.89271545,0.96263123,-30.0849762,-27.29208374,1.74665833,-25.06913757,0,0.0,2.80226135,2.80226135,1.0,1.0,1578642397175976,252363182604, HMD, -0.12674, 1.18350, 0.35454, 0.44400, 0.03909, 0.89420, -0.04169
3761475,1578642397185419,1,1,1,1,0,1,1,1,1,0,-0.06277466,0.06871033,0.99565125,-0.05754089,0.03482056,0.99772644,31.89634705,0.96057129,-30.07441711,-27.29289246,1.74984741,-25.07972717,0,0.0,2.80209351,2.80209351,1.0,1.0,1578642397175976,252363182604, HMD, -0.12674, 1.18350, 0.35454, 0.44400, 0.03909, 0.89420, -0.04169
3761483,1578642397192443,1,1,1,1,0,1,1,1,1,0,-0.06277466,0.06871033,0.99565125,-0.05754089,0.03482056,0.99772644,31.89634705,0.96057129,-30.07441711,-27.29289246,1.74984741,-25.07972717,0,0.0,2.80209351,2.80209351,1.0,1.0,1578642397206456,252363487442, HMD, -0.12662, 1.18411, 0.35450, 0.44277, 0.04008, 0.89461, -0.04496
3761491,1578642397196419,1,1,1,1,0,1,1,1,1,0,-0.06291199,0.07073975,0.99549866,-0.05670166,0.03526306,0.99775696,31.89666748,0.93843079,-30.07441711,-27.29208374,1.74743652,-25.06913757,0,0.0,2.80976868,2.80976868,1.0,1.0,1578642397206456,252363487442, HMD, -0.12662, 1.18411, 0.35450, 0.44277, 0.04008, 0.89461, -0.04496
3761500,1578642397209420,1,1,1,1,0,1,1,1,1,0,-0.04489136,0.08583069,0.99528503,-0.05107117,0.07009888,0.99621582,31.98362732,0.9967041,-29.8709259,-27.10231018,1.70649719,-24.41252136,0,0.0,3.00158691,3.00158691,1.0,1.0,1578642397209461,252363517452, HMD, -0.12661, 1.18419, 0.35450, 0.44262, 0.04019, 0.89466, -0.04533
3761508,1578642397213409,1,1,1,1,0,1,1,1,1,0,-0.04489136,0.08583069,0.99528503,-0.05107117,0.07009888,0.99621582,31.98362732,0.9967041,-29.8709259,-27.10231018,1.70649719,-24.41252136,0,0.0,3.00158691,3.00158691,1.0,1.0,1578642397210782,252363530667, HMD, -0.12661, 1.18422, 0.35451, 0.44256, 0.04024, 0.89468, -0.04549
3761516,1578642397220398,1,1,1,1,0,1,1,1,1,0,-0.01863098,0.11366272,0.99333191,-0.03684998,0.1136322,0.99282837,32.03897095,1.29574585,-30.20910645,-26.86569214,1.87184143,-24.27574158,0,0.0,3.04695129,3.04695129,1.0,1.0,1578642397223609,252363658980, HMD, -0.12648, 1.18450, 0.35449, 0.44191, 0.04073, 0.89489, -0.04716
3761516,1578642397224404,1,1,1,1,0,1,1,1,1,0,-0.01863098,0.11366272,0.99333191,-0.03684998,0.1136322,0.99282837,32.03897095,1.29574585,-30.20910645,-26.86569214,1.87184143,-24.27574158,0,0.0,3.04695129,3.04695129,1.0,1.0,1578642397224440,252363667241, HMD, -0.12648, 1.18452, 0.35449, 0.44187, 0.04076, 0.89491, -0.04727
3761525,1578642397228404,1,1,1,1,0,1,1,1,1,0,-0.00187683,0.14804077,0.9889679,-0.01837158,0.1566925,0.98747253,32.11416626,1.48205566,-30.14076233,-26.61004639,2.06483459,-24.20391846,0,0.0,2.97251892,2.97251892,1.0,1.0,1578642397227126,252363694106, HMD, -0.12644, 1.18460, 0.35451, 0.44174, 0.04087, 0.89494, -0.04761
3761525,1578642397233398,1,1,1,1,0,1,1,1,1,0,0.03288269,0.19641113,0.97996521,0.02256775,0.2258606,0.97389221,32.20404053,1.51411438,-29.8631897,-26.45358276,1.94018555,-23.43977356,0,0.0,2.98234558,2.98234558,1.0,1.0,1578642397227126,252363694106, HMD, -0.12644, 1.18460, 0.35451, 0.44174, 0.04087, 0.89494, -0.04761
3761533,1578642397237400,1,1,1,1,0,1,1,1,1,0,0.03288269,0.19641113,0.97996521,0.02256775,0.2258606,0.97389221,32.20404053,1.51411438,-29.8631897,-26.45358276,1.94018555,-23.43977356,0,0.0,2.98234558,2.98234558,1.0,1.0,1578642397247200,252363894866, HMD, -0.12625, 1.18513, 0.35449, 0.44059, 0.04171, 0.89532, -0.05042
3761541,1578642397244390,1,1,1,1,0,1,1,1,1,0,0.06083679,0.25402832,0.965271,0.03710938,0.25302124,0.96673584,32.32244873,1.30018616,-28.99617004,-26.2394104,2.10057068,-23.46713257,0,0.0,2.97407532,2.97407532,1.0,1.0,1578642397247200,252363894866, HMD, -0.12625, 1.18513, 0.35449, 0.44059, 0.04171, 0.89532, -0.05042
3761541,1578642397248394,1,1,1,1,0,1,1,1,1,0,0.06083679,0.25402832,0.965271,0.03710938,0.25302124,0.96673584,32.32244873,1.30018616,-28.99617004,-26.2394104,2.10057068,-23.46713257,0,0.0,2.97407532,2.97407532,1.0,1.0,1578642397248442,252363907262, HMD, -0.12624, 1.18516, 0.35450, 0.44051, 0.04176, 0.89535, -0.05059
3761550,1578642397253341,1,1,1,1,0,1,1,1,1,0,0.11621094,0.30429077,0.94544983,0.08984375,0.31471252,0.94491577,32.36695862,0.81204224,-27.07530212,-26.15605164,1.88520813,-22.65783691,0,0.0,3.14419556,3.14419556,1.0,1.0,1578642397251092,252363933761, HMD, -0.12623, 1.18524, 0.35450, 0.44034, 0.04188, 0.89540, -0.05098
3761550,1578642397257427,1,1,1,1,0,1,1,1,1,0,0.11621094,0.30429077,0.94544983,0.08984375,0.31471252,0.94491577,32.36695862,0.81204224,-27.07530212,-26.15605164,1.88520813,-22.65783691,0,0.0,3.14419556,3.14419556,1.0,1.0,1578642397251092,252363933761, HMD, -0.12623, 1.18524, 0.35450, 0.44034, 0.04188, 0.89540, -0.05098
3761558,1578642397261411,1,1,1,1,0,1,1,1,1,0,0.11686707,0.30606079,0.9447937,0.0717926,0.31555176,0.94618225,32.60565186,1.4274292,-28.90480042,-25.94815063,2.31481934,-23.80604553,0,0.0,3.14881897,3.14881897,1.0,1.0,1578642397267679,252364099680, HMD, -0.12615, 1.18577, 0.35451, 0.43926, 0.04259, 0.89575, -0.05350
3761558,1578642397265545,1,1,1,1,0,1,1,1,1,0,0.11686707,0.30606079,0.9447937,0.0717926,0.31555176,0.94618225,32.60565186,1.4274292,-28.90480042,-25.94815063,2.31481934,-23.80604553,0,0.0,3.14881897,3.14881897,1.0,1.0,1578642397267679,252364099680, HMD, -0.12615, 1.18577, 0.35451, 0.43926, 0.04259, 0.89575, -0.05350
3761566,1578642397269540,1,1,1,1,0,1,1,1,1,0,0.14590454,0.32469177,0.93449402,0.12026978,0.3341217,0.93481445,32.71890259,1.34809875,-28.51930237,-25.83018494,2.28288269,-23.4775238,0,0.0,3.08406067,3.08406067,1.0,1.0,1578642397269450,252364117343, HMD, -0.12614, 1.18583, 0.35451, 0.43914, 0.04268, 0.89579, -0.05378
3761566,1578642397274541,1,1,1,1,0,1,1,1,1,0,0.14590454,0.32469177,0.93449402,0.12026978,0.3341217,0.93481445,32.71890259,1.34809875,-28.51930237,-25.83018494,2.28288269,-23.4775238,0,0.0,3.08406067,3.08406067,1.0,1.0,1578642397271180,252364134646, HMD, -0.12613, 1.18588, 0.35452, 0.43902, 0.04276, 0.89583, -0.05406
3761575,1578642397278560,1,1,1,1,0,1,1,1,1,0,0.13468933,0.31767273,0.93858337,0.14657593,0.34687805,0.92637634,32.82307434,1.54045105,-29.18441772,-25.77836609,2.1751709,-23.06300354,0,0.0,3.18058777,3.18058777,1.0,1.0,1578642397271180,252364134646, HMD, -0.12613, 1.18588, 0.35452, 0.43902, 0.04276, 0.89583, -0.05406
3761575,1578642397282555,1,1,1,1,0,1,1,1,1,0,0.13468933,0.31767273,0.93858337,0.14657593,0.34687805,0.92637634,32.82307434,1.54045105,-29.18441772,-25.77836609,2.1751709,-23.06300354,0,0.0,3.18058777,3.18058777,1.0,1.0,1578642397271180,252364134646, HMD, -0.12613, 1.18588, 0.35452, 0.43902, 0.04276, 0.89583, -0.05406
3761583,1578642397287551,1,1,1,1,0,1,1,1,1,0,0.1427002,0.31892395,0.93696594,0.13259888,0.33288574,0.93357849,32.83802795,1.38117981,-28.80888367,-25.7928772,2.1492157,-23.0221405,0,0.0,3.21040344,3.21040344,1.0,1.0,1578642397296158,252364384483, HMD, -0.12586, 1.18670, 0.35456, 0.43712, 0.04396, 0.89644, -0.05818
3761583,1578642397291558,1,1,1,1,0,1,1,1,1,0,0.1464386,0.2999115,0.94265747,0.14022827,0.33563232,0.93148804,32.8547821,1.35881042,-28.84686279,-25.82743835,2.175354,-23.26370239,0,0.0,3.11660767,3.11660767,1.0,1.0,1578642397296158,252364384483, HMD, -0.12586, 1.18670, 0.35456, 0.43712, 0.04396, 0.89644, -0.05818
3761591,1578642397295559,1,1,1,1,0,1,1,1,1,0,0.1464386,0.2999115,0.94265747,0.14022827,0.33563232,0.93148804,32.8547821,1.35881042,-28.84686279,-25.82743835,2.175354,-23.26370239,0,0.0,3.11660767,3.11660767,1.0,1.0,1578642397296158,252364384483, HMD, -0.12586, 1.18670, 0.35456, 0.43712, 0.04396, 0.89644, -0.05818
3761591,1578642397300550,1,1,1,1,0,1,1,1,1,0,0.1464386,0.2999115,0.94265747,0.14022827,0.33563232,0.93148804,32.8547821,1.35881042,-28.84686279,-25.82743835,2.175354,-23.26370239,0,0.0,3.11660767,3.11660767,1.0,1.0,1578642397300500,252364427850, HMD, -0.12580, 1.18682, 0.35456, 0.43675, 0.04415, 0.89657, -0.05890
3761600,1578642397304530,1,1,1,1,0,1,1,1,1,0,0.14038086,0.30310059,0.94255066,0.13624573,0.30996704,0.94091797,32.87266541,1.32051086,-28.80342102,-25.84899902,2.32914734,-23.69572449,0,0.0,3.17953491,3.17953491,1.0,1.0,1578642397301572,252364438598, HMD, -0.12579, 1.18686, 0.35456, 0.43665, 0.04420, 0.89660, -0.05909
3761600,1578642397308524,1,1,1,1,0,1,1,1,1,0,0.14038086,0.30310059,0.94255066,0.13624573,0.30996704,0.94091797,32.87266541,1.32051086,-28.80342102,-25.84899902,2.32914734,-23.69572449,0,0.0,3.17953491,3.17953491,1.0,1.0,1578642397315228,252364575138, HMD, -0.12564, 1.18729, 0.35460, 0.43544, 0.04473, 0.89701, -0.06131
3761608,1578642397312521,1,1,1,1,0,1,1,1,1,0,0.13768005,0.29862976,0.94438171,0.13305664,0.32583618,0.93600464,32.89323425,1.26541138,-28.74198914,-25.868927,2.12123108,-23.31298828,0,0.0,3.13163757,3.13163757,1.0,1.0,1578642397315228,252364575138, HMD, -0.12564, 1.18729, 0.35460, 0.43544, 0.04473, 0.89701, -0.06131
3761608,1578642397316536,1,1,1,1,0,1,1,1,1,0,0.13768005,0.29862976,0.94438171,0.13305664,0.32583618,0.93600464,32.89323425,1.26541138,-28.74198914,-25.868927,2.12123108,-23.31298828,0,0.0,3.13163757,3.13163757,1.0,1.0,1578642397316493,252364587779, HMD, -0.12562, 1.18733, 0.35460, 0.43533, 0.04477, 0.89705, -0.06152
3761616,1578642397320521,1,1,1,1,0,1,1,1,1,0,0.13528442,0.30026245,0.94419861,0.12728882,0.3283844,0.93591309,32.91555786,1.34284973,-29.10116577,-25.88346863,2.11630249,-23.34446716,0,0.0,3.09732056,3.09732056,1.0,1.0,1578642397318495,252364607797, HMD, -0.12556, 1.18738, 0.35459, 0.43514, 0.04483, 0.89712, -0.06183
3761616,1578642397324517,1,1,1,1,0,1,1,1,1,0,0.13528442,0.30026245,0.94419861,0.12728882,0.3283844,0.93591309,32.91555786,1.34284973,-29.10116577,-25.88346863,2.11630249,-23.34446716,0,0.0,3.09732056,3.09732056,1.0,1.0,1578642397327245,252364695307, HMD, -0.12548, 1.18762, 0.35462, 0.43432, 0.04510, 0.89741, -0.06315
3761625,1578642397328520,1,1,1,1,0,1,1,1,1,0,0.12918091,0.29490662,0.94674683,0.1227417,0.32969666,0.93606567,32.92079163,1.35353088,-29.19258118,-25.89616394,2.10591125,-23.34822083,0,0.0,3.07026672,3.07026672,1.0,1.0,1578642397328594,252364708790, HMD, -0.12546, 1.18766, 0.35463, 0.43419, 0.04512, 0.89746, -0.06335
3761633,1578642397332545,1,1,1,1,0,1,1,1,1,0,0.12918091,0.29490662,0.94674683,0.1227417,0.32969666,0.93606567,32.92079163,1.35353088,-29.19258118,-25.89616394,2.10591125,-23.34822083,0,0.0,3.07026672,3.07026672,1.0,1.0,1578642397330899,252364731835, HMD, -0.12544, 1.18772, 0.35463, 0.43397, 0.04518, 0.89754, -0.06369
3761633,1578642397336540,1,1,1,1,0,1,1,1,1,0,0.12522888,0.29725647,0.9465332,0.11817932,0.32580566,0.93800354,32.92170715,1.2776947,-29.04493713,-25.90885925,2.11630249,-23.35197449,0,0.0,3.08840942,3.08840942,1.0,1.0,1578642397340003,252364822887, HMD, -0.12530, 1.18796, 0.35465, 0.43307, 0.04538, 0.89787, -0.06498
3761633,1578642397340527,1,1,1,1,0,1,1,1,1,0,0.12522888,0.29725647,0.9465332,0.11817932,0.32580566,0.93800354,32.92170715,1.2776947,-29.04493713,-25.90885925,2.11630249,-23.35197449,0,0.0,3.08840942,3.08840942,1.0,1.0,1578642397340478,252364827625, HMD, -0.12529, 1.18797, 0.35465, 0.43303, 0.04539, 0.89788, -0.06505
3761641,1578642397344672,1,1,1,1,0,1,1,1,1,0,0.1292572,0.29638672,0.9462738,0.12042236,0.31230164,0.94230652,32.92604065,1.25814819,-29.04769897,-25.93084717,2.14547729,-23.42070007,0,0.0,3.02874756,3.02874756,1.0,1.0,1578642397343341,252364856252, HMD, -0.12526, 1.18805, 0.35466, 0.43274, 0.04544, 0.89799, -0.06545
3761641,1578642397348664,1,1,1,1,0,1,1,1,1,0,0.1292572,0.29638672,0.9462738,0.12042236,0.31230164,0.94230652,32.92604065,1.25814819,-29.04769897,-25.93084717,2.14547729,-23.42070007,0,0.0,3.02874756,3.02874756,1.0,1.0,1578642397353028,252364953136, HMD, -0.12509, 1.18831, 0.35468, 0.43177, 0.04562, 0.89836, -0.06674
3761650,1578642397352676,1,1,1,1,0,1,1,1,1,0,0.12712097,0.30044556,0.94528198,0.12298584,0.3019104,0.94535828,32.92715454,1.22296143,-28.98455811,-25.95283508,2.16146851,-23.48493958,0,0.0,3.04977417,3.04977417,1.0,1.0,1578642397353028,252364953136, HMD, -0.12509, 1.18831, 0.35468, 0.43177, 0.04562, 0.89836, -0.06674
3761650,1578642397356695,1,1,1,1,0,1,1,1,1,0,0.12712097,0.30044556,0.94528198,0.12298584,0.3019104,0.94535828,32.92715454,1.22296143,-28.98455811,-25.95283508,2.16146851,-23.48493958,0,0.0,3.04977417,3.04977417,1.0,1.0,1578642397356565,252364988491, HMD, -0.12504, 1.18840, 0.35469, 0.43138, 0.04568, 0.89850, -0.06721
3761650,1578642397360681,1,1,1,1,0,1,1,1,1,0,0.1207428,0.28938293,0.94955444,0.12380981,0.30397034,0.94459534,32.92686462,1.18261719,-28.89471436,-25.96899414,2.1388855,-23.44807434,0,0.0,3.12420654,3.12420654,1.0,1.0,1578642397356565,252364988491, HMD, -0.12504, 1.18840, 0.35469, 0.43138, 0.04568, 0.89850, -0.06721
3761658,1578642397365008,1,1,1,1,0,1,1,1,1,0,0.1207428,0.28938293,0.94955444,0.12380981,0.30397034,0.94459534,32.92686462,1.18261719,-28.89471436,-25.96899414,2.1388855,-23.44807434,0,0.0,3.12420654,3.12420654,1.0,1.0,1578642397356565,252364988491, HMD, -0.12504, 1.18840, 0.35469, 0.43138, 0.04568, 0.89850, -0.06721
3761666,1578642397374242,1,1,1,1,0,1,1,1,1,0,0.12030029,0.28556824,0.95075989,0.12394714,0.30429077,0.94447327,32.93385315,1.22428894,-29.03581238,-25.99661255,2.11062622,-23.4147644,0,0.0,3.10189819,3.10189819,1.0,1.0,1578642397376499,252365187881, HMD, -0.12476, 1.18893, 0.35474, 0.42914, 0.04610, 0.89935, -0.06991
3761675,1578642397378236,1,1,1,1,0,1,1,1,1,0,0.12030029,0.28556824,0.95075989,0.12394714,0.30429077,0.94447327,32.93385315,1.22428894,-29.03581238,-25.99661255,2.11062622,-23.4147644,0,0.0,3.10189819,3.10189819,1.0,1.0,1578642397378184,252365204680, HMD, -0.12471, 1.18897, 0.35475, 0.42894, 0.04615, 0.89942, -0.07016
3761675,1578642397382428,1,1,1,1,0,1,1,1,1,0,0.12030029,0.28556824,0.95075989,0.12394714,0.30429077,0.94447327,32.93385315,1.22428894,-29.03581238,-25.99661255,2.11062622,-23.4147644,0,0.0,3.10189819,3.10189819,1.0,1.0,1578642397379765,252365220492, HMD, -0.12468, 1.18902, 0.35476, 0.42876, 0.04620, 0.89949, -0.07038
3761683,1578642397386457,1,1,1,1,0,1,1,1,1,0,0.11953735,0.28533936,0.95092773,0.12303162,0.29981995,0.9460144,32.93920898,1.24584961,-29.09645081,-26.0080719,2.11274719,-23.41119385,0,0.0,3.09262085,3.09262085,1.0,1.0,1578642397379765,252365220492, HMD, -0.12468, 1.18902, 0.35476, 0.42876, 0.04620, 0.89949, -0.07038
3761683,1578642397391409,1,1,1,1,0,1,1,1,1,0,0.11953735,0.28533936,0.95092773,0.12303162,0.29981995,0.9460144,32.93920898,1.24584961,-29.09645081,-26.0080719,2.11274719,-23.41119385,0,0.0,3.09262085,3.09262085,1.0,1.0,1578642397396268,252365385668, HMD, -0.12439, 1.18948, 0.35484, 0.42664, 0.04671, 0.90028, -0.07278
3761691,1578642397395406,1,1,1,1,0,1,1,1,1,0,0.1174469,0.28259277,0.95201111,0.12106323,0.29734802,0.947052,32.94456482,1.26742554,-29.15708923,-26.01318359,2.11451721,-23.39251709,0,0.0,3.0811615,3.0811615,1.0,1.0,1578642397396268,252365385668, HMD, -0.12439, 1.18948, 0.35484, 0.42664, 0.04671, 0.90028, -0.07278
3761691,1578642397399420,1,1,1,1,0,1,1,1,1,0,0.1174469,0.28259277,0.95201111,0.12106323,0.29734802,0.947052,32.94456482,1.26742554,-29.15708923,-26.01318359,2.11451721,-23.39251709,0,0.0,3.0811615,3.0811615,1.0,1.0,1578642397399397,252365416811, HMD, -0.12430, 1.18956, 0.35485, 0.42621, 0.04683, 0.90043, -0.07325
3761700,1578642397405417,1,1,1,1,0,1,1,1,1,0,0.10098267,0.26516724,0.95889282,0.11904907,0.29484558,0.9480896,32.97616577,1.5501709,-30.04399109,-26.01829529,2.11630249,-23.37384033,0,0.0,3.04649353,3.04649353,1.0,1.0,1578642397400993,252365432778, HMD, -0.12427, 1.18960, 0.35486, 0.42599, 0.04689, 0.90052, -0.07349
3761708,1578642397409400,1,1,1,1,0,1,1,1,1,0,0.10772705,0.26731873,0.95756531,0.11624146,0.29400635,0.94869995,32.93609619,1.28262329,-29.2741394,-26.01933289,2.12161255,-23.39251709,0,0.0,3.07487488,3.07487488,1.0,1.0,1578642397417101,252365593880, HMD, -0.12394, 1.19007, 0.35495, 0.42375, 0.04743, 0.90135, -0.07584
3761708,1578642397415411,1,1,1,1,0,1,1,1,1,0,0.10772705,0.26731873,0.95756531,0.11624146,0.29400635,0.94869995,32.93609619,1.28262329,-29.2741394,-26.01933289,2.12161255,-23.39251709,0,0.0,3.07487488,3.07487488,1.0,1.0,1578642397417101,252365593880, HMD, -0.12394, 1.19007, 0.35495, 0.42375, 0.04743, 0.90135, -0.07584
3761716,1578642397419402,1,1,1,1,0,1,1,1,1,0,0.11006165,0.26419067,0.9581604,0.1133728,0.29318237,0.94929504,32.93301392,1.29037476,-29.33065796,-26.02035522,2.12693787,-23.41119385,0,0.0,3.08389282,3.08389282,1.0,1.0,1578642397419324,252365616084, HMD, -0.12386, 1.19012, 0.35494, 0.42343, 0.04750, 0.90147, -0.07616
3761716,1578642397423406,1,1,1,1,0,1,1,1,1,0,0.11006165,0.26419067,0.9581604,0.1133728,0.29318237,0.94929504,32.93301392,1.29037476,-29.33065796,-26.02035522,2.12693787,-23.41119385,0,0.0,3.08389282,3.08389282,1.0,1.0,1578642397422043,252365643273, HMD, -0.12381, 1.19020, 0.35496, 0.42305, 0.04759, 0.90161, -0.07655
3761725,1578642397427379,1,1,1,1,0,1,1,1,1,0,0.12408447,0.27859497,0.9523468,0.10852051,0.30029297,0.94764709,32.98370361,1.30316162,-29.22616577,-25.98320007,2.05203247,-23.12138367,0,0.0,3.08232117,3.08232117,1.0,1.0,1578642397422043,252365643273, HMD, -0.12381, 1.19020, 0.35496, 0.42305, 0.04759, 0.90161, -0.07655
3761725,1578642397431381,1,1,1,1,0,1,1,1,1,0,0.12408447,0.27859497,0.9523468,0.10852051,0.30029297,0.94764709,32.98370361,1.30316162,-29.22616577,-25.98320007,2.05203247,-23.12138367,0,0.0,3.08232117,3.08232117,1.0,1.0,1578642397436487,252365787742, HMD, -0.12354, 1.19058, 0.35508, 0.42094, 0.04807, 0.90240, -0.07858
3761733,1578642397436386,1,1,1,1,0,1,1,1,1,0,0.14776611,0.29017639,0.94548035,0.14279175,0.29425049,0.94499207,33.05471802,1.29776001,-28.99789429,-25.78419495,2.1859436,-23.33920288,0,0.0,3.02531433,3.02531433,1.0,1.0,1578642397436487,252365787742, HMD, -0.12354, 1.19058, 0.35508, 0.42094, 0.04807, 0.90240, -0.07858
3761733,1578642397440398,1,1,1,1,0,1,1,1,1,0,0.14776611,0.29017639,0.94548035,0.14279175,0.29425049,0.94499207,33.05471802,1.29776001,-28.99789429,-25.78419495,2.1859436,-23.33920288,0,0.0,3.02531433,3.02531433,1.0,1.0,1578642397440417,252365827018, HMD, -0.12344, 1.19067, 0.35510, 0.42034, 0.04821, 0.90262, -0.07912
3761741,1578642397445385,1,1,1,1,0,1,1,1,1,0,0.17446899,0.31483459,0.93296814,0.16473389,0.33496094,0.92770386,33.09414673,1.16221619,-28.49336243,-25.66444397,2.0249939,-22.80661011,0,0.0,3.02142334,3.02142334,1.0,1.0,1578642397448811,252365910958, HMD, -0.12323, 1.19090, 0.35517, 0.41910, 0.04850, 0.90309, -0.08026
3761741,1578642397449379,1,1,1,1,0,1,1,1,1,0,0.17446899,0.31483459,0.93296814,0.16473389,0.33496094,0.92770386,33.09414673,1.16221619,-28.49336243,-25.66444397,2.0249939,-22.80661011,0,0.0,3.02142334,3.02142334,1.0,1.0,1578642397449344,252365916279, HMD, -0.12322, 1.19091, 0.35518, 0.41902, 0.04851, 0.90312, -0.08033
3761750,1578642397453371,1,1,1,1,0,1,1,1,1,0,0.18630981,0.32293701,0.92788696,0.16917419,0.32666016,0.92987061,33.17425537,1.10383606,-28.32624817,-25.58007813,2.09407043,-22.79173279,0,0.0,3.09118652,3.09118652,1.0,1.0,1578642397452245,252365945290, HMD, -0.12316, 1.19099, 0.35520, 0.41857, 0.04861, 0.90328, -0.08073
3761750,1578642397457374,1,1,1,1,0,1,1,1,1,0,0.18630981,0.32293701,0.92788696,0.16917419,0.32666016,0.92987061,33.17425537,1.10383606,-28.32624817,-25.58007813,2.09407043,-22.79173279,0,0.0,3.09118652,3.09118652,1.0,1.0,1578642397452245,252365945290, HMD, -0.12316, 1.19099, 0.35520, 0.41857, 0.04861, 0.90328, -0.08073
3761758,1578642397461395,1,1,1,1,0,1,1,1,1,0,0.18438721,0.31648254,0.93049622,0.1672821,0.32670593,0.93019104,33.18925476,1.12202454,-28.37559509,-25.59669495,2.04592896,-22.56472778,0,0.0,3.09979248,3.09979248,1.0,1.0,1578642397463394,252366056800, HMD, -0.12289, 1.19130, 0.35527, 0.41688, 0.04902, 0.90390, -0.08235
3761766,1578642397466381,1,1,1,1,0,1,1,1,1,0,0.18029785,0.31541443,0.93165588,0.17222595,0.31863403,0.93208313,33.19393921,1.20855713,-28.60446167,-25.6443634,2.04196167,-22.56285095,0,0.0,3.07980347,3.07980347,1.0,1.0,1578642397466324,252366086088, HMD, -0.12283, 1.19137, 0.35530, 0.41643, 0.04914, 0.90406, -0.08279
3761766,1578642397470375,1,1,1,1,0,1,1,1,1,0,0.18029785,0.31541443,0.93165588,0.17222595,0.31863403,0.93208313,33.19393921,1.20855713,-28.60446167,-25.6443634,2.04196167,-22.56285095,0,0.0,3.07980347,3.07980347,1.0,1.0,1578642397466324,252366086088, HMD, -0.12283, 1.19137, 0.35530, 0.41643, 0.04914, 0.90406, -0.08279
3761766,1578642397474394,1,1,1,1,0,1,1,1,1,0,0.18029785,0.31541443,0.93165588,0.17222595,0.31863403,0.93208313,33.19393921,1.20855713,-28.60446167,-25.6443634,2.04196167,-22.56285095,0,0.0,3.07980347,3.07980347,1.0,1.0,1578642397480094,252366223793, HMD, -0.12245, 1.19174, 0.35539, 0.41425, 0.04971, 0.90482, -0.08500
3761775,1578642397478364,1,1,1,1,0,1,1,1,1,0,0.1776886,0.31558228,0.93209839,0.16616821,0.30729675,0.9369812,33.19009399,1.19743347,-28.56562805,-25.64724731,2.12905884,-22.75241089,0,0.0,3.04234314,3.04234314,1.0,1.0,1578642397480094,252366223793, HMD, -0.12245, 1.19174, 0.35539, 0.41425, 0.04971, 0.90482, -0.08500
3761775,1578642397482368,1,1,1,1,0,1,1,1,1,0,0.1776886,0.31558228,0.93209839,0.16616821,0.30729675,0.9369812,33.19009399,1.19743347,-28.56562805,-25.64724731,2.12905884,-22.75241089,0,0.0,3.04234314,3.04234314,1.0,1.0,1578642397482332,252366246166, HMD, -0.12240, 1.19180, 0.35540, 0.41389, 0.04980, 0.90494, -0.08537
3761783,1578642397487363,1,1,1,1,0,1,1,1,1,0,0.17478943,0.31562805,0.93263245,0.16462708,0.30911255,0.93666077,33.18624878,1.18630981,-28.52680969,-25.68180847,2.20639038,-23.01499939,0,0.0,3.08128357,3.08128357,1.0,1.0,1578642397483439,252366257231, HMD, -0.12235, 1.19185, 0.35542, 0.41371, 0.04986, 0.90501, -0.08555
3761783,1578642397491365,1,1,1,1,0,1,1,1,1,0,0.17478943,0.31562805,0.93263245,0.16462708,0.30911255,0.93666077,33.18624878,1.18630981,-28.52680969,-25.68180847,2.20639038,-23.01499939,0,0.0,3.08128357,3.08128357,1.0,1.0,1578642397492190,252366344750, HMD, -0.12214, 1.19211, 0.35549, 0.41232, 0.05023, 0.90548, -0.08700
3761791,1578642397495371,1,1,1,1,0,1,1,1,1,0,0.17602539,0.31231689,0.93351746,0.15692139,0.29808044,0.94154358,33.18132019,1.16369629,-28.45056152,-25.70123291,2.22099304,-23.13972473,0,0.0,3.04278564,3.04278564,1.0,1.0,1578642397495458,252366377420, HMD, -0.12206, 1.19221, 0.35551, 0.41180, 0.05036, 0.90566, -0.08757
3761791,1578642397499368,1,1,1,1,0,1,1,1,1,0,0.17602539,0.31231689,0.93351746,0.15692139,0.29808044,0.94154358,33.18132019,1.16369629,-28.45056152,-25.70123291,2.22099304,-23.13972473,0,0.0,3.04278564,3.04278564,1.0,1.0,1578642397495752,252366380364, HMD, -0.12205, 1.19222, 0.35552, 0.41175, 0.05037, 0.90568, -0.08762
3761800,1578642397503367,1,1,1,1,0,1,1,1,1,0,0.1796875,0.31851196,0.9307251,0.15582275,0.29170227,0.94372559,33.15188599,1.04214478,-28.1859436,-25.72650146,2.23168945,-23.26358032,0,0.0,2.99258423,2.99258423,1.0,1.0,1578642397509457,252366517420, HMD, -0.12173, 1.19268, 0.35563, 0.40956, 0.05088, 0.90641, -0.08994
3761800,1578642397508369,1,1,1,1,0,1,1,1,1,0,0.16308594,0.30419922,0.9385376,0.15719604,0.31752014,0.93511963,33.17185974,1.26168823,-28.90107727,-25.74972534,2.05238342,-22.94645691,0,0.0,3.09442139,3.09442139,1.0,1.0,1578642397509457,252366517420, HMD, -0.12173, 1.19268, 0.35563, 0.40956, 0.05088, 0.90641, -0.08994
3761808,1578642397512362,1,1,1,1,0,1,1,1,1,0,0.16308594,0.30419922,0.9385376,0.15719604,0.31752014,0.93511963,33.17185974,1.26168823,-28.90107727,-25.74972534,2.05238342,-22.94645691,0,0.0,3.09442139,3.09442139,1.0,1.0,1578642397512419,252366547036, HMD, -0.12166, 1.19278, 0.35565, 0.40908, 0.05098, 0.90657, -0.09044
3761808,1578642397516367,1,1,1,1,0,1,1,1,1,0,0.16308594,0.30419922,0.9385376,0.15719604,0.31752014,0.93511963,33.17185974,1.26168823,-28.90107727,-25.74972534,2.05238342,-22.94645691,0,0.0,3.09442139,3.09442139,1.0,1.0,1578642397512523,252366548069, HMD, -0.12165, 1.19278, 0.35566, 0.40907, 0.05098, 0.90658, -0.09046
3761816,1578642397523823,1,1,1,1,0,1,1,1,1,0,0.15663147,0.28869629,0.94451904,0.17526245,0.32299805,0.93002319,33.16755676,1.25970459,-28.92901611,-25.78659058,1.96017456,-22.74232483,0,0.0,3.0770874,3.0770874,1.0,1.0,1578642397530390,252366726754, HMD, -0.12114, 1.19331, 0.35578, 0.40622, 0.05159, 0.90752, -0.09348
3761825,1578642397527837,1,1,1,1,0,1,1,1,1,0,0.15232849,0.28329468,0.94683838,0.17097473,0.30921936,0.93548584,33.16041565,1.29031372,-29.06559753,-25.82162476,1.96255493,-22.79420471,0,0.0,2.99014282,2.99014282,1.0,1.0,1578642397530390,252366726754, HMD, -0.12114, 1.19331, 0.35578, 0.40622, 0.05159, 0.90752, -0.09348
3761825,1578642397531836,1,1,1,1,0,1,1,1,1,0,0.15232849,0.28329468,0.94683838,0.17097473,0.30921936,0.93548584,33.16041565,1.29031372,-29.06559753,-25.82162476,1.96255493,-22.79420471,0,0.0,2.99014282,2.99014282,1.0,1.0,1578642397531797,252366740813, HMD, -0.12110, 1.19335, 0.35578, 0.40600, 0.05163, 0.90759, -0.09371
3761833,1578642397535818,1,1,1,1,0,1,1,1,1,0,0.15492249,0.28256226,0.94664001,0.15823364,0.30554199,0.93893433,33.15629578,1.29718018,-29.15249634,-25.82466125,1.99052429,-22.88883972,0,0.0,2.9186554,2.9186554,1.0,1.0,1578642397533716,252366760006, HMD, -0.12106, 1.19341, 0.35580, 0.40571, 0.05169, 0.90768, -0.09404
3761833,1578642397539828,1,1,1,1,0,1,1,1,1,0,0.15492249,0.28256226,0.94664001,0.15823364,0.30554199,0.93893433,33.15629578,1.29718018,-29.15249634,-25.82466125,1.99052429,-22.88883972,0,0.0,2.9186554,2.9186554,1.0,1.0,1578642397533716,252366760006, HMD, -0.12106, 1.19341, 0.35580, 0.40571, 0.05169, 0.90768, -0.09404
3761841,1578642397545376,1,1,1,1,0,1,1,1,1,0,0.14979553,0.27700806,0.94911194,0.14857483,0.29589844,0.94358826,33.14807129,1.27554321,-29.1018219,-25.83023071,1.96385193,-22.82914734,0,0.0,3.06892395,3.06892395,1.0,1.0,1578642397548120,252366904057, HMD, -0.12070, 1.19387, 0.35588, 0.40348, 0.05213, 0.90839, -0.09649
3761841,1578642397549347,1,1,1,1,0,1,1,1,1,0,0.14979553,0.27700806,0.94911194,0.14857483,0.29589844,0.94358826,33.14807129,1.27554321,-29.1018219,-25.83023071,1.96385193,-22.82914734,0,0.0,3.06892395,3.06892395,1.0,1.0,1578642397549369,252366916539, HMD, -0.12066, 1.19390, 0.35589, 0.40329, 0.05217, 0.90845, -0.09670
3761850,1578642397554972,1,1,1,1,0,1,1,1,1,0,0.14624023,0.27825928,0.94929504,0.1463623,0.29916382,0.94290161,33.14480591,1.29907227,-29.20158386,-25.82931519,1.98471069,-22.90628052,0,0.0,3.03768921,3.03768921,1.0,1.0,1578642397551894,252366941789, HMD, -0.12060, 1.19398, 0.35590, 0.40290, 0.05225, 0.90857, -0.09714
3761850,1578642397558982,1,1,1,1,0,1,1,1,1,0,0.14624023,0.27825928,0.94929504,0.1463623,0.29916382,0.94290161,33.14480591,1.29907227,-29.20158386,-25.82931519,1.98471069,-22.90628052,0,0.0,3.03768921,3.03768921,1.0,1.0,1578642397562102,252367043872, HMD, -0.12033, 1.19429, 0.35596, 0.40133, 0.05256, 0.90906, -0.09892
3761858,1578642397562959,1,1,1,1,0,1,1,1,1,0,0.14163208,0.27801514,0.95005798,0.14421082,0.29013062,0.94604492,33.14277649,1.31848145,-29.27636719,-25.84474182,1.98773193,-22.92608643,0,0.0,3.04707336,3.04707336,1.0,1.0,1578642397562945,252367052432, HMD, -0.12031, 1.19432, 0.35596, 0.40120, 0.05259, 0.90910, -0.09907
3761858,1578642397567008,1,1,1,1,0,1,1,1,1,0,0.14163208,0.27801514,0.95005798,0.14421082,0.29013062,0.94604492,33.14277649,1.31848145,-29.27636719,-25.84474182,1.98773193,-22.92608643,0,0.0,3.04707336,3.04707336,1.0,1.0,1578642397565245,252367075292, HMD, -0.12024, 1.19440, 0.35598, 0.40083, 0.05267, 0.90921, -0.09948
3761866,1578642397570968,1,1,1,1,0,1,1,1,1,0,0.13659668,0.2754364,0.95155334,0.14602661,0.27891541,0.94914246,33.13059998,1.29656982,-29.27108765,-25.88696289,2.07174683,-23.21517944,0,0.0,3.03901672,3.03901672,1.0,1.0,1578642397575619,252367179045, HMD, -0.11996, 1.19473, 0.35603, 0.39926, 0.05300, 0.90968, -0.10126
3761866,1578642397574961,1,1,1,1,0,1,1,1,1,0,0.13659668,0.2754364,0.95155334,0.14602661,0.27891541,0.94914246,33.13059998,1.29656982,-29.27108765,-25.88696289,2.07174683,-23.21517944,0,0.0,3.03901672,3.03901672,1.0,1.0,1578642397575619,252367179045, HMD, -0.11996, 1.19473, 0.35603, 0.39926, 0.05300, 0.90968, -0.10126
3761875,1578642397578958,1,1,1,1,0,1,1,1,1,0,0.1348877,0.2686615,0.95373535,0.14625549,0.27818298,0.94932556,33.12261963,1.25259399,-29.19670105,-25.90325928,2.05108643,-23.17678833,0,0.0,3.12931824,3.12931824,1.0,1.0,1578642397578740,252367210241, HMD, -0.11980, 1.19479, 0.35602, 0.39879, 0.05309, 0.90982, -0.10182
3761875,1578642397582898,1,1,1,1,0,1,1,1,1,0,0.1348877,0.2686615,0.95373535,0.14625549,0.27818298,0.94932556,33.12261963,1.25259399,-29.19670105,-25.90325928,2.05108643,-23.17678833,0,0.0,3.12931824,3.12931824,1.0,1.0,1578642397578740,252367210241, HMD, -0.11980, 1.19479, 0.35602, 0.39879, 0.05309, 0.90982, -0.10182
3761883,1578642397585798,1,1,1,1,0,1,1,1,1,0,0.13543701,0.26216125,0.95545959,0.14552307,0.2804718,0.94876099,33.11340332,1.22537231,-29.18768311,-25.92507935,2.02232361,-23.14648438,0,0.0,3.0063324,3.0063324,1.0,1.0,1578642397587942,252367302284, HMD, -0.11956, 1.19505, 0.35608, 0.39739, 0.05335, 0.91024, -0.10338
3761883,1578642397589804,1,1,1,1,0,1,1,1,1,0,0.13543701,0.26216125,0.95545959,0.14552307,0.2804718,0.94876099,33.11340332,1.22537231,-29.18768311,-25.92507935,2.02232361,-23.14648438,0,0.0,3.0063324,3.0063324,1.0,1.0,1578642397589821,252367321054, HMD, -0.11951, 1.19511, 0.35609, 0.39711, 0.05340, 0.91033, -0.10370
3761891,1578642397594582,1,1,1,1,0,1,1,1,1,0,0.13635254,0.26576233,0.95433044,0.14125061,0.27622986,0.95063782,33.10142517,1.24580383,-29.32061768,-25.93994141,1.97619629,-23.05183411,0,0.0,3.00637817,3.00637817,1.0,1.0,1578642397591054,252367333381, HMD, -0.11948, 1.19515, 0.35609, 0.39692, 0.05343, 0.91039, -0.10390
3761891,1578642397598561,1,1,1,1,0,1,1,1,1,0,0.13635254,0.26576233,0.95433044,0.14125061,0.27622986,0.95063782,33.10142517,1.24580383,-29.32061768,-25.93994141,1.97619629,-23.05183411,0,0.0,3.00637817,3.00637817,1.0,1.0,1578642397602123,252367444078, HMD, -0.11917, 1.19545, 0.35617, 0.39523, 0.05373, 0.91089, -0.10573
3761900,1578642397602560,1,1,1,1,0,1,1,1,1,0,0.13562012,0.26586914,0.95440674,0.13722229,0.27436829,0.95176697,33.08270264,1.19761658,-29.23527527,-25.94792175,1.96069336,-23.03041077,0,0.0,3.02668762,3.02668762,1.0,1.0,1578642397602474,252367447580, HMD, -0.11916, 1.19546, 0.35617, 0.39518, 0.05374, 0.91091, -0.10579
3761900,1578642397606559,1,1,1,1,0,1,1,1,1,0,0.13562012,0.26586914,0.95440674,0.13722229,0.27436829,0.95176697,33.08270264,1.19761658,-29.23527527,-25.94792175,1.96069336,-23.03041077,0,0.0,3.02668762,3.02668762,1.0,1.0,1578642397605855,252367481394, HMD, -0.11905, 1.19556, 0.35620, 0.39468, 0.05385, 0.91106, -0.10632
3761908,1578642397610542,1,1,1,1,0,1,1,1,1,0,0.13232422,0.26567078,0.95492554,0.13313293,0.27241516,0.95291138,33.07014465,1.1421814,-29.10980225,-25.9559021,1.94519043,-23.00898743,0,0.0,3.04025269,3.04025269,1.0,1.0,1578642397605855,252367481394, HMD, -0.11905, 1.19556, 0.35620, 0.39468, 0.05385, 0.91106, -0.10632
3761908,1578642397614555,1,1,1,1,0,1,1,1,1,0,0.13232422,0.26567078,0.95492554,0.13313293,0.27241516,0.95291138,33.07014465,1.1421814,-29.10980225,-25.9559021,1.94519043,-23.00898743,0,0.0,3.04025269,3.04025269,1.0,1.0,1578642397617261,252367595461, HMD, -0.11876, 1.19587, 0.35626, 0.39299, 0.05415, 0.91156, -0.10809
3761916,1578642397618553,1,1,1,1,0,1,1,1,1,0,0.13442993,0.25741577,0.95689392,0.13438416,0.27580261,0.95176697,33.06381226,1.1101532,-29.02909851,-25.96310425,1.92524719,-23.01031494,0,0.0,3.04914856,3.04914856,1.0,1.0,1578642397618578,252367608628, HMD, -0.11876, 1.19592, 0.35629, 0.39278, 0.05419, 0.91163, -0.10828
3761916,1578642397623555,1,1,1,1,0,1,1,1,1,0,0.13442993,0.25741577,0.95689392,0.13438416,0.27580261,0.95176697,33.06381226,1.1101532,-29.02909851,-25.96310425,1.92524719,-23.01031494,0,0.0,3.04914856,3.04914856,1.0,1.0,1578642397620838,252367631226, HMD, -0.11870, 1.19598, 0.35630, 0.39244, 0.05425, 0.91173, -0.10862
3761925,1578642397627540,1,1,1,1,0,1,1,1,1,0,0.14173889,0.24723816,0.95852661,0.13557434,0.27908325,0.95063782,33.04411316,1.0223999,-28.81185913,-25.9703064,1.90530396,-23.01164246,0,0.0,2.97511292,2.97511292,1.0,1.0,1578642397630344,252367726295, HMD, -0.11846, 1.19622, 0.35639, 0.39106, 0.05453, 0.91214, -0.11002
3761925,1578642397631531,1,1,1,1,0,1,1,1,1,0,0.14173889,0.24723816,0.95852661,0.13557434,0.27908325,0.95063782,33.04411316,1.0223999,-28.81185913,-25.9703064,1.90530396,-23.01164246,0,0.0,2.97511292,2.97511292,1.0,1.0,1578642397631580,252367738647, HMD, -0.11843, 1.19625, 0.35640, 0.39089, 0.05457, 0.91219, -0.11018
3761933,1578642397635545,1,1,1,1,0,1,1,1,1,0,0.13327026,0.25094604,0.95877075,0.1307373,0.27597046,0.95222473,33.0320282,1.02507019,-28.85890198,-25.97662354,1.91598511,-23.02946472,0,0.0,2.98001099,2.98001099,1.0,1.0,1578642397633614,252367758984, HMD, -0.11838, 1.19630, 0.35641, 0.39058, 0.05463, 0.91228, -0.11048
3761933,1578642397639566,1,1,1,1,0,1,1,1,1,0,0.13327026,0.25094604,0.95877075,0.1307373,0.27597046,0.95222473,33.0320282,1.02507019,-28.85890198,-25.97662354,1.91598511,-23.02946472,0,0.0,2.98001099,2.98001099,1.0,1.0,1578642397633614,252367758984, HMD, -0.11838, 1.19630, 0.35641, 0.39058, 0.05463, 0.91228, -0.11048
3761941,1578642397644533,1,1,1,1,0,1,1,1,1,0,0.10913086,0.2273407,0.96766663,0.12585449,0.2729187,0.95375061,33.08686829,1.51016235,-30.37159729,-25.98292542,1.92666626,-23.04728699,0,0.0,2.92759705,2.92759705,1.0,1.0,1578642397645666,252367879513, HMD, -0.11799, 1.19654, 0.35647, 0.38885, 0.05501, 0.91280, -0.11212
3761941,1578642397648529,1,1,1,1,0,1,1,1,1,0,0.10913086,0.2273407,0.96766663,0.12585449,0.2729187,0.95375061,33.08686829,1.51016235,-30.37159729,-25.98292542,1.92666626,-23.04728699,0,0.0,2.92759705,2.92759705,1.0,1.0,1578642397648551,252367908358, HMD, -0.11791, 1.19661, 0.35649, 0.38844, 0.05509, 0.91292, -0.11251
3761950,1578642397652528,1,1,1,1,0,1,1,1,1,0,0.10417175,0.23129272,0.96728516,0.12518311,0.26989746,0.95471191,33.07940674,1.48005676,-30.30926514,-25.98757935,1.92976379,-23.04956055,0,0.0,2.99330139,2.99330139,1.0,1.0,1578642397648744,252367910288, HMD, -0.11791, 1.19662, 0.35649, 0.38841, 0.05510, 0.91293, -0.11253
3761950,1578642397656536,1,1,1,1,0,1,1,1,1,0,0.10417175,0.23129272,0.96728516,0.12518311,0.26989746,0.95471191,33.07940674,1.48005676,-30.30926514,-25.98757935,1.92976379,-23.04956055,0,0.0,2.99330139,2.99330139,1.0,1.0,1578642397657646,252367999317, HMD, -0.11766, 1.19681, 0.35654, 0.38714, 0.05537, 0.91331, -0.11367
3761958,1578642397660565,1,1,1,1,0,1,1,1,1,0,0.10417175,0.23210144,0.96708679,0.1245575,0.26696777,0.95561218,33.07244873,1.41963196,-30.17402649,-25.99223328,1.93284607,-23.05183411,0,0.0,3.03579712,3.03579712,1.0,1.0,1578642397660461,252368027461, HMD, -0.11760, 1.19687, 0.35656, 0.38672, 0.05547, 0.91344, -0.11402
3761966,1578642397665518,1,1,1,1,0,1,1,1,1,0,0.10417175,0.23210144,0.96708679,0.1245575,0.26696777,0.95561218,33.07244873,1.41963196,-30.17402649,-25.99223328,1.93284607,-23.05183411,0,0.0,3.03579712,3.03579712,1.0,1.0,1578642397669784,252368120693, HMD, -0.11733, 1.19707, 0.35663, 0.38538, 0.05578, 0.91385, -0.11513
3761966,1578642397669528,1,1,1,1,0,1,1,1,1,0,0.11277771,0.22926331,0.96679688,0.12461853,0.26580811,0.95593262,33.04745483,1.24545288,-29.69644165,-26.00175476,1.92976379,-23.04956055,0,0.0,3.01156616,3.01156616,1.0,1.0,1578642397669784,252368120693, HMD, -0.11733, 1.19707, 0.35663, 0.38538, 0.05578, 0.91385, -0.11513
3761966,1578642397673528,1,1,1,1,0,1,1,1,1,0,0.11277771,0.22926331,0.96679688,0.12461853,0.26580811,0.95593262,33.04745483,1.24545288,-29.69644165,-26.00175476,1.92976379,-23.04956055,0,0.0,3.01156616,3.01156616,1.0,1.0,1578642397673576,252368158602, HMD, -0.11724, 1.19715, 0.35666, 0.38484, 0.05589, 0.91401, -0.11558
3761975,1578642397677534,1,1,1,1,0,1,1,1,1,0,0.10708618,0.22763062,0.96783447,0.12493896,0.26489258,0.95614624,33.0375061,1.20985413,-29.62573242,-26.01126099,1.92666626,-23.04728699,0,0.0,3.01940918,3.01940918,1.0,1.0,1578642397673969,252368162532, HMD, -0.11723, 1.19716, 0.35666, 0.38478, 0.05591, 0.91403, -0.11562
3761975,1578642397681517,1,1,1,1,0,1,1,1,1,0,0.10708618,0.22763062,0.96783447,0.12493896,0.26489258,0.95614624,33.0375061,1.20985413,-29.62573242,-26.01126099,1.92666626,-23.04728699,0,0.0,3.01940918,3.01940918,1.0,1.0,1578642397685040,252368273257, HMD, -0.11693, 1.19736, 0.35674, 0.38321, 0.05625, 0.91451, -0.11685
3761983,1578642397685527,1,1,1,1,0,1,1,1,1,0,0.10281372,0.23356628,0.96687317,0.12289429,0.26676941,0.95588684,33.0243988,1.19604492,-29.60720825,-26.0173645,1.91598511,-23.04956055,0,0.0,2.97874451,2.97874451,1.0,1.0,1578642397685489,252368277731, HMD, -0.11692, 1.19737, 0.35674, 0.38315, 0.05627, 0.91453, -0.11690
3761983,1578642397689514,1,1,1,1,0,1,1,1,1,0,0.10281372,0.23356628,0.96687317,0.12289429,0.26676941,0.95588684,33.0243988,1.19604492,-29.60720825,-26.0173645,1.91598511,-23.04956055,0,0.0,2.97874451,2.97874451,1.0,1.0,1578642397688236,252368305208, HMD, -0.11685, 1.19742, 0.35676, 0.38277, 0.05635, 0.91465, -0.11719
3761991,1578642397699536,1,1,1,1,0,1,1,1,1,0,0.10009766,0.23597717,0.96658325,0.12077332,0.26846313,0.95567322,33.0100708,1.18655396,-29.58810425,-26.02345276,1.90530396,-23.05183411,0,0.0,2.87345886,2.87345886,1.0,1.0,1578642397699589,252368418736, HMD, -0.11652, 1.19761, 0.35682, 0.38121, 0.05672, 0.91511, -0.11847
3762000,1578642397703524,1,1,1,1,0,1,1,1,1,0,0.09783936,0.2277832,0.96878052,0.11633301,0.26750183,0.95649719,33.00115967,1.17765808,-29.5713501,-26.02380371,1.90402222,-23.05039978,0,0.0,3.0052948,3.0052948,1.0,1.0,1578642397700477,252368427609, HMD, -0.11650, 1.19763, 0.35683, 0.38109, 0.05675, 0.91514, -0.11858
3762008,1578642397716520,1,1,1,1,0,1,1,1,1,0,0.10568237,0.23916626,0.9651947,0.11195374,0.2666626,0.95726013,32.96426392,0.97636414,-28.91963196,-26.02415466,1.90274048,-23.04896545,0,0.0,3.11300659,3.11300659,1.0,1.0,1578642397716536,252368588204, HMD, -0.11607, 1.19796, 0.35696, 0.37892, 0.05731, 0.91576, -0.12053
3762016,1578642397720503,1,1,1,1,0,1,1,1,1,0,0.10035706,0.22892761,0.96824646,0.09846497,0.25689697,0.96139526,32.96311951,1.08094788,-29.19416809,-26.02793884,1.90083313,-23.04728699,0,0.0,3.09835815,3.09835815,1.0,1.0,1578642397719894,252368621782, HMD, -0.11593, 1.19801, 0.35697, 0.37847, 0.05743, 0.91588, -0.12096
3762016,1578642397724511,1,1,1,1,0,1,1,1,1,0,0.10035706,0.22892761,0.96824646,0.09846497,0.25689697,0.96139526,32.96311951,1.08094788,-29.19416809,-26.02793884,1.90083313,-23.04728699,0,0.0,3.09835815,3.09835815,1.0,1.0,1578642397719894,252368621782, HMD, -0.11593, 1.19801, 0.35697, 0.37847, 0.05743, 0.91588, -0.12096
3762025,1578642397728514,1,1,1,1,0,1,1,1,1,0,0.09825134,0.22634888,0.96907043,0.10949707,0.25874329,0.95970154,32.96626282,1.14306641,-29.3759613,-26.08482361,1.86813354,-23.04728699,0,0.0,3.09413147,3.09413147,1.0,1.0,1578642397733113,252368753979, HMD, -0.11562, 1.19831, 0.35709, 0.37674, 0.05790, 0.91633, -0.12272
3762025,1578642397732511,1,1,1,1,0,1,1,1,1,0,0.09825134,0.22634888,0.96907043,0.10949707,0.25874329,0.95970154,32.96626282,1.14306641,-29.3759613,-26.08482361,1.86813354,-23.04728699,0,0.0,3.09413147,3.09413147,1.0,1.0,1578642397733113,252368753979, HMD, -0.11562, 1.19831, 0.35709, 0.37674, 0.05790, 0.91633, -0.12272
3762033,1578642397736502,1,1,1,1,0,1,1,1,1,0,0.09753418,0.22264099,0.97000122,0.10174561,0.25492859,0.96157837,32.96369934,1.20518494,-29.55775452,-26.09544373,1.86462402,-23.04728699,0,0.0,3.08676147,3.08676147,1.0,1.0,1578642397736155,252368784389, HMD, -0.11555, 1.19838, 0.35712, 0.37633, 0.05800, 0.91643, -0.12315
3762033,1578642397740516,1,1,1,1,0,1,1,1,1,0,0.09753418,0.22264099,0.97000122,0.10174561,0.25492859,0.96157837,32.96369934,1.20518494,-29.55775452,-26.09544373,1.86462402,-23.04728699,0,0.0,3.08676147,3.08676147,1.0,1.0,1578642397736155,252368784389, HMD, -0.11555, 1.19838, 0.35712, 0.37633, 0.05800, 0.91643, -0.12315
3762041,1578642397745504,1,1,1,1,0,1,1,1,1,0,0.09591675,0.22027588,0.97070313,0.10075378,0.24958801,0.96308899,32.96368408,1.20823669,-29.57446289,-26.10224915,1.84997559,-23.04728699,0,0.0,3.06916809,3.06916809,1.0,1.0,1578642397747399,252368896843, HMD, -0.11522, 1.19858, 0.35721, 0.37486, 0.05838, 0.91680, -0.12472
3762041,1578642397749505,1,1,1,1,0,1,1,1,1,0,0.09591675,0.22027588,0.97070313,0.10075378,0.24958801,0.96308899,32.96368408,1.20823669,-29.57446289,-26.10224915,1.84997559,-23.04728699,0,0.0,3.06916809,3.06916809,1.0,1.0,1578642397749467,252368917520, HMD, -0.11517, 1.19862, 0.35723, 0.37458, 0.05844, 0.91686, -0.12502
3762049,1578642397753497,1,1,1,1,0,1,1,1,1,0,0.08618164,0.20666504,0.97459412,0.09065247,0.24772644,0.96456909,32.95123291,1.28237915,-29.89038086,-26.12341309,1.84912109,-23.03175354,0,0.0,3.1028595,3.1028595,1.0,1.0,1578642397751270,252368935551, HMD, -0.11513, 1.19866, 0.35724, 0.37435, 0.05850, 0.91692, -0.12528
3762049,1578642397757526,1,1,1,1,0,1,1,1,1,0,0.08618164,0.20666504,0.97459412,0.09065247,0.24772644,0.96456909,32.95123291,1.28237915,-29.89038086,-26.12341309,1.84912109,-23.03175354,0,0.0,3.1028595,3.1028595,1.0,1.0,1578642397759919,252369022037, HMD, -0.11491, 1.19883, 0.35731, 0.37321, 0.05874, 0.91720, -0.12650
3762058,1578642397761508,1,1,1,1,0,1,1,1,1,0,0.07926941,0.20457458,0.97563171,0.09611511,0.24708557,0.96420288,32.938797,1.27078247,-29.8795929,-26.14990234,1.84912109,-23.03175354,0,0.0,3.08021545,3.08021545,1.0,1.0,1578642397761426,252369037106, HMD, -0.11488, 1.19886, 0.35732, 0.37302, 0.05878, 0.91725, -0.12672
3762058,1578642397766503,1,1,1,1,0,1,1,1,1,0,0.07926941,0.20457458,0.97563171,0.09611511,0.24708557,0.96420288,32.938797,1.27078247,-29.8795929,-26.14990234,1.84912109,-23.03175354,0,0.0,3.08021545,3.08021545,1.0,1.0,1578642397763664,252369059484, HMD, -0.11485, 1.19894, 0.35737, 0.37271, 0.05885, 0.91733, -0.12701
3762066,1578642397770527,1,1,1,1,0,1,1,1,1,0,0.07952881,0.21304321,0.9737854,0.09669495,0.24732971,0.96408081,32.92051697,1.28981018,-29.90858459,-26.16133118,1.84580994,-23.03056335,0,0.0,2.98591614,2.98591614,1.0,1.0,1578642397772274,252369145593, HMD, -0.11467, 1.19910, 0.35745, 0.37160, 0.05910, 0.91760, -0.12820
3762066,1578642397775510,1,1,1,1,0,1,1,1,1,0,0.07952881,0.21304321,0.9737854,0.09669495,0.24732971,0.96408081,32.92051697,1.28981018,-29.90858459,-26.16133118,1.84580994,-23.03056335,0,0.0,2.98591614,2.98591614,1.0,1.0,1578642397775530,252369178139, HMD, -0.11460, 1.19916, 0.35748, 0.37118, 0.05919, 0.91770, -0.12863
3762074,1578642397779491,1,1,1,1,0,1,1,1,1,0,0.07592773,0.2258606,0.97119141,0.0776825,0.24983215,0.96514893,32.86665344,1.21884155,-29.47816467,-26.22193909,1.84745789,-22.89862061,0,0.0,3.14315796,3.14315796,1.0,1.0,1578642397775815,252369180991, HMD, -0.11460, 1.19917, 0.35748, 0.37115, 0.05919, 0.91771, -0.12867
3762074,1578642397783517,1,1,1,1,0,1,1,1,1,0,0.0743866,0.24246216,0.96730042,0.0736084,0.25894165,0.96307373,32.8084259,1.28341675,-29.4972229,-26.22337341,1.90652466,-22.78378296,0,0.0,3.09753418,3.09753418,1.0,1.0,1578642397785122,252369274068, HMD, -0.11430, 1.19933, 0.35761, 0.36994, 0.05946, 0.91800, -0.12992
3762083,1578642397787500,1,1,1,1,0,1,1,1,1,0,0.0743866,0.24246216,0.96730042,0.0736084,0.25894165,0.96307373,32.8084259,1.28341675,-29.4972229,-26.22337341,1.90652466,-22.78378296,0,0.0,3.09753418,3.09753418,1.0,1.0,1578642397787545,252369298296, HMD, -0.11425, 1.19937, 0.35763, 0.36964, 0.05952, 0.91808, -0.13023
3762083,1578642397791490,1,1,1,1,0,1,1,1,1,0,0.0743866,0.24246216,0.96730042,0.0736084,0.25894165,0.96307373,32.8084259,1.28341675,-29.4972229,-26.22337341,1.90652466,-22.78378296,0,0.0,3.09753418,3.09753418,1.0,1.0,1578642397788114,252369303982, HMD, -0.11424, 1.19938, 0.35764, 0.36957, 0.05953, 0.91809, -0.13031
3762091,1578642397795512,1,1,1,1,0,1,1,1,1,0,0.06690979,0.26194763,0.9627533,0.07029724,0.26708984,0.96109009,32.7580719,1.28410339,-29.37341309,-26.2245636,1.89421082,-22.69654846,0,0.0,3.06135559,3.06135559,1.0,1.0,1578642397797433,252369397179, HMD, -0.11404, 1.19954, 0.35774, 0.36840, 0.05973, 0.91838, -0.13153
3762099,1578642397799479,1,1,1,1,0,1,1,1,1,0,0.06690979,0.26194763,0.9627533,0.07029724,0.26708984,0.96109009,32.7580719,1.28410339,-29.37341309,-26.2245636,1.89421082,-22.69654846,0,0.0,3.06135559,3.06135559,1.0,1.0,1578642397799524,252369418086, HMD, -0.11395, 1.19956, 0.35775, 0.36814, 0.05976, 0.91844, -0.13181
3762099,1578642397803493,1,1,1,1,0,1,1,1,1,0,0.06402588,0.2716217,0.96026611,0.06700134,0.27374268,0.9594574,32.73301697,1.27232361,-29.27366638,-26.22575378,1.88835144,-22.60932922,0,0.0,3.0327301,3.0327301,1.0,1.0,1578642397800451,252369427348, HMD, -0.11393, 1.19958, 0.35776, 0.36802, 0.05978, 0.91847, -0.13193
3762099,1578642397807515,1,1,1,1,0,1,1,1,1,0,0.06402588,0.2716217,0.96026611,0.06700134,0.27374268,0.9594574,32.73301697,1.27232361,-29.27366638,-26.22575378,1.88835144,-22.60932922,0,0.0,3.0327301,3.0327301,1.0,1.0,1578642397813836,252369561221, HMD, -0.11366, 1.19981, 0.35795, 0.36633, 0.06006, 0.91887, -0.13369
3762108,1578642397811493,1,1,1,1,0,1,1,1,1,0,0.0615387,0.2620697,0.96307373,0.06794739,0.27757263,0.95828247,32.75198364,1.39250183,-29.62409973,-26.2348175,1.88513184,-22.59020996,0,0.0,2.94569397,2.94569397,1.0,1.0,1578642397813836,252369561221, HMD, -0.11366, 1.19981, 0.35795, 0.36633, 0.06006, 0.91887, -0.13369
3762108,1578642397815478,1,1,1,1,0,1,1,1,1,0,0.0615387,0.2620697,0.96307373,0.06794739,0.27757263,0.95828247,32.75198364,1.39250183,-29.62409973,-26.2348175,1.88513184,-22.59020996,0,0.0,2.94569397,2.94569397,1.0,1.0,1578642397815497,252369577819, HMD, -0.11363, 1.19984, 0.35797, 0.36612, 0.06008, 0.91892, -0.13391
3762116,1578642397819492,1,1,1,1,0,1,1,1,1,0,0.05984497,0.26055908,0.96359253,0.06858826,0.27523804,0.95892334,32.75314331,1.38923645,-29.61946106,-26.24386597,1.88191223,-22.5710907,0,0.0,2.98696899,2.98696899,1.0,1.0,1578642397816923,252369592075, HMD, -0.11355, 1.19984, 0.35798, 0.36595, 0.06010, 0.91896, -0.13410
3762116,1578642397824475,1,1,1,1,0,1,1,1,1,0,0.05984497,0.26055908,0.96359253,0.06858826,0.27523804,0.95892334,32.75314331,1.38923645,-29.61946106,-26.24386597,1.88191223,-22.5710907,0,0.0,2.98696899,2.98696899,1.0,1.0,1578642397826546,252369688316, HMD, -0.11336, 1.20000, 0.35812, 0.36474, 0.06023, 0.91924, -0.13540
3762124,1578642397828485,1,1,1,1,0,1,1,1,1,0,0.05870056,0.25784302,0.96438599,0.06413269,0.27635193,0.95890808,32.75198364,1.39250183,-29.62409973,-26.24856567,1.87231445,-22.53114319,0,0.0,3.01733398,3.01733398,1.0,1.0,1578642397828437,252369707218, HMD, -0.11332, 1.20003, 0.35815, 0.36451, 0.06024, 0.91930, -0.13566
3762133,1578642397833479,1,1,1,1,0,1,1,1,1,0,0.05870056,0.25784302,0.96438599,0.06413269,0.27635193,0.95890808,32.75198364,1.39250183,-29.62409973,-26.24856567,1.87231445,-22.53114319,0,0.0,3.01733398,3.01733398,1.0,1.0,1578642397829678,252369719626, HMD, -0.11330, 1.20005, 0.35816, 0.36435, 0.06025, 0.91933, -0.13582
3762133,1578642397837472,1,1,1,1,0,1,1,1,1,0,0.05635071,0.25335693,0.96572876,0.05914307,0.27578735,0.9593811,32.75149536,1.39465332,-29.63478088,-26.25326538,1.87760925,-22.56054688,0,0.0,3.01885986,3.01885986,1.0,1.0,1578642397838171,252369804563, HMD, -0.11312, 1.20018, 0.35826, 0.36330, 0.06033, 0.91957, -0.13695
3762133,1578642397841484,1,1,1,1,0,1,1,1,1,0,0.05635071,0.25335693,0.96572876,0.05914307,0.27578735,0.9593811,32.75149536,1.39465332,-29.63478088,-26.25326538,1.87760925,-22.56054688,0,0.0,3.01885986,3.01885986,1.0,1.0,1578642397841447,252369837993, HMD, -0.11306, 1.20022, 0.35830, 0.36291, 0.06035, 0.91966, -0.13738
3762141,1578642397845469,1,1,1,1,0,1,1,1,1,0,0.05403137,0.2497406,0.96679688,0.06004333,0.27502441,0.95954895,32.75100708,1.39302063,-29.64547729,-26.26275635,1.87976074,-22.56582642,0,0.0,3.0115509,3.0115509,1.0,1.0,1578642397841926,252369842103, HMD, -0.11305, 1.20023, 0.35831, 0.36285, 0.06036, 0.91968, -0.13744
3762141,1578642397849477,1,1,1,1,0,1,1,1,1,0,0.05403137,0.2497406,0.96679688,0.06004333,0.27502441,0.95954895,32.75100708,1.39302063,-29.64547729,-26.26275635,1.87976074,-22.56582642,0,0.0,3.0115509,3.0115509,1.0,1.0,1578642397850816,252369931010, HMD, -0.11289, 1.20039, 0.35843, 0.36176, 0.06042, 0.91993, -0.13860
3762149,1578642397853472,1,1,1,1,0,1,1,1,1,0,0.05253601,0.24217224,0.96879578,0.06112671,0.27468872,0.95957947,32.73809814,1.35806274,-29.59153748,-26.27224731,1.88191223,-22.5710907,0,0.0,3.00964355,3.00964355,1.0,1.0,1578642397853537,252369958216, HMD, -0.11285, 1.20043, 0.35846, 0.36143, 0.06043, 0.92000, -0.13894
3762149,1578642397857476,1,1,1,1,0,1,1,1,1,0,0.05253601,0.24217224,0.96879578,0.06112671,0.27468872,0.95957947,32.73809814,1.35806274,-29.59153748,-26.27224731,1.88191223,-22.5710907,0,0.0,3.00964355,3.00964355,1.0,1.0,1578642397854908,252369971922, HMD, -0.11278, 1.20043, 0.35847, 0.36128, 0.06043, 0.92004, -0.13912
3762158,1578642397862483,1,1,1,1,0,1,1,1,1,0,0.04241943,0.23922729,0.97003174,0.06413269,0.27253723,0.95999146,32.72732544,1.35400391,-29.63078308,-26.28717041,1.88513184,-22.59020996,0,0.0,3.13319397,3.13319397,1.0,1.0,1578642397865035,252370073235, HMD, -0.11262, 1.20056, 0.35860, 0.36010, 0.06044, 0.92031, -0.14035
3762158,1578642397866524,1,1,1,1,0,1,1,1,1,0,0.04241943,0.23922729,0.97003174,0.06413269,0.27253723,0.95999146,32.72732544,1.35400391,-29.63078308,-26.28717041,1.88513184,-22.59020996,0,0.0,3.13319397,3.13319397,1.0,1.0,1578642397866568,252370088524, HMD, -0.11264, 1.20059, 0.35867, 0.35991, 0.06045, 0.92036, -0.14051
3762158,1578642397870479,1,1,1,1,0,1,1,1,1,0,0.04238892,0.23924255,0.97001648,0.0670166,0.27029419,0.96043396,32.72529602,1.37335205,-29.7147522,-26.30209351,1.88835144,-22.60932922,0,0.0,3.10099792,3.10099792,1.0,1.0,1578642397868986,252370112704, HMD, -0.11261, 1.20062, 0.35870, 0.35963, 0.06044, 0.92043, -0.14079
3762166,1578642397874473,1,1,1,1,0,1,1,1,1,0,0.04238892,0.23924255,0.97001648,0.0670166,0.27029419,0.96043396,32.72529602,1.37335205,-29.7147522,-26.30209351,1.88835144,-22.60932922,0,0.0,3.10099792,3.10099792,1.0,1.0,1578642397868986,252370112704, HMD, -0.11261, 1.20062, 0.35870, 0.35963, 0.06044, 0.92043, -0.14079
3762174,1578642397878474,1,1,1,1,0,1,1,1,1,0,0.04232788,0.23933411,0.97000122,0.06216431,0.26887512,0.96115112,32.7232666,1.39268494,-29.79873657,-26.30830383,1.89544678,-22.63967896,0,0.0,3.07804871,3.07804871,1.0,1.0,1578642397884320,252370266064, HMD, -0.11232, 1.20077, 0.35896, 0.35788, 0.06038, 0.92086, -0.14247
3762174,1578642397883469,1,1,1,1,0,1,1,1,1,0,0.04232788,0.23933411,0.97000122,0.06216431,0.26887512,0.96115112,32.7232666,1.39268494,-29.79873657,-26.30830383,1.89544678,-22.63967896,0,0.0,3.07804871,3.07804871,1.0,1.0,1578642397884320,252370266064, HMD, -0.11232, 1.20077, 0.35896, 0.35788, 0.06038, 0.92086, -0.14247
3762183,1578642397887489,1,1,1,1,0,1,1,1,1,0,0.0406189,0.2381897,0.97035217,0.05732727,0.26895142,0.96144104,32.72392273,1.41316223,-29.88749695,-26.3144989,1.89653015,-22.67002869,0,0.0,3.10115051,3.10115051,1.0,1.0,1578642397887380,252370296650, HMD, -0.11228, 1.20080, 0.35900, 0.35753, 0.06037, 0.92094, -0.14280
3762183,1578642397891456,1,1,1,1,0,1,1,1,1,0,0.0406189,0.2381897,0.97035217,0.05732727,0.26895142,0.96144104,32.72392273,1.41316223,-29.88749695,-26.3144989,1.89653015,-22.67002869,0,0.0,3.10115051,3.10115051,1.0,1.0,1578642397888506,252370307900, HMD, -0.11226, 1.20081, 0.35902, 0.35741, 0.06036, 0.92097, -0.14292
3762191,1578642397895467,1,1,1,1,0,1,1,1,1,0,0.04180908,0.23625183,0.97077942,0.05509949,0.26449585,0.96279907,32.7232666,1.43363953,-29.97625732,-26.31970215,1.89952087,-22.70419312,0,0.0,3.07232666,3.07232666,1.0,1.0,1578642397896663,252370389475, HMD, -0.11216, 1.20089, 0.35914, 0.35648, 0.06031, 0.92120, -0.14379
3762199,1578642397899465,1,1,1,1,0,1,1,1,1,0,0.04180908,0.23625183,0.97077942,0.05509949,0.26449585,0.96279907,32.7232666,1.43363953,-29.97625732,-26.31970215,1.89952087,-22.70419312,0,0.0,3.07232666,3.07232666,1.0,1.0,1578642397899473,252370417572, HMD, -0.11208, 1.20090, 0.35917, 0.35616, 0.06028, 0.92128, -0.14410
3762199,1578642397903455,1,1,1,1,0,1,1,1,1,0,0.0406189,0.23408508,0.97135925,0.05279541,0.25991821,0.96417236,32.72265625,1.43424988,-29.99751282,-26.3249054,1.90252686,-22.73835754,0,0.0,3.0962677,3.0962677,1.0,1.0,1578642397900111,252370423951, HMD, -0.11207, 1.20090, 0.35918, 0.35609, 0.06028, 0.92130, -0.14417
3762199,1578642397907448,1,1,1,1,0,1,1,1,1,0,0.0406189,0.23408508,0.97135925,0.05279541,0.25991821,0.96417236,32.72265625,1.43424988,-29.99751282,-26.3249054,1.90252686,-22.73835754,0,0.0,3.0962677,3.0962677,1.0,1.0,1578642397909362,252370516494, HMD, -0.11201, 1.20103, 0.35936, 0.35501, 0.06020, 0.92156, -0.14515
3762208,1578642397912446,1,1,1,1,0,1,1,1,1,0,0.03973389,0.23106384,0.97212219,0.0526123,0.26087952,0.96392822,32.7220459,1.43486023,-30.01876831,-26.33816528,1.89682007,-22.73835754,0,0.0,3.06834412,3.06834412,1.0,1.0,1578642397912389,252370546732, HMD, -0.11197, 1.20106, 0.35940, 0.35467, 0.06015, 0.92164, -0.14548
3762216,1578642397916449,1,1,1,1,0,1,1,1,1,0,0.03923035,0.22853088,0.97273254,0.0476532,0.25552368,0.96562195,32.72200012,1.44726563,-30.05688477,-26.35557556,1.89682007,-22.75050354,0,0.0,3.06163025,3.06163025,1.0,1.0,1578642397912809,252370550929, HMD, -0.11197, 1.20106, 0.35941, 0.35462, 0.06015, 0.92165, -0.14553
3762216,1578642397920464,1,1,1,1,0,1,1,1,1,0,0.03923035,0.22853088,0.97273254,0.0476532,0.25552368,0.96562195,32.72200012,1.44726563,-30.05688477,-26.35557556,1.89682007,-22.75050354,0,0.0,3.06163025,3.06163025,1.0,1.0,1578642397922070,252370643552, HMD, -0.11185, 1.20116, 0.35954, 0.35357, 0.05997, 0.92190, -0.14658
3762216,1578642397924450,1,1,1,1,0,1,1,1,1,0,0.03923035,0.22853088,0.97273254,0.0476532,0.25552368,0.96562195,32.72200012,1.44726563,-30.05688477,-26.35557556,1.89682007,-22.75050354,0,0.0,3.06163025,3.06163025,1.0,1.0,1578642397924422,252370667063, HMD, -0.11186, 1.20118, 0.35962, 0.35328, 0.05993, 0.92198, -0.14683
3762224,1578642397928440,1,1,1,1,0,1,1,1,1,0,0.03878784,0.22540283,0.97348022,0.04536438,0.25186157,0.96669006,32.7219696,1.45968628,-30.05799866,-26.36985779,1.89682007,-22.75050354,0,0.0,3.06437683,3.06437683,1.0,1.0,1578642397925204,252370674880, HMD, -0.11186, 1.20119, 0.35963, 0.35320, 0.05991, 0.92199, -0.14693
3762233,1578642397933457,1,1,1,1,0,1,1,1,1,0,0.03878784,0.22540283,0.97348022,0.04536438,0.25186157,0.96669006,32.7219696,1.45968628,-30.05799866,-26.36985779,1.89682007,-22.75050354,0,0.0,3.06437683,3.06437683,1.0,1.0,1578642397934067,252370763518, HMD, -0.11177, 1.20128, 0.35977, 0.35221, 0.05969, 0.92222, -0.14797
3762233,1578642397937441,1,1,1,1,0,1,1,1,1,0,0.03842163,0.22447205,0.97370911,0.04096985,0.24906921,0.96760559,32.72041321,1.46464539,-30.06863403,-26.38198853,1.89682007,-22.75050354,0,0.0,3.08876038,3.08876038,1.0,1.0,1578642397937149,252370794336, HMD, -0.11167, 1.20128, 0.35981, 0.35186, 0.05960, 0.92230, -0.14835
3762233,1578642397941446,1,1,1,1,0,1,1,1,1,0,0.03842163,0.22447205,0.97370911,0.04096985,0.24906921,0.96760559,32.72041321,1.46464539,-30.06863403,-26.38198853,1.89682007,-22.75050354,0,0.0,3.08876038,3.08876038,1.0,1.0,1578642397937149,252370794336, HMD, -0.11167, 1.20128, 0.35981, 0.35186, 0.05960, 0.92230, -0.14835
3762241,1578642397945465,1,1,1,1,0,1,1,1,1,0,0.03811646,0.22337341,0.97398376,0.0370636,0.24649048,0.96842957,32.71885681,1.46958923,-30.07926941,-26.38432312,1.89682007,-22.75050354,0,0.0,3.10554504,3.10554504,1.0,1.0,1578642397950398,252370926836, HMD, -0.11158, 1.20141, 0.36005, 0.35038, 0.05918, 0.92263, -0.14996
3762241,1578642397949437,1,1,1,1,0,1,1,1,1,0,0.03811646,0.22337341,0.97398376,0.0370636,0.24649048,0.96842957,32.71885681,1.46958923,-30.07926941,-26.38432312,1.89682007,-22.75050354,0,0.0,3.10554504,3.10554504,1.0,1.0,1578642397950398,252370926836, HMD, -0.11158, 1.20141, 0.36005, 0.35038, 0.05918, 0.92263, -0.14996
3762249,1578642397954467,1,1,1,1,0,1,1,1,1,0,0.03794861,0.2225647,0.97416687,0.03990173,0.24160767,0.96954346,32.71594238,1.47067261,-30.08712769,-26.39663696,1.89682007,-22.75050354,0,0.0,3.10900879,3.10900879,1.0,1.0,1578642397953827,252370961118, HMD, -0.11155, 1.20144, 0.36011, 0.35000, 0.05905, 0.92271, -0.15040
3762258,1578642397958436,1,1,1,1,0,1,1,1,1,0,0.03782654,0.22163391,0.97438049,0.03686523,0.23858643,0.97041321,32.71302795,1.47175598,-30.09500122,-26.40527344,1.89682007,-22.75050354,0,0.0,3.10418701,3.10418701,1.0,1.0,1578642397953827,252370961118, HMD, -0.11155, 1.20144, 0.36011, 0.35000, 0.05905, 0.92271, -0.15040
3762258,1578642397966439,1,1,1,1,0,1,1,1,1,0,0.03782654,0.22163391,0.97438049,0.03686523,0.23858643,0.97041321,32.71302795,1.47175598,-30.09500122,-26.40527344,1.89682007,-22.75050354,0,0.0,3.10418701,3.10418701,1.0,1.0,1578642397967395,252371096800, HMD, -0.11141, 1.20157, 0.36035, 0.34849, 0.05860, 0.92302, -0.15218
3762266,1578642397970437,1,1,1,1,0,1,1,1,1,0,0.02545166,0.21337891,0.97662354,0.03311157,0.23841858,0.97058105,32.60507202,1.4400177,-29.85728455,-26.41308594,1.89682007,-22.77351379,0,0.0,3.08357239,3.08357239,1.0,1.0,1578642397970374,252371126579, HMD, -0.11139, 1.20160, 0.36040, 0.34817, 0.05850, 0.92308, -0.15260
3762266,1578642397974441,1,1,1,1,0,1,1,1,1,0,0.02545166,0.21337891,0.97662354,0.03311157,0.23841858,0.97058105,32.60507202,1.4400177,-29.85728455,-26.41308594,1.89682007,-22.77351379,0,0.0,3.08357239,3.08357239,1.0,1.0,1578642397971179,252371134632, HMD, -0.11138, 1.20161, 0.36042, 0.34808, 0.05847, 0.92310, -0.15270
3762274,1578642397978438,1,1,1,1,0,1,1,1,1,0,0.00584412,0.23838806,0.97114563,-0.00486755,0.26239014,0.9649353,32.45716858,1.47618103,-29.68504333,-26.57455444,2.10469055,-23.15933228,0,0.0,3.00447083,3.00447083,1.0,1.0,1578642397980576,252371228611, HMD, -0.11127, 1.20170, 0.36057, 0.34703, 0.05816, 0.92329, -0.15401
3762274,1578642397982431,1,1,1,1,0,1,1,1,1,0,0.00584412,0.23838806,0.97114563,-0.00486755,0.26239014,0.9649353,32.45716858,1.47618103,-29.68504333,-26.57455444,2.10469055,-23.15933228,0,0.0,3.00447083,3.00447083,1.0,1.0,1578642397982481,252371247657, HMD, -0.11125, 1.20172, 0.36060, 0.34681, 0.05812, 0.92333, -0.15428
3762283,1578642397986451,1,1,1,1,0,1,1,1,1,0,-0.00585938,0.28082275,0.95973206,-0.01654053,0.2671051,0.96351624,32.34541321,1.37408447,-29.16645813,-26.65896606,2.35263062,-23.53414917,0,0.0,3.11856079,3.11856079,1.0,1.0,1578642397983590,252371258747, HMD, -0.11124, 1.20174, 0.36062, 0.34668, 0.05809, 0.92335, -0.15444
3762283,1578642397990435,1,1,1,1,0,1,1,1,1,0,-0.00585938,0.28082275,0.95973206,-0.01654053,0.2671051,0.96351624,32.34541321,1.37408447,-29.16645813,-26.65896606,2.35263062,-23.53414917,0,0.0,3.11856079,3.11856079,1.0,1.0,1578642397993496,252371357811, HMD, -0.11118, 1.20186, 0.36080, 0.34556, 0.05786, 0.92355, -0.15590
3762299,1578642398001420,1,1,1,1,0,1,1,1,1,0,-0.01473999,0.31307983,0.94960022,-0.04116821,0.28805542,0.95671082,32.23287964,1.33074951,-28.64770508,-26.6940918,2.45036316,-23.39079285,0,0.0,3.19941711,3.19941711,1.0,1.0,1578642397997133,252371394178, HMD, -0.11114, 1.20191, 0.36085, 0.34514, 0.05778, 0.92361, -0.15645
3762299,1578642398005437,1,1,1,1,0,1,1,1,1,0,-0.01473999,0.31307983,0.94960022,-0.04116821,0.28805542,0.95671082,32.23287964,1.33074951,-28.64770508,-26.6940918,2.45036316,-23.39079285,0,0.0,3.19941711,3.19941711,1.0,1.0,1578642398006653,252371489395, HMD, -0.11109, 1.20206, 0.36107, 0.34400, 0.05765, 0.92380, -0.15791
3762308,1578642398011493,1,1,1,1,0,1,1,1,1,0,-0.01495361,0.31930542,0.94752502,-0.04885864,0.28404236,0.95755005,32.2394104,1.32901001,-28.63404846,-26.69619751,2.44395447,-23.22250366,0,0.0,3.26139832,3.26139832,1.0,1.0,1578642398011110,252371533943, HMD, -0.11107, 1.20214, 0.36115, 0.34348, 0.05761, 0.92387, -0.15863
3762308,1578642398015433,1,1,1,1,0,1,1,1,1,0,-0.01495361,0.31930542,0.94752502,-0.04885864,0.28404236,0.95755005,32.2394104,1.32901001,-28.63404846,-26.69619751,2.44395447,-23.22250366,0,0.0,3.26139832,3.26139832,1.0,1.0,1578642398011110,252371533943, HMD, -0.11107, 1.20214, 0.36115, 0.34348, 0.05761, 0.92387, -0.15863
3762316,1578642398020440,1,1,1,1,0,1,1,1,1,0,-0.0144043,0.31054688,0.95043945,-0.04983521,0.2868042,0.9566803,32.24536133,1.31713867,-28.63143921,-26.69541931,2.41447449,-23.15415955,0,0.0,3.26014709,3.26014709,1.0,1.0,1578642398026050,252371683352, HMD, -0.11094, 1.20240, 0.36147, 0.34170, 0.05753, 0.92412, -0.16102
3762316,1578642398024416,1,1,1,1,0,1,1,1,1,0,-0.0144043,0.31054688,0.95043945,-0.04983521,0.2868042,0.9566803,32.24536133,1.31713867,-28.63143921,-26.69541931,2.41447449,-23.15415955,0,0.0,3.26014709,3.26014709,1.0,1.0,1578642398026050,252371683352, HMD, -0.11094, 1.20240, 0.36147, 0.34170, 0.05753, 0.92412, -0.16102
3762358,1578642398059911,1,1,1,1,0,1,1,1,1,0,-0.01826477,0.29814148,0.95433044,-0.04667664,0.287323,0.9566803,32.259552,1.29325867,-28.65953064,-26.73298645,2.42382813,-23.35574341,0,0.0,3.22463989,3.22463989,1.0,1.0,1578642398061374,252372036591, HMD, -0.11073, 1.20304, 0.36215, 0.33748, 0.05771, 0.92467, -0.16663
3762358,1578642398063050,1,1,1,1,0,1,1,1,1,0,-0.01826477,0.29814148,0.95433044,-0.04667664,0.287323,0.9566803,32.259552,1.29325867,-28.65953064,-26.73298645,2.42382813,-23.35574341,0,0.0,3.22463989,3.22463989,1.0,1.0,1578642398062969,252372052532, HMD, -0.11072, 1.20310, 0.36222, 0.33727, 0.05774, 0.92471, -0.16683
3762358,1578642398067026,1,1,1,1,0,1,1,1,1,0,-0.01826477,0.29814148,0.95433044,-0.04667664,0.287323,0.9566803,32.259552,1.29325867,-28.65953064,-26.73298645,2.42382813,-23.35574341,0,0.0,3.22463989,3.22463989,1.0,1.0,1578642398065327,252372076111, HMD, -0.11072, 1.20314, 0.36227, 0.33700, 0.05776, 0.92474, -0.16720
3762366,1578642398070517,1,1,1,1,0,1,1,1,1,0,-0.01902771,0.29772949,0.95445251,-0.04580688,0.28892517,0.95625305,32.26016235,1.29927063,-28.68885803,-26.7401886,2.41197205,-23.36329651,0,0.0,3.22177124,3.22177124,1.0,1.0,1578642398065327,252372076111, HMD, -0.11072, 1.20314, 0.36227, 0.33700, 0.05776, 0.92474, -0.16720
3762366,1578642398074544,1,1,1,1,0,1,1,1,1,0,-0.01902771,0.29772949,0.95445251,-0.04580688,0.28892517,0.95625305,32.26016235,1.29927063,-28.68885803,-26.7401886,2.41197205,-23.36329651,0,0.0,3.22177124,3.22177124,1.0,1.0,1578642398076338,252372186231, HMD, -0.11071, 1.20335, 0.36248, 0.33573, 0.05785, 0.92489, -0.16887
3762374,1578642398080534,1,1,1,1,0,1,1,1,1,0,-0.01982117,0.29718018,0.9546051,-0.0448761,0.28700256,0.9568634,32.26078796,1.30526733,-28.71818542,-26.74739075,2.41539001,-23.37083435,0,0.0,3.21759033,3.21759033,1.0,1.0,1578642398079815,252372220988, HMD, -0.11064, 1.20339, 0.36253, 0.33535, 0.05786, 0.92493, -0.16939
3762383,1578642398084526,1,1,1,1,0,1,1,1,1,0,-0.02171326,0.29048157,0.95661926,-0.04267883,0.27984619,0.95909119,32.26144409,1.31713867,-28.76475525,-26.75836182,2.40774536,-23.37449646,0,0.0,3.21463013,3.21463013,1.0,1.0,1578642398079815,252372220988, HMD, -0.11064, 1.20339, 0.36253, 0.33535, 0.05786, 0.92493, -0.16939
3762383,1578642398090521,1,1,1,1,0,1,1,1,1,0,-0.02171326,0.29048157,0.95661926,-0.04267883,0.27984619,0.95909119,32.26144409,1.31713867,-28.76475525,-26.75836182,2.40774536,-23.37449646,0,0.0,3.21463013,3.21463013,1.0,1.0,1578642398098358,252372406438, HMD, -0.11060, 1.20373, 0.36288, 0.33331, 0.05796, 0.92519, -0.17197
3762391,1578642398094507,1,1,1,1,0,1,1,1,1,0,-0.02330017,0.28375244,0.95860291,-0.04039001,0.2727356,0.96122742,32.26078796,1.32901001,-28.81132507,-26.76933289,2.40010071,-23.37814331,0,0.0,3.2119751,3.2119751,1.0,1.0,1578642398098358,252372406438, HMD, -0.11060, 1.20373, 0.36288, 0.33331, 0.05796, 0.92519, -0.17197
3762391,1578642398099512,1,1,1,1,0,1,1,1,1,0,-0.02330017,0.28375244,0.95860291,-0.04039001,0.2727356,0.96122742,32.26078796,1.32901001,-28.81132507,-26.76933289,2.40010071,-23.37814331,0,0.0,3.2119751,3.2119751,1.0,1.0,1578642398099446,252372417305, HMD, -0.11060, 1.20375, 0.36290, 0.33320, 0.05797, 0.92520, -0.17211
3762399,1578642398103509,1,1,1,1,0,1,1,1,1,0,-0.02392578,0.28771973,0.95741272,-0.04437256,0.27384949,0.96073914,32.26016235,1.33001709,-28.92247009,-26.77546692,2.39555359,-23.38114929,0,0.0,3.20936584,3.20936584,1.0,1.0,1578642398101654,252372439382, HMD, -0.11058, 1.20381, 0.36296, 0.33295, 0.05798, 0.92523, -0.17239
3762399,1578642398107522,1,1,1,1,0,1,1,1,1,0,-0.02392578,0.28771973,0.95741272,-0.04437256,0.27384949,0.96073914,32.26016235,1.33001709,-28.92247009,-26.77546692,2.39555359,-23.38114929,0,0.0,3.20936584,3.20936584,1.0,1.0,1578642398111442,252372537276, HMD, -0.11061, 1.20398, 0.36315, 0.33197, 0.05799, 0.92535, -0.17365
3762408,1578642398111510,1,1,1,1,0,1,1,1,1,0,-0.02455139,0.29151917,0.95623779,-0.04840088,0.27462769,0.96032715,32.259552,1.33102417,-29.03361511,-26.78160095,2.39099121,-23.37814331,0,0.0,3.20626831,3.20626831,1.0,1.0,1578642398111442,252372537276, HMD, -0.11061, 1.20398, 0.36315, 0.33197, 0.05799, 0.92535, -0.17365
3762408,1578642398115514,1,1,1,1,0,1,1,1,1,0,-0.02455139,0.29151917,0.95623779,-0.04840088,0.27462769,0.96032715,32.259552,1.33102417,-29.03361511,-26.78160095,2.39099121,-23.37814331,0,0.0,3.20626831,3.20626831,1.0,1.0,1578642398114507,252372567914, HMD, -0.11062, 1.20404, 0.36321, 0.33167, 0.05799, 0.92539, -0.17404
3762416,1578642398119523,1,1,1,1,0,1,1,1,1,0,-0.02661133,0.28956604,0.95677185,-0.04724121,0.27304077,0.96083069,32.259552,1.35202026,-29.09759521,-26.79130554,2.38868713,-23.37449646,0,0.0,3.20602417,3.20602417,1.0,1.0,1578642398123693,252372659791, HMD, -0.11068, 1.20422, 0.36338, 0.33077, 0.05800, 0.92550, -0.17514
3762416,1578642398123510,1,1,1,1,0,1,1,1,1,0,-0.02661133,0.28956604,0.95677185,-0.04724121,0.27304077,0.96083069,32.259552,1.35202026,-29.09759521,-26.79130554,2.38868713,-23.37449646,0,0.0,3.20602417,3.20602417,1.0,1.0,1578642398123693,252372659791, HMD, -0.11068, 1.20422, 0.36338, 0.33077, 0.05800, 0.92550, -0.17514
3762433,1578642398132508,1,1,1,1,0,1,1,1,1,0,-0.03340149,0.28204346,0.95881653,-0.04283142,0.27157593,0.9614563,32.259552,1.3730011,-29.19439697,-26.81761169,2.38500977,-23.37083435,0,0.0,3.19615173,3.19615173,1.0,1.0,1578642398135463,252372777474, HMD, -0.11074, 1.20443, 0.36358, 0.32966, 0.05799, 0.92564, -0.17651
3762433,1578642398136496,1,1,1,1,0,1,1,1,1,0,-0.03340149,0.28204346,0.95881653,-0.04283142,0.27157593,0.9614563,32.259552,1.3730011,-29.19439697,-26.81761169,2.38500977,-23.37083435,0,0.0,3.19615173,3.19615173,1.0,1.0,1578642398136466,252372787509, HMD, -0.11074, 1.20444, 0.36360, 0.32957, 0.05799, 0.92565, -0.17662
3762433,1578642398140516,1,1,1,1,0,1,1,1,1,0,-0.03340149,0.28204346,0.95881653,-0.04283142,0.27157593,0.9614563,32.259552,1.3730011,-29.19439697,-26.81761169,2.38500977,-23.37083435,0,0.0,3.19615173,3.19615173,1.0,1.0,1578642398139231,252372815159, HMD, -0.11074, 1.20448, 0.36364, 0.32931, 0.05800, 0.92568, -0.17693
3762441,1578642398144508,1,1,1,1,0,1,1,1,1,0,-0.0375824,0.28170776,0.95875549,-0.04782104,0.2616272,0.963974,32.259552,1.3730011,-29.20962524,-26.83045959,2.37174988,-23.37083435,0,0.0,3.19580078,3.19580078,1.0,1.0,1578642398149698,252372919830, HMD, -0.11082, 1.20468, 0.36384, 0.32831, 0.05802, 0.92582, -0.17806
3762441,1578642398148503,1,1,1,1,0,1,1,1,1,0,-0.0375824,0.28170776,0.95875549,-0.04782104,0.2616272,0.963974,32.259552,1.3730011,-29.20962524,-26.83045959,2.37174988,-23.37083435,0,0.0,3.19580078,3.19580078,1.0,1.0,1578642398149698,252372919830, HMD, -0.11082, 1.20468, 0.36384, 0.32831, 0.05802, 0.92582, -0.17806
3762449,1578642398152516,1,1,1,1,0,1,1,1,1,0,-0.03846741,0.27774048,0.95986938,-0.05285645,0.25944519,0.96429443,32.25822449,1.38052368,-29.21865845,-26.83714294,2.37127686,-23.37083435,0,0.0,3.19596863,3.19596863,1.0,1.0,1578642398152366,252372946502, HMD, -0.11084, 1.20473, 0.36388, 0.32805, 0.05802, 0.92586, -0.17834
3762449,1578642398156501,1,1,1,1,0,1,1,1,1,0,-0.03846741,0.27774048,0.95986938,-0.05285645,0.25944519,0.96429443,32.25822449,1.38052368,-29.21865845,-26.83714294,2.37127686,-23.37083435,0,0.0,3.19596863,3.19596863,1.0,1.0,1578642398153283,252372955675, HMD, -0.11084, 1.20474, 0.36390, 0.32796, 0.05803, 0.92587, -0.17843
3762458,1578642398166495,1,1,1,1,0,1,1,1,1,0,-0.03143311,0.2759552,0.96064758,-0.05264282,0.26766968,0.96206665,32.21624756,1.38052368,-29.25263977,-26.84573364,2.32145691,-23.35574341,0,0.0,3.1937561,3.1937561,1.0,1.0,1578642398165567,252373078520, HMD, -0.11089, 1.20493, 0.36410, 0.32678, 0.05801, 0.92605, -0.17966
3762466,1578642398170482,1,1,1,1,0,1,1,1,1,0,-0.03352356,0.27380371,0.9611969,-0.05110168,0.26295471,0.96343994,32.21624756,1.38052368,-29.25263977,-26.85362244,2.29579163,-23.24835205,0,0.0,3.19235229,3.19235229,1.0,1.0,1578642398174820,252373171054, HMD, -0.11096, 1.20506, 0.36423, 0.32590, 0.05797, 0.92620, -0.18054
3762474,1578642398176489,1,1,1,1,0,1,1,1,1,0,-0.03845215,0.27758789,0.95991516,-0.05461121,0.27058411,0.96113586,32.21624756,1.38052368,-29.30955505,-26.86723328,2.26278687,-23.24656677,0,0.0,3.1934967,3.1934967,1.0,1.0,1578642398176547,252373188318, HMD, -0.11089, 1.20506, 0.36424, 0.32574, 0.05794, 0.92622, -0.18070
3762474,1578642398180491,1,1,1,1,0,1,1,1,1,0,-0.03845215,0.27758789,0.95991516,-0.05461121,0.27058411,0.96113586,32.21624756,1.38052368,-29.30955505,-26.86723328,2.26278687,-23.24656677,0,0.0,3.1934967,3.1934967,1.0,1.0,1578642398178485,252373207691, HMD, -0.11091, 1.20508, 0.36427, 0.32556, 0.05792, 0.92625, -0.18088
3762483,1578642398186497,1,1,1,1,0,1,1,1,1,0,-0.03848267,0.27392578,0.96096802,-0.05163574,0.26174927,0.96374512,32.21624756,1.3730011,-29.30955505,-26.88757324,2.2605896,-23.22595215,0,0.0,3.19125366,3.19125366,1.0,1.0,1578642398178485,252373207691, HMD, -0.11091, 1.20508, 0.36427, 0.32556, 0.05792, 0.92625, -0.18088
3762483,1578642398190543,1,1,1,1,0,1,1,1,1,0,-0.03848267,0.27392578,0.96096802,-0.05163574,0.26174927,0.96374512,32.21624756,1.3730011,-29.30955505,-26.88757324,2.2605896,-23.22595215,0,0.0,3.19125366,3.19125366,1.0,1.0,1578642398178485,252373207691, HMD, -0.11091, 1.20508, 0.36427, 0.32556, 0.05792, 0.92625, -0.18088
3762508,1578642398205501,1,1,1,1,0,1,1,1,1,0,-0.03968811,0.26239014,0.96414185,-0.05953979,0.26069641,0.96357727,32.21446228,1.3730011,-29.30955505,-26.89556885,2.24339294,-23.18774414,0,0.0,3.18397522,3.18397522,1.0,1.0,1578642398206097,252373483869, HMD, -0.11114, 1.20534, 0.36469, 0.32297, 0.05740, 0.92679, -0.18291
3762508,1578642398209524,1,1,1,1,0,1,1,1,1,0,-0.03968811,0.25991821,0.96479797,-0.0582428,0.25636292,0.96481323,32.21446228,1.3706665,-29.30955505,-26.9044342,2.24243164,-23.16265869,0,0.0,3.18211365,3.18211365,1.0,1.0,1578642398209599,252373518831, HMD, -0.11117, 1.20536, 0.36473, 0.32265, 0.05731, 0.92686, -0.18313
3762524,1578642398223187,1,1,1,1,0,1,1,1,1,0,-0.02229309,0.24632263,0.96891785,-0.04872131,0.25076294,0.96681213,32.3996582,1.41523743,-29.57661438,-26.73522949,2.11515808,-23.04241943,0,0.0,3.01057434,3.01057434,1.0,1.0,1578642398232969,252373752548, HMD, -0.11140, 1.20542, 0.36497, 0.32053, 0.05663, 0.92741, -0.18432
3762533,1578642398227247,1,1,1,1,0,1,1,1,1,0,0.04171753,0.26475525,0.96340942,-0.0030365,0.27391052,0.96174622,32.57984924,1.44869995,-29.53742981,-26.38739014,1.95530701,-22.43634033,0,0.0,3.14205933,3.14205933,1.0,1.0,1578642398232969,252373752548, HMD, -0.11140, 1.20542, 0.36497, 0.32053, 0.05663, 0.92741, -0.18432
3762533,1578642398233406,1,1,1,1,0,1,1,1,1,0,0.04171753,0.26475525,0.96340942,-0.0030365,0.27391052,0.96174622,32.57984924,1.44869995,-29.53742981,-26.38739014,1.95530701,-22.43634033,0,0.0,3.14205933,3.14205933,1.0,1.0,1578642398233432,252373757165, HMD, -0.11140, 1.20542, 0.36497, 0.32048, 0.05661, 0.92742, -0.18434
3762541,1578642398237452,1,1,1,1,0,1,1,1,1,0,0.08747864,0.2794342,0.9561615,0.06881714,0.29856873,0.95188904,32.79270935,1.28294373,-28.97885132,-26.07798767,1.98944092,-22.50854492,0,0.0,3.02384949,3.02384949,1.0,1.0,1578642398236156,252373784408, HMD, -0.11137, 1.20541, 0.36499, 0.32024, 0.05654, 0.92748, -0.18446
3762541,1578642398241507,1,1,1,1,0,1,1,1,1,0,0.08747864,0.2794342,0.9561615,0.06881714,0.29856873,0.95188904,32.79270935,1.28294373,-28.97885132,-26.07798767,1.98944092,-22.50854492,0,0.0,3.02384949,3.02384949,1.0,1.0,1578642398236156,252373784408, HMD, -0.11137, 1.20541, 0.36499, 0.32024, 0.05654, 0.92748, -0.18446
3762549,1578642398245035,1,1,1,1,0,1,1,1,1,0,0.12652588,0.28120422,0.95126343,0.11853027,0.28686523,0.95059204,33.04440308,1.44682312,-29.46490479,-25.73320007,2.18807983,-22.85690308,0,0.0,3.0670166,3.0670166,1.0,1.0,1578642398248710,252373909966, HMD, -0.11148, 1.20545, 0.36511, 0.31907, 0.05618, 0.92782, -0.18488
3762549,1578642398249074,1,1,1,1,0,1,1,1,1,0,0.12652588,0.28120422,0.95126343,0.11853027,0.28686523,0.95059204,33.04440308,1.44682312,-29.46490479,-25.73320007,2.18807983,-22.85690308,0,0.0,3.0670166,3.0670166,1.0,1.0,1578642398249081,252373913652, HMD, -0.11148, 1.20545, 0.36512, 0.31903, 0.05617, 0.92783, -0.18489
3762558,1578642398253104,1,1,1,1,0,1,1,1,1,0,0.17538452,0.28253174,0.94308472,0.14625549,0.30322266,0.94161987,33.22970581,1.37890625,-29.25697327,-25.45330811,2.09028625,-22.5617981,0,0.0,3.10977173,3.10977173,1.0,1.0,1578642398253057,252373953413, HMD, -0.11152, 1.20545, 0.36515, 0.31867, 0.05605, 0.92794, -0.18500
3762558,1578642398257035,1,1,1,1,0,1,1,1,1,0,0.17538452,0.28253174,0.94308472,0.14625549,0.30322266,0.94161987,33.22970581,1.37890625,-29.25697327,-25.45330811,2.09028625,-22.5617981,0,0.0,3.10977173,3.10977173,1.0,1.0,1578642398254167,252373964518, HMD, -0.11153, 1.20545, 0.36516, 0.31857, 0.05602, 0.92798, -0.18502
3762566,1578642398261043,1,1,1,1,0,1,1,1,1,0,0.19082642,0.28372192,0.93971252,0.20657349,0.32954407,0.92124939,33.34233093,1.32600403,-29.11273193,-25.42094421,1.85896301,-22.05892944,0,0.0,3.07585144,3.07585144,1.0,1.0,1578642398254167,252373964518, HMD, -0.11153, 1.20545, 0.36516, 0.31857, 0.05602, 0.92798, -0.18502
3762574,1578642398267049,1,1,1,1,0,1,1,1,1,0,0.14147949,0.24610901,0.95884705,0.20407104,0.30883789,0.92895508,33.48704529,2.44238281,-32.66168213,-25.40571594,2.05932617,-22.4808197,0,0.0,3.09257507,3.09257507,1.0,1.0,1578642398274311,252374165976, HMD, -0.11165, 1.20545, 0.36533, 0.31669, 0.05543, 0.92859, -0.18536
3762574,1578642398271035,1,1,1,1,0,1,1,1,1,0,0.14147949,0.24610901,0.95884705,0.20407104,0.30883789,0.92895508,33.48704529,2.44238281,-32.66168213,-25.40571594,2.05932617,-22.4808197,0,0.0,3.09257507,3.09257507,1.0,1.0,1578642398274311,252374165976, HMD, -0.11165, 1.20545, 0.36533, 0.31669, 0.05543, 0.92859, -0.18536
3762574,1578642398275036,1,1,1,1,0,1,1,1,1,0,0.14147949,0.24610901,0.95884705,0.20407104,0.30883789,0.92895508,33.48704529,2.44238281,-32.66168213,-25.40571594,2.05932617,-22.4808197,0,0.0,3.09257507,3.09257507,1.0,1.0,1578642398274952,252374172368, HMD, -0.11166, 1.20545, 0.36533, 0.31663, 0.05541, 0.92861, -0.18537
3762583,1578642398280059,1,1,1,1,0,1,1,1,1,0,0.1933136,0.29859924,0.93458557,0.19766235,0.31097412,0.92962646,33.34742737,1.15083313,-28.61959839,-25.41584778,2.04225159,-22.4397583,0,0.0,3.21742249,3.21742249,1.0,1.0,1578642398278860,252374211443, HMD, -0.11163, 1.20542, 0.36535, 0.31629, 0.05530, 0.92872, -0.18542
3762591,1578642398284030,1,1,1,1,0,1,1,1,1,0,0.19403076,0.29606628,0.9352417,0.19165039,0.31304932,0.93019104,33.34489441,1.12139893,-28.53289795,-25.42597961,2.025177,-22.39868164,0,0.0,3.19036865,3.19036865,1.0,1.0,1578642398278860,252374211443, HMD, -0.11163, 1.20542, 0.36535, 0.31629, 0.05530, 0.92872, -0.18542
3762591,1578642398290045,1,1,1,1,0,1,1,1,1,0,0.19403076,0.29606628,0.9352417,0.19165039,0.31304932,0.93019104,33.34489441,1.12139893,-28.53289795,-25.42597961,2.025177,-22.39868164,0,0.0,3.19036865,3.19036865,1.0,1.0,1578642398278860,252374211443, HMD, -0.11163, 1.20542, 0.36535, 0.31629, 0.05530, 0.92872, -0.18542
3762599,1578642398295049,1,1,1,1,0,1,1,1,1,0,0.19363403,0.29689026,0.93505859,0.19026184,0.3112793,0.93106079,33.34742737,1.1125946,-28.50578308,-25.42961121,2.03086853,-22.40936279,0,0.0,3.21452332,3.21452332,1.0,1.0,1578642398306329,252374486264, HMD, -0.11183, 1.20538, 0.36562, 0.31370, 0.05448, 0.92962, -0.18555
3762608,1578642398301022,1,1,1,1,0,1,1,1,1,0,0.1934967,0.2986145,0.93453979,0.18936157,0.31071472,0.93144226,33.35055542,1.10227966,-28.47598267,-25.43325806,2.03657532,-22.42004395,0,0.0,3.20555115,3.20555115,1.0,1.0,1578642398306329,252374486264, HMD, -0.11183, 1.20538, 0.36562, 0.31370, 0.05448, 0.92962, -0.18555
3762608,1578642398306055,1,1,1,1,0,1,1,1,1,0,0.1934967,0.2986145,0.93453979,0.18936157,0.31071472,0.93144226,33.35055542,1.10227966,-28.47598267,-25.43325806,2.03657532,-22.42004395,0,0.0,3.20555115,3.20555115,1.0,1.0,1578642398306329,252374486264, HMD, -0.11183, 1.20538, 0.36562, 0.31370, 0.05448, 0.92962, -0.18555
3762616,1578642398312017,1,1,1,1,0,1,1,1,1,0,0.19309998,0.29647827,0.93530273,0.18528748,0.3117218,0.93191528,33.35369873,1.1125946,-28.50578308,-25.43511963,2.03175354,-22.40936279,0,0.0,3.19239807,3.19239807,1.0,1.0,1578642398310753,252374530373, HMD, -0.11188, 1.20537, 0.36566, 0.31327, 0.05434, 0.92977, -0.18556
3762624,1578642398316070,1,1,1,1,0,1,1,1,1,0,0.19216919,0.29533386,0.93585205,0.18121338,0.31233215,0.93252563,33.35469055,1.13171387,-28.56268311,-25.43699646,2.02693176,-22.39868164,0,0.0,3.20120239,3.20120239,1.0,1.0,1578642398310753,252374530373, HMD, -0.11188, 1.20537, 0.36566, 0.31327, 0.05434, 0.92977, -0.18556
3762624,1578642398323011,1,1,1,1,0,1,1,1,1,0,0.19216919,0.29533386,0.93585205,0.18121338,0.31233215,0.93252563,33.35469055,1.13171387,-28.56268311,-25.43699646,2.02693176,-22.39868164,0,0.0,3.20120239,3.20120239,1.0,1.0,1578642398324302,252374665879, HMD, -0.11191, 1.20532, 0.36573, 0.31198, 0.05398, 0.93021, -0.18565
3762633,1578642398327013,1,1,1,1,0,1,1,1,1,0,0.19119263,0.2948761,0.936203,0.16401672,0.30917358,0.93675232,33.35568237,1.15083313,-28.61959839,-25.50187683,2.02526855,-22.24404907,0,0.0,3.20988464,3.20988464,1.0,1.0,1578642398326983,252374692669, HMD, -0.11194, 1.20531, 0.36575, 0.31173, 0.05391, 0.93029, -0.18567
3762633,1578642398331024,1,1,1,1,0,1,1,1,1,0,0.19119263,0.2948761,0.936203,0.16401672,0.30917358,0.93675232,33.35568237,1.15083313,-28.61959839,-25.50187683,2.02526855,-22.24404907,0,0.0,3.20988464,3.20988464,1.0,1.0,1578642398327511,252374697956, HMD, -0.11194, 1.20531, 0.36575, 0.31167, 0.05390, 0.93031, -0.18568
3762641,1578642398335007,1,1,1,1,0,1,1,1,1,0,0.18850708,0.29148865,0.93780518,0.16571045,0.3065033,0.93731689,33.36650085,1.16706848,-28.63633728,-25.52789307,2.0411377,-22.28851318,0,0.0,3.20507813,3.20507813,1.0,1.0,1578642398336427,252374787120, HMD, -0.11200, 1.20530, 0.36581, 0.31081, 0.05366, 0.93060, -0.18576
3762641,1578642398339009,1,1,1,1,0,1,1,1,1,0,0.18850708,0.29148865,0.93780518,0.16571045,0.3065033,0.93731689,33.36650085,1.16706848,-28.63633728,-25.52789307,2.0411377,-22.28851318,0,0.0,3.20507813,3.20507813,1.0,1.0,1578642398339037,252374813216, HMD, -0.11202, 1.20530, 0.36582, 0.31057, 0.05360, 0.93068, -0.18578
3762649,1578642398344062,1,1,1,1,0,1,1,1,1,0,0.18780518,0.29394531,0.93717957,0.15837097,0.30169678,0.94013977,33.36889648,1.15083313,-28.61959839,-25.54220581,2.04568481,-22.30764771,0,0.0,3.20812988,3.20812988,1.0,1.0,1578642398340679,252374829636, HMD, -0.11204, 1.20530, 0.36583, 0.31041, 0.05357, 0.93073, -0.18579
3762658,1578642398354030,1,1,1,1,0,1,1,1,1,0,0.18850708,0.29197693,0.93765259,0.15556335,0.30250549,0.94035339,33.36717224,1.14389038,-28.56782532,-25.55653381,2.04631042,-22.32325745,0,0.0,3.20832825,3.20832825,1.0,1.0,1578642398340679,252374829636, HMD, -0.11204, 1.20530, 0.36583, 0.31041, 0.05357, 0.93073, -0.18579
3762666,1578642398360070,1,1,1,1,0,1,1,1,1,0,0.18920898,0.29060364,0.9379425,0.15504456,0.30451965,0.93978882,33.36546326,1.13693237,-28.51605225,-25.56408691,2.04600525,-22.32502747,0,0.0,3.2086792,3.2086792,1.0,1.0,1578642398340679,252374829636, HMD, -0.11204, 1.20530, 0.36583, 0.31041, 0.05357, 0.93073, -0.18579
3762666,1578642398365061,1,1,1,1,0,1,1,1,1,0,0.18920898,0.29060364,0.9379425,0.15504456,0.30451965,0.93978882,33.36546326,1.13693237,-28.51605225,-25.56408691,2.04600525,-22.32502747,0,0.0,3.2086792,3.2086792,1.0,1.0,1578642398380502,252375227894, HMD, -0.11233, 1.20533, 0.36604, 0.30664, 0.05264, 0.93200, -0.18593
3762674,1578642398372003,1,1,1,1,0,1,1,1,1,0,0.18955994,0.290802,0.93780518,0.15452576,0.30647278,0.9392395,33.36056519,1.13391113,-28.51283264,-25.57165527,2.04631042,-22.32679749,0,0.0,3.20880127,3.20880127,1.0,1.0,1578642398380502,252375227894, HMD, -0.11233, 1.20533, 0.36604, 0.30664, 0.05264, 0.93200, -0.18593
3762683,1578642398376009,1,1,1,1,0,1,1,1,1,0,0.18991089,0.29104614,0.93765259,0.16027832,0.31718445,0.93470764,33.35568237,1.13088989,-28.50961304,-25.62265015,1.94487,-22.20672607,0,0.0,3.2091217,3.2091217,1.0,1.0,1578642398380502,252375227894, HMD, -0.11233, 1.20533, 0.36604, 0.30664, 0.05264, 0.93200, -0.18593
3762683,1578642398382003,1,1,1,1,0,1,1,1,1,0,0.18991089,0.29104614,0.93765259,0.16027832,0.31718445,0.93470764,33.35568237,1.13088989,-28.50961304,-25.62265015,1.94487,-22.20672607,0,0.0,3.2091217,3.2091217,1.0,1.0,1578642398382052,252375243369, HMD, -0.11235, 1.20534, 0.36606, 0.30648, 0.05261, 0.93206, -0.18590
3762691,1578642398386001,1,1,1,1,0,1,1,1,1,0,0.18951416,0.29302979,0.93711853,0.1598053,0.31806946,0.93449402,33.35510254,1.12173462,-28.50770569,-25.61999512,1.94303894,-22.18339539,0,0.0,3.20957947,3.20957947,1.0,1.0,1578642398384592,252375268768, HMD, -0.11236, 1.20535, 0.36605, 0.30624, 0.05255, 0.93214, -0.18591
3762699,1578642398391997,1,1,1,1,0,1,1,1,1,0,0.18911743,0.29496765,0.93659973,0.15888977,0.31140137,0.93688965,33.35450745,1.1125946,-28.50578308,-25.61701965,2.0249939,-22.35479736,0,0.0,3.20925903,3.20925903,1.0,1.0,1578642398384592,252375268768, HMD, -0.11236, 1.20535, 0.36605, 0.30624, 0.05255, 0.93214, -0.18591
3762699,1578642398396007,1,1,1,1,0,1,1,1,1,0,0.18911743,0.29496765,0.93659973,0.15888977,0.31140137,0.93688965,33.35450745,1.1125946,-28.50578308,-25.61701965,2.0249939,-22.35479736,0,0.0,3.20925903,3.20925903,1.0,1.0,1578642398384592,252375268768, HMD, -0.11236, 1.20535, 0.36605, 0.30624, 0.05255, 0.93214, -0.18591
3762708,1578642398402066,1,1,1,1,0,1,1,1,1,0,0.18330383,0.2953949,0.93762207,0.15699768,0.30441284,0.9394989,33.35450745,1.09194946,-28.44618225,-25.61753845,2.10696411,-22.52618408,0,0.0,3.19100952,3.19100952,1.0,1.0,1578642398416501,252375587926, HMD, -0.11251, 1.20535, 0.36613, 0.30329, 0.05170, 0.93310, -0.18620
3762708,1578642398405990,1,1,1,1,0,1,1,1,1,0,0.18330383,0.2953949,0.93762207,0.15699768,0.30441284,0.9394989,33.35450745,1.09194946,-28.44618225,-25.61753845,2.10696411,-22.52618408,0,0.0,3.19100952,3.19100952,1.0,1.0,1578642398416501,252375587926, HMD, -0.11251, 1.20535, 0.36613, 0.30329, 0.05170, 0.93310, -0.18620
3762716,1578642398410998,1,1,1,1,0,1,1,1,1,0,0.17883301,0.29327393,0.93914795,0.15634155,0.30010986,0.94099426,33.35450745,1.08787537,-28.40177917,-25.61801147,2.12574768,-22.56652832,0,0.0,3.18959045,3.18959045,1.0,1.0,1578642398416501,252375587926, HMD, -0.11251, 1.20535, 0.36613, 0.30329, 0.05170, 0.93310, -0.18620
3762716,1578642398415029,1,1,1,1,0,1,1,1,1,0,0.17883301,0.29327393,0.93914795,0.15634155,0.30010986,0.94099426,33.35450745,1.08787537,-28.40177917,-25.61801147,2.12574768,-22.56652832,0,0.0,3.18959045,3.18959045,1.0,1.0,1578642398416501,252375587926, HMD, -0.11251, 1.20535, 0.36613, 0.30329, 0.05170, 0.93310, -0.18620
3762724,1578642398418827,1,1,1,1,0,1,1,1,1,0,0.17887878,0.29580688,0.93833923,0.15577698,0.29829407,0.94166565,33.35450745,1.06703186,-28.36611938,-25.6184845,2.14453125,-22.60687256,0,0.0,3.1738739,3.1738739,1.0,1.0,1578642398418859,252375611440, HMD, -0.11253, 1.20536, 0.36613, 0.30306, 0.05164, 0.93317, -0.18625
3762724,1578642398423693,1,1,1,1,0,1,1,1,1,0,0.17887878,0.29580688,0.93833923,0.15577698,0.29829407,0.94166565,33.35450745,1.06703186,-28.36611938,-25.6184845,2.14453125,-22.60687256,0,0.0,3.1738739,3.1738739,1.0,1.0,1578642398421491,252375637759, HMD, -0.11255, 1.20536, 0.36614, 0.30282, 0.05157, 0.93324, -0.18630
3762733,1578642398427702,1,1,1,1,0,1,1,1,1,0,0.17999268,0.2930603,0.9389801,0.15403748,0.29586792,0.94271851,33.34855652,1.08787537,-28.40177917,-25.61924744,2.14952087,-22.60780334,0,0.0,3.17028809,3.17028809,1.0,1.0,1578642398421491,252375637759, HMD, -0.11255, 1.20536, 0.36614, 0.30282, 0.05157, 0.93324, -0.18630
3762733,1578642398431701,1,1,1,1,0,1,1,1,1,0,0.17999268,0.2930603,0.9389801,0.15403748,0.29586792,0.94271851,33.34855652,1.08787537,-28.40177917,-25.61924744,2.14952087,-22.60780334,0,0.0,3.17028809,3.17028809,1.0,1.0,1578642398421491,252375637759, HMD, -0.11255, 1.20536, 0.36614, 0.30282, 0.05157, 0.93324, -0.18630
3762733,1578642398436682,1,1,1,1,0,1,1,1,1,0,0.17967224,0.29286194,0.93910217,0.15228271,0.29348755,0.94374084,33.34184265,1.08787537,-28.40177917,-25.61999512,2.15452576,-22.60873413,0,0.0,3.17019653,3.17019653,1.0,1.0,1578642398448931,252375912184, HMD, -0.11274, 1.20550, 0.36617, 0.30026, 0.05086, 0.93395, -0.18705
3762741,1578642398440678,1,1,1,1,0,1,1,1,1,0,0.17967224,0.29286194,0.93910217,0.15228271,0.29348755,0.94374084,33.34184265,1.08787537,-28.40177917,-25.61999512,2.15452576,-22.60873413,0,0.0,3.17019653,3.17019653,1.0,1.0,1578642398448931,252375912184, HMD, -0.11274, 1.20550, 0.36617, 0.30026, 0.05086, 0.93395, -0.18705
3762749,1578642398446663,1,1,1,1,0,1,1,1,1,0,0.17974854,0.29284668,0.93910217,0.15286255,0.2930603,0.94378662,33.3347168,1.08787537,-28.40177917,-25.62390137,2.16278076,-22.6234436,0,0.0,3.16897583,3.16897583,1.0,1.0,1578642398448931,252375912184, HMD, -0.11274, 1.20550, 0.36617, 0.30026, 0.05086, 0.93395, -0.18705
3762758,1578642398450673,1,1,1,1,0,1,1,1,1,0,0.17726135,0.29275513,0.93960571,0.15348816,0.29109192,0.94429016,33.3347168,1.08787537,-28.40177917,-25.62780762,2.17102051,-22.63815308,0,0.0,3.16796875,3.16796875,1.0,1.0,1578642398450633,252375929176, HMD, -0.11275, 1.20551, 0.36617, 0.30010, 0.05082, 0.93399, -0.18711
3762758,1578642398454676,1,1,1,1,0,1,1,1,1,0,0.17726135,0.29275513,0.93960571,0.15348816,0.29109192,0.94429016,33.3347168,1.08787537,-28.40177917,-25.62780762,2.17102051,-22.63815308,0,0.0,3.16796875,3.16796875,1.0,1.0,1578642398453884,252375961687, HMD, -0.11277, 1.20552, 0.36617, 0.29981, 0.05073, 0.93407, -0.18724
3762758,1578642398459656,1,1,1,1,0,1,1,1,1,0,0.1756897,0.2922821,0.94004822,0.15396118,0.29153442,0.94407654,33.3347168,1.08787537,-28.40177917,-25.63247681,2.17834473,-22.66043091,0,0.0,3.14196777,3.14196777,1.0,1.0,1578642398453884,252375961687, HMD, -0.11277, 1.20552, 0.36617, 0.29981, 0.05073, 0.93407, -0.18724
3762766,1578642398463622,1,1,1,1,0,1,1,1,1,0,0.1756897,0.2922821,0.94004822,0.15396118,0.29153442,0.94407654,33.3347168,1.08787537,-28.40177917,-25.63247681,2.17834473,-22.66043091,0,0.0,3.14196777,3.14196777,1.0,1.0,1578642398472807,252376150956, HMD, -0.11287, 1.20564, 0.36617, 0.29806, 0.05020, 0.93450, -0.18799
3762774,1578642398467622,1,1,1,1,0,1,1,1,1,0,0.17341614,0.29212952,0.94050598,0.15438843,0.29180908,0.94392395,33.3347168,1.08787537,-28.40177917,-25.637146,2.18566895,-22.68270874,0,0.0,3.13763428,3.13763428,1.0,1.0,1578642398472807,252376150956, HMD, -0.11287, 1.20564, 0.36617, 0.29806, 0.05020, 0.93450, -0.18799
3762774,1578642398471630,1,1,1,1,0,1,1,1,1,0,0.17341614,0.29212952,0.94050598,0.15438843,0.29180908,0.94392395,33.3347168,1.08787537,-28.40177917,-25.637146,2.18566895,-22.68270874,0,0.0,3.13763428,3.13763428,1.0,1.0,1578642398472807,252376150956, HMD, -0.11287, 1.20564, 0.36617, 0.29806, 0.05020, 0.93450, -0.18799
3762783,1578642398475643,1,1,1,1,0,1,1,1,1,0,0.18339539,0.29000854,0.93927002,0.15393066,0.29208374,0.94390869,33.37290955,1.03074646,-28.14715576,-25.63247681,2.17834473,-22.66043091,0,0.0,3.18640137,3.18640137,1.0,1.0,1578642398475706,252376179904, HMD, -0.11289, 1.20565, 0.36616, 0.29779, 0.05011, 0.93457, -0.18811
3762783,1578642398481631,1,1,1,1,0,1,1,1,1,0,0.18339539,0.29000854,0.93927002,0.15393066,0.29208374,0.94390869,33.37290955,1.03074646,-28.14715576,-25.63247681,2.17834473,-22.66043091,0,0.0,3.18640137,3.18640137,1.0,1.0,1578642398477524,252376198085, HMD, -0.11286, 1.20565, 0.36616, 0.29763, 0.05006, 0.93461, -0.18819
3762791,1578642398485653,1,1,1,1,0,1,1,1,1,0,0.21229553,0.30400085,0.92869568,0.22955322,0.33128357,0.91517639,33.45845032,1.07536316,-28.2203064,-25.45193481,1.72180176,-21.51370239,0,0.0,3.16142273,3.16142273,1.0,1.0,1578642398477524,252376198085, HMD, -0.11286, 1.20565, 0.36616, 0.29763, 0.05006, 0.93461, -0.18819
3762799,1578642398491642,1,1,1,1,0,1,1,1,1,0,0.22012329,0.28955078,0.9315033,0.19299316,0.28855896,0.93778992,33.64105225,1.5160675,-29.53739929,-25.06607056,2.21228027,-22.74627686,0,0.0,3.14006042,3.14006042,1.0,1.0,1578642398498393,252376406816, HMD, -0.11294, 1.20578, 0.36615, 0.29571, 0.04936, 0.93508, -0.18907
3762799,1578642398495644,1,1,1,1,0,1,1,1,1,0,0.22012329,0.28955078,0.9315033,0.19299316,0.28855896,0.93778992,33.64105225,1.5160675,-29.53739929,-25.06607056,2.21228027,-22.74627686,0,0.0,3.14006042,3.14006042,1.0,1.0,1578642398498393,252376406816, HMD, -0.11294, 1.20578, 0.36615, 0.29571, 0.04936, 0.93508, -0.18907
3762799,1578642398499632,1,1,1,1,0,1,1,1,1,0,0.22067261,0.26156616,0.93960571,0.23791504,0.2925415,0.92617798,33.8004303,1.73622131,-30.29139709,-24.79997253,2.32043457,-23.25689697,0,0.0,2.97648621,2.97648621,1.0,1.0,1578642398499621,252376419055, HMD, -0.11295, 1.20579, 0.36615, 0.29560, 0.04931, 0.93510, -0.18912
3762808,1578642398503634,1,1,1,1,0,1,1,1,1,0,0.22067261,0.26156616,0.93960571,0.23791504,0.2925415,0.92617798,33.8004303,1.73622131,-30.29139709,-24.79997253,2.32043457,-23.25689697,0,0.0,2.97648621,2.97648621,1.0,1.0,1578642398501731,252376440156, HMD, -0.11295, 1.20578, 0.36614, 0.29541, 0.04924, 0.93516, -0.18920
3762808,1578642398507631,1,1,1,1,0,1,1,1,1,0,0.19891357,0.22711182,0.95332336,0.25457764,0.29954529,0.91947937,34.03656006,3.13989258,-34.854599,-24.68804932,2.2815094,-23.15467834,0,0.0,2.84243774,2.84243774,1.0,1.0,1578642398501731,252376440156, HMD, -0.11295, 1.20578, 0.36614, 0.29541, 0.04924, 0.93516, -0.18920
3762816,1578642398512640,1,1,1,1,0,1,1,1,1,0,0.19891357,0.22711182,0.95332336,0.25457764,0.29954529,0.91947937,34.03656006,3.13989258,-34.854599,-24.68804932,2.2815094,-23.15467834,0,0.0,2.84243774,2.84243774,1.0,1.0,1578642398514511,252376567965, HMD, -0.11301, 1.20586, 0.36612, 0.29425, 0.04877, 0.93544, -0.18973
3762824,1578642398516656,1,1,1,1,0,1,1,1,1,0,0.19891357,0.22711182,0.95332336,0.25457764,0.29954529,0.91947937,34.03656006,3.13989258,-34.854599,-24.68804932,2.2815094,-23.15467834,0,0.0,2.84243774,2.84243774,1.0,1.0,1578642398516728,252376590167, HMD, -0.11298, 1.20586, 0.36611, 0.29404, 0.04870, 0.93549, -0.18983
3762824,1578642398520641,1,1,1,1,0,1,1,1,1,0,0.21296692,0.23817444,0.9475708,0.24848938,0.30665588,0.91879272,34.07792664,2.72015381,-33.54347229,-24.68215942,2.25175476,-23.02186584,0,0.0,2.93179321,2.93179321,1.0,1.0,1578642398519192,252376614762, HMD, -0.11299, 1.20588, 0.36611, 0.29380, 0.04861, 0.93554, -0.18993
3762824,1578642398524666,1,1,1,1,0,1,1,1,1,0,0.21296692,0.23817444,0.9475708,0.24848938,0.30665588,0.91879272,34.07792664,2.72015381,-33.54347229,-24.68215942,2.25175476,-23.02186584,0,0.0,2.93179321,2.93179321,1.0,1.0,1578642398519192,252376614762, HMD, -0.11299, 1.20588, 0.36611, 0.29380, 0.04861, 0.93554, -0.18993
3762824,1578642398529634,1,1,1,1,0,1,1,1,1,0,0.21020508,0.23446655,0.94911194,0.25141907,0.30537415,0.91842651,34.08605957,2.68447876,-33.45436096,-24.70703125,2.26220703,-23.05281067,0,0.0,2.85432434,2.85432434,1.0,1.0,1578642398519192,252376614762, HMD, -0.11299, 1.20588, 0.36611, 0.29380, 0.04861, 0.93554, -0.18993
3762866,1578642398564614,1,1,1,1,0,1,1,1,1,0,0.20906067,0.24383545,0.94700623,0.24884033,0.29048157,0.9239502,34.0919342,2.64190674,-33.28181458,-24.73568726,2.26004028,-23.0381012,0,0.0,2.88955688,2.88955688,1.0,1.0,1578642398576698,252377189831, HMD, -0.11298, 1.20641, 0.36593, 0.28810, 0.04639, 0.93673, -0.19336
3762874,1578642398568611,1,1,1,1,0,1,1,1,1,0,0.20860291,0.2454071,0.94670105,0.24992371,0.28872681,0.92420959,34.09240723,2.61549377,-33.19190979,-24.74197388,2.25535583,-23.03614807,0,0.0,2.89620972,2.89620972,1.0,1.0,1578642398576698,252377189831, HMD, -0.11298, 1.20641, 0.36593, 0.28810, 0.04639, 0.93673, -0.19336
3762883,1578642398575963,1,1,1,1,0,1,1,1,1,0,0.20819092,0.24505615,0.94688416,0.24855042,0.29031372,0.92407227,34.09286499,2.58909607,-33.102005,-24.74812317,2.25419617,-23.03375244,0,0.0,2.89431763,2.89431763,1.0,1.0,1578642398576698,252377189831, HMD, -0.11298, 1.20641, 0.36593, 0.28810, 0.04639, 0.93673, -0.19336
3762883,1578642398579949,1,1,1,1,0,1,1,1,1,0,0.20819092,0.24505615,0.94688416,0.24855042,0.29031372,0.92407227,34.09286499,2.58909607,-33.102005,-24.74812317,2.25419617,-23.03375244,0,0.0,2.89431763,2.89431763,1.0,1.0,1578642398579941,252377222258, HMD, -0.11295, 1.20643, 0.36592, 0.28775, 0.04627, 0.93679, -0.19362
3762891,1578642398583283,1,1,1,1,0,1,1,1,1,0,0.20487976,0.24424744,0.94781494,0.24734497,0.28913879,0.92477417,34.09326172,2.57279968,-33.05976868,-24.75427246,2.2530365,-23.03134155,0,0.0,2.88122559,2.88122559,1.0,1.0,1578642398580067,252377223518, HMD, -0.11295, 1.20643, 0.36592, 0.28774, 0.04626, 0.93679, -0.19363
3762891,1578642398586810,1,1,1,1,0,1,1,1,1,0,0.20487976,0.24424744,0.94781494,0.24734497,0.28913879,0.92477417,34.09326172,2.57279968,-33.05976868,-24.75427246,2.2530365,-23.03134155,0,0.0,2.88122559,2.88122559,1.0,1.0,1578642398580067,252377223518, HMD, -0.11295, 1.20643, 0.36592, 0.28774, 0.04626, 0.93679, -0.19363
3762891,1578642398590837,1,1,1,1,0,1,1,1,1,0,0.20487976,0.24424744,0.94781494,0.24734497,0.28913879,0.92477417,34.09326172,2.57279968,-33.05976868,-24.75427246,2.2530365,-23.03134155,0,0.0,2.88122559,2.88122559,1.0,1.0,1578642398594003,252377362924, HMD, -0.11290, 1.20661, 0.36588, 0.28623, 0.04574, 0.93705, -0.19474
3762899,1578642398596290,1,1,1,1,0,1,1,1,1,0,0.20155334,0.24353027,0.94871521,0.24841309,0.28761292,0.92495728,34.09364319,2.5565033,-33.01754761,-24.76116943,2.25038147,-23.00546265,0,0.0,2.86827087,2.86827087,1.0,1.0,1578642398596362,252377386467, HMD, -0.11289, 1.20664, 0.36587, 0.28596, 0.04565, 0.93709, -0.19493
3762899,1578642398600297,1,1,1,1,0,1,1,1,1,0,0.20143127,0.24227905,0.9490509,0.24951172,0.28611755,0.92512512,34.09326172,2.54916382,-32.9826355,-24.76806641,2.24772644,-22.979599,0,0.0,2.86180115,2.86180115,1.0,1.0,1578642398598368,252377406528, HMD, -0.11289, 1.20667, 0.36587, 0.28573, 0.04557, 0.93713, -0.19509
3762908,1578642398604648,1,1,1,1,0,1,1,1,1,0,0.20143127,0.24227905,0.9490509,0.24951172,0.28611755,0.92512512,34.09326172,2.54916382,-32.9826355,-24.76806641,2.24772644,-22.979599,0,0.0,2.86180115,2.86180115,1.0,1.0,1578642398598368,252377406528, HMD, -0.11289, 1.20667, 0.36587, 0.28573, 0.04557, 0.93713, -0.19509
3762916,1578642398609619,1,1,1,1,0,1,1,1,1,0,0.20231628,0.24104309,0.94917297,0.25018311,0.28573608,0.92506409,34.09286499,2.54180908,-32.94770813,-24.77116394,2.2403717,-22.94952393,0,0.0,2.85528564,2.85528564,1.0,1.0,1578642398614014,252377562992, HMD, -0.11277, 1.20685, 0.36582, 0.28389, 0.04498, 0.93747, -0.19631
3762916,1578642398613104,1,1,1,1,0,1,1,1,1,0,0.20231628,0.24104309,0.94917297,0.25018311,0.28573608,0.92506409,34.09286499,2.54180908,-32.94770813,-24.77116394,2.2403717,-22.94952393,0,0.0,2.85528564,2.85528564,1.0,1.0,1578642398614014,252377562992, HMD, -0.11277, 1.20685, 0.36582, 0.28389, 0.04498, 0.93747, -0.19631
3762924,1578642398617580,1,1,1,1,0,1,1,1,1,0,0.20188904,0.24031067,0.94946289,0.25056458,0.28486633,0.92523193,34.09249878,2.54125977,-32.94717407,-24.77426147,2.23303223,-22.91943359,0,0.0,2.86146545,2.86146545,1.0,1.0,1578642398617320,252377596044, HMD, -0.11275, 1.20689, 0.36581, 0.28350, 0.04485, 0.93754, -0.19657
3762924,1578642398621109,1,1,1,1,0,1,1,1,1,0,0.20188904,0.24031067,0.94946289,0.25056458,0.28486633,0.92523193,34.09249878,2.54125977,-32.94717407,-24.77426147,2.23303223,-22.91943359,0,0.0,2.86146545,2.86146545,1.0,1.0,1578642398617320,252377596044, HMD, -0.11275, 1.20689, 0.36581, 0.28350, 0.04485, 0.93754, -0.19657
3762933,1578642398624658,1,1,1,1,0,1,1,1,1,0,0.20146179,0.23953247,0.94973755,0.24995422,0.28503418,0.92533875,34.09214783,2.54069519,-32.94664001,-24.77964783,2.2310791,-22.91844177,0,0.0,2.86756897,2.86756897,1.0,1.0,1578642398631347,252377736346, HMD, -0.11265, 1.20705, 0.36578, 0.28174, 0.04432, 0.93785, -0.19770
3762933,1578642398628657,1,1,1,1,0,1,1,1,1,0,0.20146179,0.23953247,0.94973755,0.24995422,0.28503418,0.92533875,34.09214783,2.54069519,-32.94664001,-24.77964783,2.2310791,-22.91844177,0,0.0,2.86756897,2.86756897,1.0,1.0,1578642398631347,252377736346, HMD, -0.11265, 1.20705, 0.36578, 0.28174, 0.04432, 0.93785, -0.19770
3762941,1578642398632682,1,1,1,1,0,1,1,1,1,0,0.20137024,0.23974609,0.94970703,0.24940491,0.28521729,0.9254303,34.09204102,2.5330658,-32.94641113,-24.78503418,2.22914124,-22.91743469,0,0.0,2.86958313,2.86958313,1.0,1.0,1578642398632747,252377750318, HMD, -0.11264, 1.20707, 0.36578, 0.28156, 0.04428, 0.93789, -0.19782
3762941,1578642398636668,1,1,1,1,0,1,1,1,1,0,0.20137024,0.23974609,0.94970703,0.24940491,0.28521729,0.9254303,34.09204102,2.5330658,-32.94641113,-24.78503418,2.22914124,-22.91743469,0,0.0,2.86958313,2.86958313,1.0,1.0,1578642398634575,252377768591, HMD, -0.11263, 1.20709, 0.36578, 0.28132, 0.04421, 0.93793, -0.19797
3762941,1578642398640661,1,1,1,1,0,1,1,1,1,0,0.20137024,0.23974609,0.94970703,0.24940491,0.28521729,0.9254303,34.09204102,2.5330658,-32.94641113,-24.78503418,2.22914124,-22.91743469,0,0.0,2.86958313,2.86958313,1.0,1.0,1578642398646637,252377889224, HMD, -0.11254, 1.20726, 0.36577, 0.27970, 0.04379, 0.93823, -0.19895
3762941,1578642398644792,1,1,1,1,0,1,1,1,1,0,0.20127869,0.23986816,0.94969177,0.25015259,0.28622437,0.92492676,34.0919342,2.5254364,-32.94618225,-24.78771973,2.22164917,-22.90840149,0,0.0,2.86758423,2.86758423,1.0,1.0,1578642398646637,252377889224, HMD, -0.11254, 1.20726, 0.36577, 0.27970, 0.04379, 0.93823, -0.19895
3762958,1578642398648964,1,1,1,1,0,1,1,1,1,0,0.20127869,0.23986816,0.94969177,0.25015259,0.28622437,0.92492676,34.0919342,2.5254364,-32.94618225,-24.78771973,2.22164917,-22.90840149,0,0.0,2.86758423,2.86758423,1.0,1.0,1578642398648978,252377912628, HMD, -0.11252, 1.20729, 0.36577, 0.27937, 0.04371, 0.93829, -0.19915
3762958,1578642398652969,1,1,1,1,0,1,1,1,1,0,0.20021057,0.23982239,0.94993591,0.25073242,0.28713989,0.92446899,34.0919342,2.51570129,-32.94151306,-24.79042053,2.21417236,-22.89936829,0,0.0,2.87004089,2.87004089,1.0,1.0,1578642398650254,252377925382, HMD, -0.11251, 1.20730, 0.36577, 0.27919, 0.04366, 0.93832, -0.19926
3762958,1578642398656969,1,1,1,1,0,1,1,1,1,0,0.20021057,0.23982239,0.94993591,0.25073242,0.28713989,0.92446899,34.0919342,2.51570129,-32.94151306,-24.79042053,2.21417236,-22.89936829,0,0.0,2.87004089,2.87004089,1.0,1.0,1578642398660060,252378023450, HMD, -0.11238, 1.20742, 0.36577, 0.27780, 0.04336, 0.93857, -0.20007
3762966,1578642398660951,1,1,1,1,0,1,1,1,1,0,0.19868469,0.24050903,0.9500885,0.25088501,0.29437256,0.92216492,34.0919342,2.50498962,-32.93052673,-24.79405212,2.18438721,-22.89877319,0,0.0,2.87039185,2.87039185,1.0,1.0,1578642398660992,252378032766, HMD, -0.11235, 1.20741, 0.36576, 0.27768, 0.04332, 0.93860, -0.20013
3762966,1578642398664954,1,1,1,1,0,1,1,1,1,0,0.19868469,0.24050903,0.9500885,0.25088501,0.29437256,0.92216492,34.0919342,2.50498962,-32.93052673,-24.79405212,2.18438721,-22.89877319,0,0.0,2.87039185,2.87039185,1.0,1.0,1578642398663152,252378054365, HMD, -0.11232, 1.20744, 0.36576, 0.27738, 0.04325, 0.93865, -0.20030
3762974,1578642398668960,1,1,1,1,0,1,1,1,1,0,0.1971283,0.23368835,0.95210266,0.24707031,0.28715515,0.92546082,34.09007263,2.4985199,-32.92570496,-24.80014038,2.18345642,-22.88621521,0,0.0,2.86651611,2.86651611,1.0,1.0,1578642398672876,252378151607, HMD, -0.11222, 1.20756, 0.36577, 0.27594, 0.04292, 0.93892, -0.20111
3762974,1578642398672950,1,1,1,1,0,1,1,1,1,0,0.1971283,0.23368835,0.95210266,0.24707031,0.28715515,0.92546082,34.09007263,2.4985199,-32.92570496,-24.80014038,2.18345642,-22.88621521,0,0.0,2.86651611,2.86651611,1.0,1.0,1578642398673022,252378153064, HMD, -0.11222, 1.20756, 0.36577, 0.27592, 0.04292, 0.93892, -0.20113
3762983,1578642398677950,1,1,1,1,0,1,1,1,1,0,0.19769287,0.23120117,0.95259094,0.24758911,0.28707886,0.92533875,34.08911133,2.44342041,-32.76873779,-24.80509949,2.18318176,-22.88587952,0,0.0,2.86863708,2.86863708,1.0,1.0,1578642398676162,252378184468, HMD, -0.11218, 1.20760, 0.36578, 0.27545, 0.04281, 0.93901, -0.20139
3762983,1578642398681977,1,1,1,1,0,1,1,1,1,0,0.19769287,0.23120117,0.95259094,0.24758911,0.28707886,0.92533875,34.08911133,2.44342041,-32.76873779,-24.80509949,2.18318176,-22.88587952,0,0.0,2.86863708,2.86863708,1.0,1.0,1578642398676162,252378184468, HMD, -0.11218, 1.20760, 0.36578, 0.27545, 0.04281, 0.93901, -0.20139
3762991,1578642398685952,1,1,1,1,0,1,1,1,1,0,0.19799805,0.23199463,0.9523468,0.24601746,0.28100586,0.92762756,34.08833313,2.42907715,-32.73912048,-24.81564331,2.17720032,-22.87033081,0,0.0,2.86982727,2.86982727,1.0,1.0,1578642398693621,252378359081, HMD, -0.11194, 1.20782, 0.36579, 0.27278, 0.04221, 0.93951, -0.20282
3762991,1578642398689947,1,1,1,1,0,1,1,1,1,0,0.19799805,0.23199463,0.9523468,0.24601746,0.28100586,0.92762756,34.08833313,2.42907715,-32.73912048,-24.81564331,2.17720032,-22.87033081,0,0.0,2.86982727,2.86982727,1.0,1.0,1578642398693621,252378359081, HMD, -0.11194, 1.20782, 0.36579, 0.27278, 0.04221, 0.93951, -0.20282
3762999,1578642398693953,1,1,1,1,0,1,1,1,1,0,0.19132996,0.22459412,0.95547485,0.24649048,0.28118896,0.92744446,34.08821106,2.41920471,-32.72467041,-24.82469177,2.17362976,-22.86486816,0,0.0,2.85317993,2.85317993,1.0,1.0,1578642398693967,252378362521, HMD, -0.11193, 1.20783, 0.36579, 0.27272, 0.04220, 0.93952, -0.20284
3762999,1578642398699946,1,1,1,1,0,1,1,1,1,0,0.19132996,0.22459412,0.95547485,0.24649048,0.28118896,0.92744446,34.08821106,2.41920471,-32.72467041,-24.82469177,2.17362976,-22.86486816,0,0.0,2.85317993,2.85317993,1.0,1.0,1578642398698953,252378412381, HMD, -0.11184, 1.20787, 0.36579, 0.27193, 0.04203, 0.93967, -0.20325
3763008,1578642398703942,1,1,1,1,0,1,1,1,1,0,0.2348175,0.26557922,0.93504333,0.24824524,0.27615356,0.92848206,33.98216248,1.42131042,-29.58683777,-24.83932495,2.17088318,-22.83955383,0,0.0,2.96853638,2.96853638,1.0,1.0,1578642398698953,252378412381, HMD, -0.11184, 1.20787, 0.36579, 0.27193, 0.04203, 0.93967, -0.20325
3763008,1578642398707965,1,1,1,1,0,1,1,1,1,0,0.2348175,0.26557922,0.93504333,0.24824524,0.27615356,0.92848206,33.98216248,1.42131042,-29.58683777,-24.83932495,2.17088318,-22.83955383,0,0.0,2.96853638,2.96853638,1.0,1.0,1578642398698953,252378412381, HMD, -0.11184, 1.20787, 0.36579, 0.27193, 0.04203, 0.93967, -0.20325
3763024,1578642398717982,1,1,1,1,0,1,1,1,1,0,0.23651123,0.27087402,0.93310547,0.24330139,0.30041504,0.92224121,33.97117615,1.3384552,-29.39064026,-24.95698547,1.71028137,-21.69883728,0,0.0,3.00205994,3.00205994,1.0,1.0,1578642398718800,252378610859, HMD, -0.11159, 1.20807, 0.36585, 0.26865, 0.04134, 0.94032, -0.20473
3763024,1578642398721976,1,1,1,1,0,1,1,1,1,0,0.23651123,0.27087402,0.93310547,0.24330139,0.30041504,0.92224121,33.97117615,1.3384552,-29.39064026,-24.95698547,1.71028137,-21.69883728,0,0.0,3.00205994,3.00205994,1.0,1.0,1578642398722000,252378642848, HMD, -0.11153, 1.20812, 0.36587, 0.26809, 0.04126, 0.94044, -0.20491
3763033,1578642398726942,1,1,1,1,0,1,1,1,1,0,0.22973633,0.27336121,0.93406677,0.24597168,0.30226135,0.92092896,33.91470337,0.9980011,-28.47283936,-24.96307373,1.70581055,-21.69262695,0,0.0,2.99269104,2.99269104,1.0,1.0,1578642398722000,252378642848, HMD, -0.11153, 1.20812, 0.36587, 0.26809, 0.04126, 0.94044, -0.20491
3763033,1578642398730947,1,1,1,1,0,1,1,1,1,0,0.22973633,0.27336121,0.93406677,0.24597168,0.30226135,0.92092896,33.91470337,0.9980011,-28.47283936,-24.96307373,1.70581055,-21.69262695,0,0.0,2.99269104,2.99269104,1.0,1.0,1578642398735027,252378773141, HMD, -0.11134, 1.20824, 0.36593, 0.26581, 0.04081, 0.94093, -0.20572
3763041,1578642398734952,1,1,1,1,0,1,1,1,1,0,0.2285614,0.2724762,0.93461609,0.24780273,0.30230713,0.92042542,33.90551758,0.99087524,-28.48745728,-24.96916199,1.70133972,-21.68640137,0,0.0,3.0657959,3.0657959,1.0,1.0,1578642398735027,252378773141, HMD, -0.11134, 1.20824, 0.36593, 0.26581, 0.04081, 0.94093, -0.20572
3763041,1578642398738950,1,1,1,1,0,1,1,1,1,0,0.2285614,0.2724762,0.93461609,0.24780273,0.30230713,0.92042542,33.90551758,0.99087524,-28.48745728,-24.96916199,1.70133972,-21.68640137,0,0.0,3.0657959,3.0657959,1.0,1.0,1578642398738417,252378807016, HMD, -0.11127, 1.20826, 0.36594, 0.26521, 0.04070, 0.94106, -0.20593
3763049,1578642398742955,1,1,1,1,0,1,1,1,1,0,0.22488403,0.2671814,0.93702698,0.22872925,0.27957153,0.9324646,33.89012146,0.92562866,-28.30950928,-24.95628357,1.9556427,-22.23931885,0,0.0,3.13766479,3.13766479,1.0,1.0,1578642398738417,252378807016, HMD, -0.11127, 1.20826, 0.36594, 0.26521, 0.04070, 0.94106, -0.20593
3763049,1578642398747942,1,1,1,1,0,1,1,1,1,0,0.22488403,0.2671814,0.93702698,0.22872925,0.27957153,0.9324646,33.89012146,0.92562866,-28.30950928,-24.95628357,1.9556427,-22.23931885,0,0.0,3.13766479,3.13766479,1.0,1.0,1578642398749758,252378920449, HMD, -0.11107, 1.20840, 0.36600, 0.26313, 0.04033, 0.94152, -0.20659
3763058,1578642398751936,1,1,1,1,0,1,1,1,1,0,0.22915649,0.2746582,0.93382263,0.24189758,0.30186462,0.9221344,33.87574768,0.90228271,-28.25239563,-25.02044678,1.7457428,-21.82705688,0,0.0,3.10969543,3.10969543,1.0,1.0,1578642398751967,252378942518, HMD, -0.11104, 1.20842, 0.36601, 0.26271, 0.04027, 0.94161, -0.20673
3763058,1578642398756958,1,1,1,1,0,1,1,1,1,0,0.22915649,0.2746582,0.93382263,0.24189758,0.30186462,0.9221344,33.87574768,0.90228271,-28.25239563,-25.02044678,1.7457428,-21.82705688,0,0.0,3.10969543,3.10969543,1.0,1.0,1578642398753105,252378953894, HMD, -0.11102, 1.20843, 0.36602, 0.26249, 0.04024, 0.94165, -0.20681
3763066,1578642398760943,1,1,1,1,0,1,1,1,1,0,0.23173523,0.27227783,0.93388367,0.22468567,0.30555725,0.92527771,33.86054993,0.86253357,-28.13960266,-25.04702759,1.80903625,-22.00579834,0,0.0,3.02648926,3.02648926,1.0,1.0,1578642398763783,252379060679, HMD, -0.11080, 1.20855, 0.36611, 0.26046, 0.03994, 0.94209, -0.20746
3763066,1578642398764939,1,1,1,1,0,1,1,1,1,0,0.23173523,0.27227783,0.93388367,0.22468567,0.30555725,0.92527771,33.86054993,0.86253357,-28.13960266,-25.04702759,1.80903625,-22.00579834,0,0.0,3.02648926,3.02648926,1.0,1.0,1578642398764902,252379071861, HMD, -0.11078, 1.20857, 0.36611, 0.26024, 0.03991, 0.94213, -0.20753
3763074,1578642398768925,1,1,1,1,0,1,1,1,1,0,0.22819519,0.27252197,0.93469238,0.22055054,0.29008484,0.93122864,33.84436035,0.86621094,-28.1552887,-25.0655365,1.77363586,-21.85079956,0,0.0,2.97050476,2.97050476,1.0,1.0,1578642398766822,252379091062, HMD, -0.11075, 1.20859, 0.36613, 0.25988, 0.03985, 0.94221, -0.20767
3763074,1578642398772934,1,1,1,1,0,1,1,1,1,0,0.22819519,0.27252197,0.93469238,0.22055054,0.29008484,0.93122864,33.84436035,0.86621094,-28.1552887,-25.0655365,1.77363586,-21.85079956,0,0.0,2.97050476,2.97050476,1.0,1.0,1578642398775464,252379177494, HMD, -0.11060, 1.20868, 0.36619, 0.25819, 0.03962, 0.94255, -0.20826
3763083,1578642398776926,1,1,1,1,0,1,1,1,1,0,0.22843933,0.28126526,0.93203735,0.2101593,0.29634094,0.93165588,33.82489014,0.85513306,-28.12916565,-25.0730896,1.73985291,-21.72544861,0,0.0,3.09960938,3.09960938,1.0,1.0,1578642398776899,252379191983, HMD, -0.11058, 1.20869, 0.36620, 0.25791, 0.03958, 0.94261, -0.20835
3763083,1578642398780938,1,1,1,1,0,1,1,1,1,0,0.22843933,0.28126526,0.93203735,0.2101593,0.29634094,0.93165588,33.82489014,0.85513306,-28.12916565,-25.0730896,1.73985291,-21.72544861,0,0.0,3.09960938,3.09960938,1.0,1.0,1578642398778480,252379207648, HMD, -0.11056, 1.20871, 0.36621, 0.25759, 0.03953, 0.94267, -0.20846
3763091,1578642398785924,1,1,1,1,0,1,1,1,1,0,0.23355103,0.27754211,0.93188477,0.20860291,0.29818726,0.931427,33.80259705,0.82327271,-28.04852295,-25.10458374,1.74905396,-21.78193665,0,0.0,3.09844971,3.09844971,1.0,1.0,1578642398778480,252379207648, HMD, -0.11056, 1.20871, 0.36621, 0.25759, 0.03953, 0.94267, -0.20846
3763091,1578642398789926,1,1,1,1,0,1,1,1,1,0,0.23355103,0.27754211,0.93188477,0.20860291,0.29818726,0.931427,33.80259705,0.82327271,-28.04852295,-25.10458374,1.74905396,-21.78193665,0,0.0,3.09844971,3.09844971,1.0,1.0,1578642398778480,252379207648, HMD, -0.11056, 1.20871, 0.36621, 0.25759, 0.03953, 0.94267, -0.20846
3763099,1578642398796933,1,1,1,1,0,1,1,1,1,0,0.22636414,0.27636719,0.93400574,0.21250916,0.28405762,0.93495178,33.78361511,0.75708008,-27.89190674,-25.13793945,1.75672913,-21.86148071,0,0.0,3.10882568,3.10882568,1.0,1.0,1578642398804947,252379472344, HMD, -0.11000, 1.20899, 0.36644, 0.25232, 0.03873, 0.94373, -0.21027
3763108,1578642398800919,1,1,1,1,0,1,1,1,1,0,0.22453308,0.28337097,0.93234253,0.20451355,0.28468323,0.9365387,33.75683594,0.62480164,-27.54931641,-25.15913391,1.72401428,-21.83728027,0,0.0,3.00611877,3.00611877,1.0,1.0,1578642398804947,252379472344, HMD, -0.11000, 1.20899, 0.36644, 0.25232, 0.03873, 0.94373, -0.21027
3763108,1578642398806940,1,1,1,1,0,1,1,1,1,0,0.22453308,0.28337097,0.93234253,0.20451355,0.28468323,0.9365387,33.75683594,0.62480164,-27.54931641,-25.15913391,1.72401428,-21.83728027,0,0.0,3.00611877,3.00611877,1.0,1.0,1578642398806934,252379492182, HMD, -0.10994, 1.20904, 0.36643, 0.25192, 0.03867, 0.94381, -0.21041
3763116,1578642398810926,1,1,1,1,0,1,1,1,1,0,0.22862244,0.28044128,0.93223572,0.20770264,0.2882843,0.93473816,33.73847961,0.62353516,-27.59579468,-25.17935181,1.77964783,-22.03765869,0,0.0,3.04624939,3.04624939,1.0,1.0,1578642398808501,252379507855, HMD, -0.10991, 1.20905, 0.36645, 0.25160, 0.03861, 0.94387, -0.21051
3763116,1578642398815910,1,1,1,1,0,1,1,1,1,0,0.22862244,0.28044128,0.93223572,0.20770264,0.2882843,0.93473816,33.73847961,0.62353516,-27.59579468,-25.17935181,1.77964783,-22.03765869,0,0.0,3.04624939,3.04624939,1.0,1.0,1578642398816990,252379592747, HMD, -0.10975, 1.20912, 0.36652, 0.24988, 0.03832, 0.94421, -0.21108
3763124,1578642398819922,1,1,1,1,0,1,1,1,1,0,0.22254944,0.28500366,0.93232727,0.20159912,0.27609253,0.93974304,33.72442627,0.68656921,-27.8065033,-25.20986938,1.83236694,-22.21913147,0,0.0,3.06707764,3.06707764,1.0,1.0,1578642398819948,252379622320, HMD, -0.10968, 1.20916, 0.36655, 0.24927, 0.03823, 0.94433, -0.21129
3763133,1578642398824924,1,1,1,1,0,1,1,1,1,0,0.22518921,0.28355408,0.93212891,0.23422241,0.29533386,0.92622375,33.69020081,0.57051086,-27.45126343,-25.33094788,1.57687378,-21.37509155,0,0.0,3.20579529,3.20579529,1.0,1.0,1578642398829795,252379720808, HMD, -0.10949, 1.20927, 0.36662, 0.24728, 0.03789, 0.94471, -0.21197
3763133,1578642398828925,1,1,1,1,0,1,1,1,1,0,0.22518921,0.28355408,0.93212891,0.23422241,0.29533386,0.92622375,33.69020081,0.57051086,-27.45126343,-25.33094788,1.57687378,-21.37509155,0,0.0,3.20579529,3.20579529,1.0,1.0,1578642398829795,252379720808, HMD, -0.10949, 1.20927, 0.36662, 0.24728, 0.03789, 0.94471, -0.21197
3763141,1578642398832926,1,1,1,1,0,1,1,1,1,0,0.21495056,0.27778625,0.9362793,0.22897339,0.28346252,0.93122864,33.68959045,0.67205811,-27.74354553,-25.33178711,1.56272888,-21.29293823,0,0.0,3.15174866,3.15174866,1.0,1.0,1578642398832920,252379752047, HMD, -0.10942, 1.20931, 0.36665, 0.24665, 0.03777, 0.94484, -0.21218
3763141,1578642398836926,1,1,1,1,0,1,1,1,1,0,0.21495056,0.27778625,0.9362793,0.22897339,0.28346252,0.93122864,33.68959045,0.67205811,-27.74354553,-25.33178711,1.56272888,-21.29293823,0,0.0,3.15174866,3.15174866,1.0,1.0,1578642398832920,252379752047, HMD, -0.10942, 1.20931, 0.36665, 0.24665, 0.03777, 0.94484, -0.21218
3763141,1578642398840909,1,1,1,1,0,1,1,1,1,0,0.21495056,0.27778625,0.9362793,0.22897339,0.28346252,0.93122864,33.68959045,0.67205811,-27.74354553,-25.33178711,1.56272888,-21.29293823,0,0.0,3.15174866,3.15174866,1.0,1.0,1578642398844279,252379865648, HMD, -0.10917, 1.20948, 0.36675, 0.24436, 0.03738, 0.94527, -0.21297
3763149,1578642398844917,1,1,1,1,0,1,1,1,1,0,0.21237183,0.28071594,0.93598938,0.21867371,0.28805542,0.93229675,33.67965698,0.7449646,-27.95570374,-25.33856201,1.5604248,-21.26916504,0,0.0,3.26304626,3.26304626,1.0,1.0,1578642398844964,252379872485, HMD, -0.10916, 1.20949, 0.36676, 0.24422, 0.03735, 0.94530, -0.21302
3763149,1578642398848919,1,1,1,1,0,1,1,1,1,0,0.21237183,0.28071594,0.93598938,0.21867371,0.28805542,0.93229675,33.67965698,0.7449646,-27.95570374,-25.33856201,1.5604248,-21.26916504,0,0.0,3.26304626,3.26304626,1.0,1.0,1578642398847325,252379896098, HMD, -0.10911, 1.20952, 0.36678, 0.24375, 0.03727, 0.94538, -0.21319
3763158,1578642398852917,1,1,1,1,0,1,1,1,1,0,0.21600342,0.27737427,0.93615723,0.21755981,0.28556824,0.93333435,33.65841675,0.67987061,-27.7759552,-25.3502655,1.56204224,-21.27281189,0,0.0,3.23609924,3.23609924,1.0,1.0,1578642398857528,252379998131, HMD, -0.10887, 1.20964, 0.36686, 0.24172, 0.03692, 0.94576, -0.21389
3763158,1578642398856901,1,1,1,1,0,1,1,1,1,0,0.21600342,0.27737427,0.93615723,0.21755981,0.28556824,0.93333435,33.65841675,0.67987061,-27.7759552,-25.3502655,1.56204224,-21.27281189,0,0.0,3.23609924,3.23609924,1.0,1.0,1578642398857528,252379998131, HMD, -0.10887, 1.20964, 0.36686, 0.24172, 0.03692, 0.94576, -0.21389
3763166,1578642398860940,1,1,1,1,0,1,1,1,1,0,0.22019958,0.27738953,0.93516541,0.22344971,0.27526855,0.93502808,33.66992188,0.51089478,-27.37638855,-25.34637451,1.57730103,-21.45549011,0,0.0,3.15026855,3.15026855,1.0,1.0,1578642398860734,252380030188, HMD, -0.10876, 1.20967, 0.36687, 0.24108, 0.03681, 0.94588, -0.21408
3763166,1578642398864903,1,1,1,1,0,1,1,1,1,0,0.22019958,0.27738953,0.93516541,0.22344971,0.27526855,0.93502808,33.66992188,0.51089478,-27.37638855,-25.34637451,1.57730103,-21.45549011,0,0.0,3.15026855,3.15026855,1.0,1.0,1578642398860734,252380030188, HMD, -0.10876, 1.20967, 0.36687, 0.24108, 0.03681, 0.94588, -0.21408
3763174,1578642398868903,1,1,1,1,0,1,1,1,1,0,0.22241211,0.24977112,0.94239807,0.21212769,0.23550415,0.94842529,33.76341248,0.77630615,-28.46939087,-25.07891846,1.89057922,-22.84776306,0,0.0,3.08474731,3.08474731,1.0,1.0,1578642398869829,252380121134, HMD, -0.10856, 1.20979, 0.36694, 0.23927, 0.03648, 0.94622, -0.21466
3763174,1578642398872918,1,1,1,1,0,1,1,1,1,0,0.22241211,0.24977112,0.94239807,0.21212769,0.23550415,0.94842529,33.76341248,0.77630615,-28.46939087,-25.07891846,1.89057922,-22.84776306,0,0.0,3.08474731,3.08474731,1.0,1.0,1578642398872976,252380152605, HMD, -0.10849, 1.20982, 0.36697, 0.23865, 0.03637, 0.94634, -0.21485
3763183,1578642398876912,1,1,1,1,0,1,1,1,1,0,0.22052002,0.16598511,0.96115112,0.24040222,0.18563843,0.95274353,33.95932007,1.73738098,-31.75590515,-24.74060059,1.8321991,-23.2721405,0,0.0,3.00195313,3.00195313,1.0,1.0,1578642398874062,252380163465, HMD, -0.10846, 1.20984, 0.36698, 0.23843, 0.03634, 0.94638, -0.21491
3763183,1578642398880908,1,1,1,1,0,1,1,1,1,0,0.22052002,0.16598511,0.96115112,0.24040222,0.18563843,0.95274353,33.95932007,1.73738098,-31.75590515,-24.74060059,1.8321991,-23.2721405,0,0.0,3.00195313,3.00195313,1.0,1.0,1578642398885165,252380274557, HMD, -0.10817, 1.20996, 0.36709, 0.23622, 0.03600, 0.94682, -0.21551
3763191,1578642398884899,1,1,1,1,0,1,1,1,1,0,0.25215149,0.12968445,0.95895386,0.30281067,0.1565094,0.94010925,34.08872986,1.80708313,-32.31877136,-24.43563843,1.75891113,-23.86079407,0,0.0,3.04298401,3.04298401,1.0,1.0,1578642398885165,252380274557, HMD, -0.10817, 1.20996, 0.36709, 0.23622, 0.03600, 0.94682, -0.21551
3763191,1578642398888900,1,1,1,1,0,1,1,1,1,0,0.25215149,0.12968445,0.95895386,0.30281067,0.1565094,0.94010925,34.08872986,1.80708313,-32.31877136,-24.43563843,1.75891113,-23.86079407,0,0.0,3.04298401,3.04298401,1.0,1.0,1578642398888397,252380306817, HMD, -0.10809, 1.21000, 0.36711, 0.23558, 0.03589, 0.94694, -0.21569
3763199,1578642398892893,1,1,1,1,0,1,1,1,1,0,0.26649475,0.08517456,0.96005249,0.28862,0.10955811,0.95114136,34.2731781,2.0587616,-33.81535339,-24.05039978,1.94194031,-25.3482666,0,0.0,3.17094421,3.17094421,1.0,1.0,1578642398888397,252380306817, HMD, -0.10809, 1.21000, 0.36711, 0.23558, 0.03589, 0.94694, -0.21569
3763199,1578642398896903,1,1,1,1,0,1,1,1,1,0,0.26649475,0.08517456,0.96005249,0.28862,0.10955811,0.95114136,34.2731781,2.0587616,-33.81535339,-24.05039978,1.94194031,-25.3482666,0,0.0,3.17094421,3.17094421,1.0,1.0,1578642398888397,252380306817, HMD, -0.10809, 1.21000, 0.36711, 0.23558, 0.03589, 0.94694, -0.21569
3763208,1578642398900915,1,1,1,1,0,1,1,1,1,0,0.3399353,0.08236694,0.93682861,0.32096863,0.07026672,0.94447327,34.39712524,1.11965942,-31.50088501,-23.85313416,1.77217102,-25.61355591,0,0.0,3.16746521,3.16746521,1.0,1.0,1578642398906682,252380489707, HMD, -0.10766, 1.21018, 0.36728, 0.23189, 0.03533, 0.94767, -0.21656
3763208,1578642398905916,1,1,1,1,0,1,1,1,1,0,0.3399353,0.08236694,0.93682861,0.32096863,0.07026672,0.94447327,34.39712524,1.11965942,-31.50088501,-23.85313416,1.77217102,-25.61355591,0,0.0,3.16746521,3.16746521,1.0,1.0,1578642398906682,252380489707, HMD, -0.10766, 1.21018, 0.36728, 0.23189, 0.03533, 0.94767, -0.21656
3763208,1578642398909904,1,1,1,1,0,1,1,1,1,0,0.36160278,0.01245117,0.93223572,0.37280273,0.02360535,0.92759705,34.50881958,1.3331604,-32.65878296,-23.68190002,1.59674072,-25.79508972,0,0.0,3.16447449,3.16447449,1.0,1.0,1578642398909939,252380522239, HMD, -0.10759, 1.21020, 0.36731, 0.23122, 0.03524, 0.94780, -0.21671
3763216,1578642398914888,1,1,1,1,0,1,1,1,1,0,0.36160278,0.01245117,0.93223572,0.37280273,0.02360535,0.92759705,34.50881958,1.3331604,-32.65878296,-23.68190002,1.59674072,-25.79508972,0,0.0,3.16447449,3.16447449,1.0,1.0,1578642398910239,252380525237, HMD, -0.10758, 1.21021, 0.36731, 0.23116, 0.03523, 0.94782, -0.21672
3763224,1578642398918874,1,1,1,1,0,1,1,1,1,0,0.37484741,-0.01803589,0.92689514,0.40382385,-0.02301025,0.91453552,34.61445618,1.35092163,-33.26142883,-23.54714966,1.12376404,-24.86836243,0,0.0,3.11579895,3.11579895,1.0,1.0,1578642398919917,252380622023, HMD, -0.10732, 1.21028, 0.36738, 0.22917, 0.03495, 0.94822, -0.21710
3763224,1578642398922888,1,1,1,1,0,1,1,1,1,0,0.37484741,-0.01803589,0.92689514,0.40382385,-0.02301025,0.91453552,34.61445618,1.35092163,-33.26142883,-23.54714966,1.12376404,-24.86836243,0,0.0,3.11579895,3.11579895,1.0,1.0,1578642398922929,252380652132, HMD, -0.10724, 1.21030, 0.36740, 0.22854, 0.03486, 0.94835, -0.21721
3763233,1578642398926895,1,1,1,1,0,1,1,1,1,0,0.40835571,-0.05018616,0.91142273,0.40715027,-0.02722168,0.91294861,34.67106628,0.80400085,-31.95707703,-23.42689514,1.13168335,-25.49435425,0,0.0,3.18281555,3.18281555,1.0,1.0,1578642398923312,252380655965, HMD, -0.10724, 1.21030, 0.36741, 0.22846, 0.03485, 0.94837, -0.21722
3763233,1578642398930875,1,1,1,1,0,1,1,1,1,0,0.40835571,-0.05018616,0.91142273,0.40715027,-0.02722168,0.91294861,34.67106628,0.80400085,-31.95707703,-23.42689514,1.13168335,-25.49435425,0,0.0,3.18281555,3.18281555,1.0,1.0,1578642398934832,252380771183, HMD, -0.10694, 1.21036, 0.36751, 0.22604, 0.03447, 0.94888, -0.21759
3763241,1578642398934873,1,1,1,1,0,1,1,1,1,0,0.42045593,-0.06040955,0.9052887,0.4311676,-0.04867554,0.9009552,34.70648193,0.53535461,-31.33912659,-23.4490509,1.09783936,-25.56730652,0,0.0,3.13710022,3.13710022,1.0,1.0,1578642398934832,252380771183, HMD, -0.10694, 1.21036, 0.36751, 0.22604, 0.03447, 0.94888, -0.21759
3763241,1578642398938881,1,1,1,1,0,1,1,1,1,0,0.42045593,-0.06040955,0.9052887,0.4311676,-0.04867554,0.9009552,34.70648193,0.53535461,-31.33912659,-23.4490509,1.09783936,-25.56730652,0,0.0,3.13710022,3.13710022,1.0,1.0,1578642398938136,252380804204, HMD, -0.10685, 1.21038, 0.36754, 0.22534, 0.03435, 0.94903, -0.21769
3763249,1578642398942891,1,1,1,1,0,1,1,1,1,0,0.41093445,-0.0496521,0.91030884,0.41976929,-0.03845215,0.90679932,34.71940613,0.48164368,-31.21168518,-23.48951721,1.08876038,-25.54602051,0,0.0,3.15333557,3.15333557,1.0,1.0,1578642398938136,252380804204, HMD, -0.10685, 1.21038, 0.36754, 0.22534, 0.03435, 0.94903, -0.21769
3763249,1578642398946883,1,1,1,1,0,1,1,1,1,0,0.41093445,-0.0496521,0.91030884,0.41976929,-0.03845215,0.90679932,34.71940613,0.48164368,-31.21168518,-23.48951721,1.08876038,-25.54602051,0,0.0,3.15333557,3.15333557,1.0,1.0,1578642398949097,252380913820, HMD, -0.10655, 1.21042, 0.36764, 0.22299, 0.03397, 0.94953, -0.21799
3763258,1578642398949881,1,1,1,1,0,1,1,1,1,0,0.41326904,-0.04466248,0.90950012,0.41227722,-0.04463196,0.90995789,34.7273407,0.42701721,-31.05340576,-23.51672363,0.98788452,-25.2308197,0,0.0,3.11001587,3.11001587,1.0,1.0,1578642398949825,252380921097, HMD, -0.10653, 1.21043, 0.36765, 0.22284, 0.03395, 0.94956, -0.21801
3763258,1578642398954885,1,1,1,1,0,1,1,1,1,0,0.41326904,-0.04466248,0.90950012,0.41227722,-0.04463196,0.90995789,34.7273407,0.42701721,-31.05340576,-23.51672363,0.98788452,-25.2308197,0,0.0,3.11001587,3.11001587,1.0,1.0,1578642398952106,252380943902, HMD, -0.10647, 1.21043, 0.36767, 0.22235, 0.03385, 0.94966, -0.21806
3763266,1578642398958872,1,1,1,1,0,1,1,1,1,0,0.40689087,-0.05143738,0.91201782,0.40322876,-0.05215454,0.91360474,34.72859192,0.38523865,-30.92398071,-23.52835083,1.00546265,-25.30844116,0,0.0,3.14376831,3.14376831,1.0,1.0,1578642398962041,252381043263, HMD, -0.10624, 1.21047, 0.36780, 0.22017, 0.03346, 0.95014, -0.21828
3763266,1578642398963865,1,1,1,1,0,1,1,1,1,0,0.40689087,-0.05143738,0.91201782,0.40322876,-0.05215454,0.91360474,34.72859192,0.38523865,-30.92398071,-23.52835083,1.00546265,-25.30844116,0,0.0,3.14376831,3.14376831,1.0,1.0,1578642398963832,252381061167, HMD, -0.10619, 1.21048, 0.36782, 0.21978, 0.03339, 0.95022, -0.21832
3763274,1578642398967882,1,1,1,1,0,1,1,1,1,0,0.4070282,-0.05084229,0.9119873,0.40760803,-0.04699707,0.91192627,34.72259521,0.3938446,-30.95675659,-23.55899048,0.97512817,-25.22853088,0,0.0,3.15635681,3.15635681,1.0,1.0,1578642398965213,252381074971, HMD, -0.10615, 1.21048, 0.36783, 0.21948, 0.03334, 0.95028, -0.21836
3763274,1578642398972879,1,1,1,1,0,1,1,1,1,0,0.4070282,-0.05084229,0.9119873,0.40760803,-0.04699707,0.91192627,34.72259521,0.3938446,-30.95675659,-23.55899048,0.97512817,-25.22853088,0,0.0,3.15635681,3.15635681,1.0,1.0,1578642398977086,252381193722, HMD, -0.10582, 1.21052, 0.36795, 0.21689, 0.03283, 0.95083, -0.21862
3763283,1578642398976877,1,1,1,1,0,1,1,1,1,0,0.4077301,-0.05116272,0.91165161,0.40541077,-0.05781555,0.91229248,34.71661377,0.38523865,-30.92398071,-23.58283997,0.90737915,-24.984375,0,0.0,3.16365051,3.16365051,1.0,1.0,1578642398977086,252381193722, HMD, -0.10582, 1.21052, 0.36795, 0.21689, 0.03283, 0.95083, -0.21862
3763283,1578642398980877,1,1,1,1,0,1,1,1,1,0,0.4077301,-0.05116272,0.91165161,0.40541077,-0.05781555,0.91229248,34.71661377,0.38523865,-30.92398071,-23.58283997,0.90737915,-24.984375,0,0.0,3.16365051,3.16365051,1.0,1.0,1578642398980058,252381223425, HMD, -0.10576, 1.21054, 0.36798, 0.21624, 0.03272, 0.95097, -0.21871
3763291,1578642398984873,1,1,1,1,0,1,1,1,1,0,0.40690613,-0.05265808,0.91194153,0.40484619,-0.06536865,0.91203308,34.71400452,0.39082336,-30.95675659,-23.59465027,0.85820007,-24.772995,0,0.0,3.15267944,3.15267944,1.0,1.0,1578642398980058,252381223425, HMD, -0.10576, 1.21054, 0.36798, 0.21624, 0.03272, 0.95097, -0.21871
3763291,1578642398988892,1,1,1,1,0,1,1,1,1,0,0.40690613,-0.05265808,0.91194153,0.40484619,-0.06536865,0.91203308,34.71400452,0.39082336,-30.95675659,-23.59465027,0.85820007,-24.772995,0,0.0,3.15267944,3.15267944,1.0,1.0,1578642398993847,252381361336, HMD, -0.10535, 1.21059, 0.36816, 0.21318, 0.03213, 0.95159, -0.21907
3763291,1578642398993869,1,1,1,1,0,1,1,1,1,0,0.40579224,-0.05303955,0.91241455,0.40351868,-0.07505798,0.91188049,34.71394348,0.38677979,-30.95759583,-23.62287903,0.80718994,-24.55310059,0,0.0,3.16159058,3.16159058,1.0,1.0,1578642398993847,252381361336, HMD, -0.10535, 1.21059, 0.36816, 0.21318, 0.03213, 0.95159, -0.21907
3763299,1578642398997861,1,1,1,1,0,1,1,1,1,0,0.40579224,-0.05303955,0.91241455,0.40351868,-0.07505798,0.91188049,34.71394348,0.38677979,-30.95759583,-23.62287903,0.80718994,-24.55310059,0,0.0,3.16159058,3.16159058,1.0,1.0,1578642398997623,252381399072, HMD, -0.10527, 1.21061, 0.36821, 0.21232, 0.03199, 0.95176, -0.21920
3763308,1578642399001864,1,1,1,1,0,1,1,1,1,0,0.40370178,-0.05358887,0.91331482,0.39997864,-0.07115173,0.91374207,34.71528625,0.38600159,-30.95584106,-23.63284302,0.78924561,-24.46981812,0,0.0,3.16377258,3.16377258,1.0,1.0,1578642398997623,252381399072, HMD, -0.10527, 1.21061, 0.36821, 0.21232, 0.03199, 0.95176, -0.21920
3763308,1578642399005918,1,1,1,1,0,1,1,1,1,0,0.40370178,-0.05358887,0.91331482,0.39997864,-0.07115173,0.91374207,34.71528625,0.38600159,-30.95584106,-23.63284302,0.78924561,-24.46981812,0,0.0,3.16377258,3.16377258,1.0,1.0,1578642399010158,252381524431, HMD, -0.10491, 1.21066, 0.36836, 0.20943, 0.03147, 0.95233, -0.21959
3763316,1578642399009868,1,1,1,1,0,1,1,1,1,0,0.40161133,-0.05413818,0.91419983,0.40278625,-0.07002258,0.91259766,34.71661377,0.38523865,-30.95407104,-23.64593506,0.77645874,-24.40892029,0,0.0,3.16615295,3.16615295,1.0,1.0,1578642399010158,252381524431, HMD, -0.10491, 1.21066, 0.36836, 0.20943, 0.03147, 0.95233, -0.21959
3763316,1578642399013871,1,1,1,1,0,1,1,1,1,0,0.40161133,-0.05413818,0.91419983,0.40278625,-0.07002258,0.91259766,34.71661377,0.38523865,-30.95407104,-23.64593506,0.77645874,-24.40892029,0,0.0,3.16615295,3.16615295,1.0,1.0,1578642399013041,252381553257, HMD, -0.10481, 1.21068, 0.36839, 0.20875, 0.03135, 0.95246, -0.21968
3763324,1578642399017850,1,1,1,1,0,1,1,1,1,0,0.40061951,-0.05435181,0.91461182,0.39576721,-0.07156372,0.9155426,34.71742249,0.38597107,-30.95584106,-23.66616821,0.84577942,-24.6459198,0,0.0,3.16667175,3.16667175,1.0,1.0,1578642399018462,252381607477, HMD, -0.10464, 1.21070, 0.36846, 0.20746, 0.03113, 0.95271, -0.21987
3763324,1578642399022852,1,1,1,1,0,1,1,1,1,0,0.40061951,-0.05435181,0.91461182,0.39576721,-0.07156372,0.9155426,34.71742249,0.38597107,-30.95584106,-23.66616821,0.84577942,-24.6459198,0,0.0,3.16667175,3.16667175,1.0,1.0,1578642399021520,252381638043, HMD, -0.10456, 1.21071, 0.36848, 0.20670, 0.03098, 0.95286, -0.21995
3763333,1578642399026857,1,1,1,1,0,1,1,1,1,0,0.39996338,-0.05445862,0.91490173,0.3846283,-0.06719971,0.92060852,34.71684265,0.38523865,-30.95407104,-23.70372009,0.84968567,-24.7089386,0,0.0,3.16726685,3.16726685,1.0,1.0,1578642399021520,252381638043, HMD, -0.10456, 1.21071, 0.36848, 0.20670, 0.03098, 0.95286, -0.21995
3763333,1578642399030842,1,1,1,1,0,1,1,1,1,0,0.39996338,-0.05445862,0.91490173,0.3846283,-0.06719971,0.92060852,34.71684265,0.38523865,-30.95407104,-23.70372009,0.84968567,-24.7089386,0,0.0,3.16726685,3.16726685,1.0,1.0,1578642399035530,252381778167, HMD, -0.10409, 1.21077, 0.36867, 0.20332, 0.03035, 0.95351, -0.22037
3763341,1578642399034863,1,1,1,1,0,1,1,1,1,0,0.37927246,-0.04800415,0.92402649,0.38195801,-0.05725098,0.9223938,34.70675659,0.3311615,-30.88760376,-23.72277832,0.83479309,-24.67886353,0,0.0,3.16122437,3.16122437,1.0,1.0,1578642399035530,252381778167, HMD, -0.10409, 1.21077, 0.36867, 0.20332, 0.03035, 0.95351, -0.22037
3763341,1578642399038856,1,1,1,1,0,1,1,1,1,0,0.37927246,-0.04800415,0.92402649,0.38195801,-0.05725098,0.9223938,34.70675659,0.3311615,-30.88760376,-23.72277832,0.83479309,-24.67886353,0,0.0,3.16122437,3.16122437,1.0,1.0,1578642399038628,252381809126, HMD, -0.10401, 1.21080, 0.36872, 0.20256, 0.03022, 0.95365, -0.22046
3763349,1578642399043495,1,1,1,1,0,1,1,1,1,0,0.37808228,-0.05490112,0.9241333,0.37750244,-0.05603027,0.92430115,34.69099426,0.29006958,-30.79821777,-23.73806763,0.81970215,-24.65283203,0,0.0,3.21025085,3.21025085,1.0,1.0,1578642399038628,252381809126, HMD, -0.10401, 1.21080, 0.36872, 0.20256, 0.03022, 0.95365, -0.22046
3763349,1578642399047495,1,1,1,1,0,1,1,1,1,0,0.37808228,-0.05490112,0.9241333,0.37750244,-0.05603027,0.92430115,34.69099426,0.29006958,-30.79821777,-23.73806763,0.81970215,-24.65283203,0,0.0,3.21025085,3.21025085,1.0,1.0,1578642399050047,252381923326, HMD, -0.10363, 1.21084, 0.36889, 0.19975, 0.02969, 0.95420, -0.22071
3763358,1578642399051490,1,1,1,1,0,1,1,1,1,0,0.37644958,-0.06713867,0.92399597,0.36154175,-0.05747986,0.93057251,34.67550659,0.26623535,-30.76216125,-23.77380371,0.85449219,-24.77618408,0,0.0,3.17428589,3.17428589,1.0,1.0,1578642399051448,252381937318, HMD, -0.10358, 1.21085, 0.36891, 0.19941, 0.02963, 0.95427, -0.22075
3763358,1578642399055458,1,1,1,1,0,1,1,1,1,0,0.37644958,-0.06713867,0.92399597,0.36154175,-0.05747986,0.93057251,34.67550659,0.26623535,-30.76216125,-23.77380371,0.85449219,-24.77618408,0,0.0,3.17428589,3.17428589,1.0,1.0,1578642399053273,252381955574, HMD, -0.10351, 1.21086, 0.36893, 0.19896, 0.02955, 0.95435, -0.22080
3763366,1578642399059467,1,1,1,1,0,1,1,1,1,0,0.36231995,-0.07310486,0.9291687,0.37588501,-0.06161499,0.92460632,34.66729736,0.23484802,-30.69482422,-23.8212738,0.92597961,-24.9662323,0,0.0,3.31661987,3.31661987,1.0,1.0,1578642399053273,252381955574, HMD, -0.10351, 1.21086, 0.36893, 0.19896, 0.02955, 0.95435, -0.22080
3763374,1578642399066466,1,1,1,1,0,1,1,1,1,0,0.36071777,-0.06942749,0.93006897,0.35620117,-0.06126404,0.93238831,34.65557861,0.31335449,-30.95135498,-23.84924316,0.95782471,-25.07202148,0,0.0,3.25387573,3.25387573,1.0,1.0,1578642399068964,252382112520, HMD, -0.10294, 1.21094, 0.36919, 0.19503, 0.02892, 0.95510, -0.22116
3763374,1578642399070456,1,1,1,1,0,1,1,1,1,0,0.36071777,-0.06942749,0.93006897,0.35620117,-0.06126404,0.93238831,34.65557861,0.31335449,-30.95135498,-23.84924316,0.95782471,-25.07202148,0,0.0,3.25387573,3.25387573,1.0,1.0,1578642399070457,252382127413, HMD, -0.10289, 1.21094, 0.36922, 0.19466, 0.02886, 0.95517, -0.22120
3763383,1578642399074459,1,1,1,1,0,1,1,1,1,0,0.35974121,-0.06774902,0.93057251,0.35044861,-0.06265259,0.93447876,34.64167786,0.3109436,-30.97265625,-23.87269592,1.04606628,-25.32597351,0,0.0,3.24179077,3.24179077,1.0,1.0,1578642399073297,252382155811, HMD, -0.10278, 1.21095, 0.36926, 0.19395, 0.02876, 0.95530, -0.22128
3763383,1578642399078452,1,1,1,1,0,1,1,1,1,0,0.35974121,-0.06774902,0.93057251,0.35044861,-0.06265259,0.93447876,34.64167786,0.3109436,-30.97265625,-23.87269592,1.04606628,-25.32597351,0,0.0,3.24179077,3.24179077,1.0,1.0,1578642399073297,252382155811, HMD, -0.10278, 1.21095, 0.36926, 0.19395, 0.02876, 0.95530, -0.22128
3763383,1578642399082443,1,1,1,1,0,1,1,1,1,0,0.34683228,-0.06234741,0.93583679,0.3285675,-0.07342529,0.94160461,34.63085938,0.27914429,-30.88935852,-23.90716553,1.15979004,-25.6652832,0,0.0,3.24198914,3.24198914,1.0,1.0,1578642399084119,252382264049, HMD, -0.10237, 1.21101, 0.36943, 0.19119, 0.02841, 0.95580, -0.22156
3763391,1578642399086462,1,1,1,1,0,1,1,1,1,0,0.34683228,-0.06234741,0.93583679,0.3285675,-0.07342529,0.94160461,34.63085938,0.27914429,-30.88935852,-23.90716553,1.15979004,-25.6652832,0,0.0,3.24198914,3.24198914,1.0,1.0,1578642399086399,252382286833, HMD, -0.10229, 1.21102, 0.36947, 0.19061, 0.02834, 0.95590, -0.22161
3763391,1578642399090466,1,1,1,1,0,1,1,1,1,0,0.34683228,-0.06234741,0.93583679,0.3285675,-0.07342529,0.94160461,34.63085938,0.27914429,-30.88935852,-23.90716553,1.15979004,-25.6652832,0,0.0,3.24198914,3.24198914,1.0,1.0,1578642399087632,252382299167, HMD, -0.10224, 1.21102, 0.36949, 0.19029, 0.02830, 0.95596, -0.22163
3763399,1578642399094942,1,1,1,1,0,1,1,1,1,0,0.34336853,-0.07060242,0.93652344,0.33135986,-0.0675354,0.94107056,34.62127686,0.28633118,-30.9380188,-23.96266174,1.12817383,-25.56991577,0,0.0,3.31788635,3.31788635,1.0,1.0,1578642399096711,252382389968, HMD, -0.10187, 1.21105, 0.36963, 0.18799, 0.02802, 0.95638, -0.22183
3763408,1578642399098933,1,1,1,1,0,1,1,1,1,0,0.33531189,-0.07093811,0.93942261,0.32794189,-0.07313538,0.94184875,34.61395264,0.2855072,-30.95223999,-23.99569702,1.09779358,-25.4770813,0,0.0,3.29858398,3.29858398,1.0,1.0,1578642399098941,252382412251, HMD, -0.10178, 1.21106, 0.36967, 0.18742, 0.02795, 0.95649, -0.22187
3763408,1578642399102935,1,1,1,1,0,1,1,1,1,0,0.33531189,-0.07093811,0.93942261,0.32794189,-0.07313538,0.94184875,34.61395264,0.2855072,-30.95223999,-23.99569702,1.09779358,-25.4770813,0,0.0,3.29858398,3.29858398,1.0,1.0,1578642399100332,252382426162, HMD, -0.10171, 1.21104, 0.36966, 0.18705, 0.02792, 0.95656, -0.22188
3763408,1578642399106931,1,1,1,1,0,1,1,1,1,0,0.33531189,-0.07093811,0.93942261,0.32794189,-0.07313538,0.94184875,34.61395264,0.2855072,-30.95223999,-23.99569702,1.09779358,-25.4770813,0,0.0,3.29858398,3.29858398,1.0,1.0,1578642399111055,252382533400, HMD, -0.10128, 1.21108, 0.36982, 0.18431, 0.02761, 0.95705, -0.22206
3763416,1578642399111451,1,1,1,1,0,1,1,1,1,0,0.33396912,-0.06550598,0.94029236,0.33766174,-0.07402039,0.93833923,34.60163879,0.27571106,-30.94317627,-24.01553345,1.12635803,-25.58648682,0,0.0,3.33818054,3.33818054,1.0,1.0,1578642399111608,252382538933, HMD, -0.10126, 1.21109, 0.36983, 0.18418, 0.02760, 0.95708, -0.22207
3763424,1578642399116395,1,1,1,1,0,1,1,1,1,0,0.33396912,-0.06550598,0.94029236,0.33766174,-0.07402039,0.93833923,34.60163879,0.27571106,-30.94317627,-24.01553345,1.12635803,-25.58648682,0,0.0,3.33818054,3.33818054,1.0,1.0,1578642399114335,252382566197, HMD, -0.10115, 1.21109, 0.36987, 0.18347, 0.02751, 0.95721, -0.22210
3763424,1578642399120396,1,1,1,1,0,1,1,1,1,0,0.33039856,-0.06451416,0.94161987,0.3271637,-0.08551025,0.94108582,34.58613586,0.2746582,-30.95654297,-24.05897522,1.07460022,-25.39665222,0,0.0,3.33558655,3.33558655,1.0,1.0,1578642399114335,252382566197, HMD, -0.10115, 1.21109, 0.36987, 0.18347, 0.02751, 0.95721, -0.22210
3763424,1578642399124401,1,1,1,1,0,1,1,1,1,0,0.33039856,-0.06451416,0.94161987,0.3271637,-0.08551025,0.94108582,34.58613586,0.2746582,-30.95654297,-24.05897522,1.07460022,-25.39665222,0,0.0,3.33558655,3.33558655,1.0,1.0,1578642399114335,252382566197, HMD, -0.10115, 1.21109, 0.36987, 0.18347, 0.02751, 0.95721, -0.22210
3763433,1578642399128383,1,1,1,1,0,1,1,1,1,0,0.32444763,-0.06100464,0.94392395,0.32875061,-0.06835938,0.94192505,34.56469727,0.2381897,-30.85333252,-24.09396362,0.92843628,-24.96759033,0,0.0,3.41551208,3.41551208,1.0,1.0,1578642399114335,252382566197, HMD, -0.10115, 1.21109, 0.36987, 0.18347, 0.02751, 0.95721, -0.22210
3763441,1578642399132390,1,1,1,1,0,1,1,1,1,0,0.32444763,-0.06100464,0.94392395,0.32875061,-0.06835938,0.94192505,34.56469727,0.2381897,-30.85333252,-24.09396362,0.92843628,-24.96759033,0,0.0,3.41551208,3.41551208,1.0,1.0,1578642399145475,252382877662, HMD, -0.09975, 1.21117, 0.37039, 0.17543, 0.02654, 0.95869, -0.22233
3763441,1578642399136389,1,1,1,1,0,1,1,1,1,0,0.32252502,-0.06385803,0.94439697,0.33520508,-0.0736084,0.93925476,34.5401001,0.25033569,-30.88981628,-24.12431335,1.01832581,-25.27738953,0,0.0,3.33761597,3.33761597,1.0,1.0,1578642399145475,252382877662, HMD, -0.09975, 1.21117, 0.37039, 0.17543, 0.02654, 0.95869, -0.22233
3763449,1578642399140399,1,1,1,1,0,1,1,1,1,0,0.32252502,-0.06385803,0.94439697,0.33520508,-0.0736084,0.93925476,34.5401001,0.25033569,-30.88981628,-24.12431335,1.01832581,-25.27738953,0,0.0,3.33761597,3.33761597,1.0,1.0,1578642399145475,252382877662, HMD, -0.09975, 1.21117, 0.37039, 0.17543, 0.02654, 0.95869, -0.22233
3763449,1578642399146394,1,1,1,1,0,1,1,1,1,0,0.31694031,-0.06651306,0.9460907,0.33033752,-0.06761169,0.94142151,34.51930237,0.27957153,-30.97793579,-24.15524292,0.89233398,-24.89149475,0,0.0,3.37307739,3.37307739,1.0,1.0,1578642399146345,252382886290, HMD, -0.09972, 1.21117, 0.37041, 0.17518, 0.02651, 0.95874, -0.22233
3763458,1578642399150395,1,1,1,1,0,1,1,1,1,0,0.31021118,-0.07032776,0.94804382,0.32899475,-0.06918335,0.94178772,34.49937439,0.29908752,-31.0350647,-24.20071411,0.85462952,-24.71595764,0,0.0,3.45399475,3.45399475,1.0,1.0,1578642399149025,252382913091, HMD, -0.09960, 1.21118, 0.37046, 0.17449, 0.02642, 0.95886, -0.22235
3763458,1578642399155396,1,1,1,1,0,1,1,1,1,0,0.31021118,-0.07032776,0.94804382,0.32899475,-0.06918335,0.94178772,34.49937439,0.29908752,-31.0350647,-24.20071411,0.85462952,-24.71595764,0,0.0,3.45399475,3.45399475,1.0,1.0,1578642399157786,252383000714, HMD, -0.09923, 1.21119, 0.37062, 0.17226, 0.02616, 0.95927, -0.22238
3763466,1578642399159390,1,1,1,1,0,1,1,1,1,0,0.31170654,-0.06358337,0.94802856,0.33137512,-0.06800842,0.94102478,34.48587036,0.3241272,-31.11405945,-24.22583008,0.88920593,-24.83074951,0,0.0,3.42272949,3.42272949,1.0,1.0,1578642399159410,252383016944, HMD, -0.09916, 1.21119, 0.37065, 0.17185, 0.02613, 0.95934, -0.22238
3763466,1578642399163395,1,1,1,1,0,1,1,1,1,0,0.31170654,-0.06358337,0.94802856,0.33137512,-0.06800842,0.94102478,34.48587036,0.3241272,-31.11405945,-24.22583008,0.88920593,-24.83074951,0,0.0,3.42272949,3.42272949,1.0,1.0,1578642399161099,252383033839, HMD, -0.09909, 1.21122, 0.37070, 0.17143, 0.02608, 0.95942, -0.22236
3763474,1578642399167384,1,1,1,1,0,1,1,1,1,0,0.31069946,-0.06645203,0.94818115,0.32011414,-0.07165527,0.94465637,34.47157288,0.30848694,-31.0697937,-24.24812317,0.94232178,-25.00921631,0,0.0,3.40036011,3.40036011,1.0,1.0,1578642399169229,252383115139, HMD, -0.09875, 1.21123, 0.37085, 0.16936, 0.02587, 0.95979, -0.22238
3763474,1578642399171383,1,1,1,1,0,1,1,1,1,0,0.31069946,-0.06645203,0.94818115,0.32011414,-0.07165527,0.94465637,34.47157288,0.30848694,-31.0697937,-24.24812317,0.94232178,-25.00921631,0,0.0,3.40036011,3.40036011,1.0,1.0,1578642399171324,252383136088, HMD, -0.09867, 1.21123, 0.37089, 0.16883, 0.02582, 0.95989, -0.22236
3763483,1578642399175401,1,1,1,1,0,1,1,1,1,0,0.32652283,-0.06532288,0.94291687,0.30271912,-0.07644653,0.94999695,34.37966919,-0.26899719,-29.26026917,-24.2624054,1.02792358,-25.32858276,0,0.0,3.4987793,3.4987793,1.0,1.0,1578642399172916,252383152006, HMD, -0.09860, 1.21123, 0.37092, 0.16844, 0.02578, 0.95996, -0.22237
3763483,1578642399179387,1,1,1,1,0,1,1,1,1,0,0.32652283,-0.06532288,0.94291687,0.30271912,-0.07644653,0.94999695,34.37966919,-0.26899719,-29.26026917,-24.2624054,1.02792358,-25.32858276,0,0.0,3.4987793,3.4987793,1.0,1.0,1578642399182808,252383250940, HMD, -0.09823, 1.21126, 0.37111, 0.16593, 0.02554, 0.96042, -0.22228
3763491,1578642399183385,1,1,1,1,0,1,1,1,1,0,0.33999634,-0.05104065,0.93902588,0.30586243,-0.07693481,0.94895935,34.35353088,-0.27159119,-29.25987244,-24.28671265,0.98965454,-25.22602844,0,0.0,3.38818359,3.38818359,1.0,1.0,1578642399183310,252383255947, HMD, -0.09821, 1.21126, 0.37112, 0.16581, 0.02553, 0.96044, -0.22227
3763491,1578642399187389,1,1,1,1,0,1,1,1,1,0,0.33999634,-0.05104065,0.93902588,0.30586243,-0.07693481,0.94895935,34.35353088,-0.27159119,-29.25987244,-24.28671265,0.98965454,-25.22602844,0,0.0,3.38818359,3.38818359,1.0,1.0,1578642399186885,252383291690, HMD, -0.09806, 1.21126, 0.37118, 0.16492, 0.02546, 0.96061, -0.22222
3763499,1578642399191392,1,1,1,1,0,1,1,1,1,0,0.3248291,-0.05648804,0.94407654,0.29266357,-0.07151794,0.95352173,34.31999207,-0.33956909,-29.05232239,-24.30101013,0.95254517,-25.10168457,0,0.0,3.52745056,3.52745056,1.0,1.0,1578642399186885,252383291690, HMD, -0.09806, 1.21126, 0.37118, 0.16492, 0.02546, 0.96061, -0.22222
3763516,1578642399208370,1,1,1,1,0,1,1,1,1,0,0.3190155,-0.05029297,0.94641113,0.28660583,-0.08027649,0.95466614,34.29190063,-0.36148071,-28.98695374,-24.31617737,0.86857605,-24.83288574,0,0.0,3.54992676,3.54992676,1.0,1.0,1578642399212543,252383548276, HMD, -0.09702, 1.21115, 0.37160, 0.15879, 0.02493, 0.96181, -0.22154
3763516,1578642399212391,1,1,1,1,0,1,1,1,1,0,0.31520081,-0.05770874,0.94725037,0.28479004,-0.0710144,0.95594788,34.27008057,-0.33183289,-29.08656311,-24.33018494,0.85949707,-24.82273865,0,0.0,3.53425598,3.53425598,1.0,1.0,1578642399212543,252383548276, HMD, -0.09702, 1.21115, 0.37160, 0.15879, 0.02493, 0.96181, -0.22154
3763524,1578642399217361,1,1,1,1,0,1,1,1,1,0,0.31028748,-0.06166077,0.94862366,0.35206604,-0.05644226,0.93426514,34.2615509,-0.31054688,-29.15936279,-24.52861023,0.08262634,-21.9879303,0,0.0,3.51054382,3.51054382,1.0,1.0,1578642399215397,252383576817, HMD, -0.09690, 1.21113, 0.37165, 0.15813, 0.02486, 0.96195, -0.22144
3763524,1578642399221391,1,1,1,1,0,1,1,1,1,0,0.31028748,-0.06166077,0.94862366,0.35206604,-0.05644226,0.93426514,34.2615509,-0.31054688,-29.15936279,-24.52861023,0.08262634,-21.9879303,0,0.0,3.51054382,3.51054382,1.0,1.0,1578642399223985,252383662704, HMD, -0.09650, 1.21107, 0.37181, 0.15615, 0.02468, 0.96236, -0.22106
3763533,1578642399226370,1,1,1,1,0,1,1,1,1,0,0.29664612,-0.05610657,0.95332336,0.33886719,-0.05551147,0.93917847,34.24702454,-0.30534363,-29.16601563,-24.51159668,0.01928711,-21.74554443,0,0.0,3.56356812,3.56356812,1.0,1.0,1578642399226435,252383687200, HMD, -0.09640, 1.21105, 0.37185, 0.15560, 0.02462, 0.96248, -0.22095
3763533,1578642399230367,1,1,1,1,0,1,1,1,1,0,0.29664612,-0.05610657,0.95332336,0.33886719,-0.05551147,0.93917847,34.24702454,-0.30534363,-29.16601563,-24.51159668,0.01928711,-21.74554443,0,0.0,3.56356812,3.56356812,1.0,1.0,1578642399227032,252383693159, HMD, -0.09637, 1.21105, 0.37186, 0.15546, 0.02461, 0.96251, -0.22093
3763541,1578642399235387,1,1,1,1,0,1,1,1,1,0,0.29496765,-0.06225586,0.95346069,0.33787537,-0.048172,0.93995667,34.22492981,-0.26045227,-29.25874329,-24.53364563,0.00798035,-21.69613647,0,0.0,3.56112671,3.56112671,1.0,1.0,1578642399242891,252383851784, HMD, -0.09576, 1.21098, 0.37217, 0.15188, 0.02423, 0.96324, -0.22024
3763541,1578642399239368,1,1,1,1,0,1,1,1,1,0,0.29496765,-0.06225586,0.95346069,0.33787537,-0.048172,0.93995667,34.22492981,-0.26045227,-29.25874329,-24.53364563,0.00798035,-21.69613647,0,0.0,3.56112671,3.56112671,1.0,1.0,1578642399242891,252383851784, HMD, -0.09576, 1.21098, 0.37217, 0.15188, 0.02423, 0.96324, -0.22024
3763549,1578642399243416,1,1,1,1,0,1,1,1,1,0,0.30107117,-0.06593323,0.9513092,0.3311615,-0.05413818,0.94200134,34.19374084,-0.23718262,-29.27708435,-24.5536499,0.01760864,-21.68641663,0,0.0,3.5458374,3.5458374,1.0,1.0,1578642399243439,252383857239, HMD, -0.09574, 1.21098, 0.37218, 0.15176, 0.02422, 0.96327, -0.22022
3763558,1578642399255940,1,1,1,1,0,1,1,1,1,0,0.30207825,-0.06349182,0.95115662,0.32000732,-0.04345703,0.94641113,34.16340637,-0.26960754,-29.14251709,-24.58605957,0.0259552,-21.62683105,0,0.0,3.54708862,3.54708862,1.0,1.0,1578642399256831,252383991175, HMD, -0.09522, 1.21090, 0.37242, 0.14884, 0.02395, 0.96385, -0.21971
3763566,1578642399259945,1,1,1,1,0,1,1,1,1,0,0.3006134,-0.05992126,0.95184326,0.32168579,-0.04534912,0.945755,34.13700867,-0.28804016,-29.03494263,-24.61074829,0.07839966,-21.75267029,0,0.0,3.62530518,3.62530518,1.0,1.0,1578642399259982,252384022668, HMD, -0.09511, 1.21086, 0.37246, 0.14815, 0.02388, 0.96398, -0.21961
3763566,1578642399263076,1,1,1,1,0,1,1,1,1,0,0.3006134,-0.05992126,0.95184326,0.32168579,-0.04534912,0.945755,34.13700867,-0.28804016,-29.03494263,-24.61074829,0.07839966,-21.75267029,0,0.0,3.62530518,3.62530518,1.0,1.0,1578642399259982,252384022668, HMD, -0.09511, 1.21086, 0.37246, 0.14815, 0.02388, 0.96398, -0.21961
3763574,1578642399268087,1,1,1,1,0,1,1,1,1,0,0.28944397,-0.05657959,0.95550537,0.31002808,-0.0425415,0.94976807,34.1078949,-0.33668518,-28.84648132,-24.63673401,0.04698181,-21.5901947,0,0.0,3.58334351,3.58334351,1.0,1.0,1578642399272427,252384147212, HMD, -0.09463, 1.21081, 0.37265, 0.14554, 0.02365, 0.96448, -0.21916
3763574,1578642399271807,1,1,1,1,0,1,1,1,1,0,0.28944397,-0.05657959,0.95550537,0.31002808,-0.0425415,0.94976807,34.1078949,-0.33668518,-28.84648132,-24.63673401,0.04698181,-21.5901947,0,0.0,3.58334351,3.58334351,1.0,1.0,1578642399272427,252384147212, HMD, -0.09463, 1.21081, 0.37265, 0.14554, 0.02365, 0.96448, -0.21916
3763582,1578642399276399,1,1,1,1,0,1,1,1,1,0,0.28684998,-0.05657959,0.95629883,0.30984497,-0.04090881,0.94989014,34.0839386,-0.39125061,-28.67068481,-24.65612793,0.05999756,-21.64668274,0,0.0,3.50253296,3.50253296,1.0,1.0,1578642399276415,252384186999, HMD, -0.09451, 1.21080, 0.37272, 0.14472, 0.02359, 0.96464, -0.21903
3763591,1578642399283325,1,1,1,1,0,1,1,1,1,0,0.28623962,-0.05528259,0.95655823,0.30787659,-0.05204773,0.94999695,34.05638123,-0.41491699,-28.56564331,-24.67881775,0.0957489,-21.75509644,0,0.0,3.5710144,3.5710144,1.0,1.0,1578642399288377,252384306613, HMD, -0.09408, 1.21073, 0.37290, 0.14231, 0.02336, 0.96511, -0.21856
3763591,1578642399286871,1,1,1,1,0,1,1,1,1,0,0.28623962,-0.05528259,0.95655823,0.30787659,-0.05204773,0.94999695,34.05638123,-0.41491699,-28.56564331,-24.67881775,0.0957489,-21.75509644,0,0.0,3.5710144,3.5710144,1.0,1.0,1578642399288377,252384306613, HMD, -0.09408, 1.21073, 0.37290, 0.14231, 0.02336, 0.96511, -0.21856
3763591,1578642399290867,1,1,1,1,0,1,1,1,1,0,0.28623962,-0.05528259,0.95655823,0.30787659,-0.05204773,0.94999695,34.05638123,-0.41491699,-28.56564331,-24.67881775,0.0957489,-21.75509644,0,0.0,3.5710144,3.5710144,1.0,1.0,1578642399290817,252384331012, HMD, -0.09399, 1.21071, 0.37294, 0.14183, 0.02332, 0.96520, -0.21847
3763599,1578642399294906,1,1,1,1,0,1,1,1,1,0,0.28500366,-0.0460968,0.95741272,0.2980957,-0.0471344,0.95336914,34.04043579,-0.44189453,-28.49266052,-24.69395447,0.10430908,-21.79327393,0,0.0,3.62240601,3.62240601,1.0,1.0,1578642399291518,252384338022, HMD, -0.09396, 1.21071, 0.37295, 0.14170, 0.02330, 0.96523, -0.21844
3763599,1578642399298324,1,1,1,1,0,1,1,1,1,0,0.28500366,-0.0460968,0.95741272,0.2980957,-0.0471344,0.95336914,34.04043579,-0.44189453,-28.49266052,-24.69395447,0.10430908,-21.79327393,0,0.0,3.62240601,3.62240601,1.0,1.0,1578642399291518,252384338022, HMD, -0.09396, 1.21071, 0.37295, 0.14170, 0.02330, 0.96523, -0.21844
3763607,1578642399302343,1,1,1,1,0,1,1,1,1,0,0.26716614,-0.03938293,0.96282959,0.30303955,-0.05717468,0.95124817,34.03668213,-0.37747192,-28.69775391,-24.7147522,0.14729309,-21.92019653,0,0.0,3.48002625,3.48002625,1.0,1.0,1578642399310097,252384523847, HMD, -0.09326, 1.21056, 0.37323, 0.13822, 0.02287, 0.96592, -0.21765
3763607,1578642399306349,1,1,1,1,0,1,1,1,1,0,0.26716614,-0.03938293,0.96282959,0.30303955,-0.05717468,0.95124817,34.03668213,-0.37747192,-28.69775391,-24.7147522,0.14729309,-21.92019653,0,0.0,3.48002625,3.48002625,1.0,1.0,1578642399310097,252384523847, HMD, -0.09326, 1.21056, 0.37323, 0.13822, 0.02287, 0.96592, -0.21765
3763616,1578642399310699,1,1,1,1,0,1,1,1,1,0,0.26106262,-0.04873657,0.96408081,0.30187988,-0.05470276,0.95176697,34.02015686,-0.35362244,-28.75097656,-24.73847961,0.12405396,-21.83370972,0,0.0,3.56620789,3.56620789,1.0,1.0,1578642399310639,252384529233, HMD, -0.09324, 1.21056, 0.37324, 0.13812, 0.02285, 0.96594, -0.21762
3763632,1578642399327955,1,1,1,1,0,1,1,1,1,0,0.2515564,-0.05273438,0.96640015,0.30096436,-0.05523682,0.95202637,34.00291443,-0.19181824,-29.2121582,-24.77607727,0.11412048,-21.77589417,0,0.0,3.60244751,3.60244751,1.0,1.0,1578642399328898,252384711834, HMD, -0.09262, 1.21041, 0.37355, 0.13480, 0.02225, 0.96663, -0.21671
3763632,1578642399331124,1,1,1,1,0,1,1,1,1,0,0.2515564,-0.05273438,0.96640015,0.30096436,-0.05523682,0.95202637,34.00291443,-0.19181824,-29.2121582,-24.77607727,0.11412048,-21.77589417,0,0.0,3.60244751,3.60244751,1.0,1.0,1578642399331095,252384733792, HMD, -0.09253, 1.21039, 0.37358, 0.13441, 0.02217, 0.96671, -0.21661
3763641,1578642399335217,1,1,1,1,0,1,1,1,1,0,0.25785828,-0.05207825,0.96476746,0.21565247,-0.05964661,0.97463989,34.02362061,-0.27418518,-28.95626831,-24.56121826,0.92199707,-24.7527771,0,0.0,3.64007568,3.64007568,1.0,1.0,1578642399332762,252384750464, HMD, -0.09247, 1.21038, 0.37361, 0.13411, 0.02210, 0.96677, -0.21651
3763641,1578642399339199,1,1,1,1,0,1,1,1,1,0,0.25785828,-0.05207825,0.96476746,0.21565247,-0.05964661,0.97463989,34.02362061,-0.27418518,-28.95626831,-24.56121826,0.92199707,-24.7527771,0,0.0,3.64007568,3.64007568,1.0,1.0,1578642399342599,252384848871, HMD, -0.09216, 1.21032, 0.37381, 0.13233, 0.02168, 0.96715, -0.21598
3763649,1578642399342579,1,1,1,1,0,1,1,1,1,0,0.28910828,-0.06864929,0.95481873,0.24198914,-0.05610657,0.96864319,34.12214661,-0.01890564,-29.74688721,-24.42327881,0.84326172,-24.63366699,0,0.0,3.59840393,3.59840393,1.0,1.0,1578642399342599,252384848871, HMD, -0.09216, 1.21032, 0.37381, 0.13233, 0.02168, 0.96715, -0.21598
3763649,1578642399347689,1,1,1,1,0,1,1,1,1,0,0.28910828,-0.06864929,0.95481873,0.24198914,-0.05610657,0.96864319,34.12214661,-0.01890564,-29.74688721,-24.42327881,0.84326172,-24.63366699,0,0.0,3.59840393,3.59840393,1.0,1.0,1578642399345992,252384882762, HMD, -0.09203, 1.21029, 0.37387, 0.13169, 0.02154, 0.96728, -0.21579
3763657,1578642399351681,1,1,1,1,0,1,1,1,1,0,0.31140137,-0.0589447,0.94844055,0.32292175,-0.06069946,0.94447327,34.37242126,0.73312378,-32.10395813,-24.17903137,0.87930298,-24.74583435,0,0.0,3.56742859,3.56742859,1.0,1.0,1578642399345992,252384882762, HMD, -0.09203, 1.21029, 0.37387, 0.13169, 0.02154, 0.96728, -0.21579
3763666,1578642399358457,1,1,1,1,0,1,1,1,1,0,0.33981323,-0.05480957,0.93888855,0.35839844,-0.05358887,0.93202209,34.56195068,0.65908813,-31.76249695,-23.75138855,0.89849854,-24.80705261,0,0.0,3.53686523,3.53686523,1.0,1.0,1578642399345992,252384882762, HMD, -0.09203, 1.21029, 0.37387, 0.13169, 0.02154, 0.96728, -0.21579
3763674,1578642399370311,1,1,1,1,0,1,1,1,1,0,0.37644958,-0.03433228,0.92578125,0.40525818,-0.0559082,0.91247559,34.75389099,0.59072876,-31.56929016,-23.48085022,1.01324463,-25.21304321,0,0.0,3.49797058,3.49797058,1.0,1.0,1578642399373581,252385158682, HMD, -0.09096, 1.20999, 0.37436, 0.12625, 0.02012, 0.96840, -0.21413
3763674,1578642399374302,1,1,1,1,0,1,1,1,1,0,0.37644958,-0.03433228,0.92578125,0.40525818,-0.0559082,0.91247559,34.75389099,0.59072876,-31.56929016,-23.48085022,1.01324463,-25.21304321,0,0.0,3.49797058,3.49797058,1.0,1.0,1578642399374256,252385165407, HMD, -0.09093, 1.20998, 0.37438, 0.12610, 0.02008, 0.96843, -0.21409
3763682,1578642399378309,1,1,1,1,0,1,1,1,1,0,0.42617798,-0.0466156,0.90342712,0.44271851,-0.04579163,0.89547729,34.85238647,0.41740417,-31.03128052,-23.29151917,0.91041565,-24.85188293,0,0.0,3.55682373,3.55682373,1.0,1.0,1578642399377691,252385199756, HMD, -0.09080, 1.20994, 0.37444, 0.12539, 0.01987, 0.96858, -0.21384
3763682,1578642399383885,1,1,1,1,0,1,1,1,1,0,0.44238281,-0.05403137,0.89518738,0.4413147,-0.04139709,0.89637756,34.91893005,0.44126892,-31.10084534,-23.23646545,0.91308594,-24.92329407,0,0.0,3.69273376,3.69273376,1.0,1.0,1578642399377691,252385199756, HMD, -0.09080, 1.20994, 0.37444, 0.12539, 0.01987, 0.96858, -0.21384
3763691,1578642399389871,1,1,1,1,0,1,1,1,1,0,0.44238281,-0.05403137,0.89518738,0.4413147,-0.04139709,0.89637756,34.91893005,0.44126892,-31.10084534,-23.23646545,0.91308594,-24.92329407,0,0.0,3.69273376,3.69273376,1.0,1.0,1578642399377691,252385199756, HMD, -0.09080, 1.20994, 0.37444, 0.12539, 0.01987, 0.96858, -0.21384
3763699,1578642399397577,1,1,1,1,0,1,1,1,1,0,0.4443512,-0.05307007,0.89427185,0.43733215,-0.03715515,0.89852905,34.94374084,0.48753357,-31.28860474,-23.26499939,0.95410156,-25.08364868,0,0.0,3.63719177,3.63719177,1.0,1.0,1578642399406274,252385485675, HMD, -0.08965, 1.20946, 0.37500, 0.11885, 0.01780, 0.97002, -0.21122
3763707,1578642399401594,1,1,1,1,0,1,1,1,1,0,0.4440155,-0.04627991,0.89480591,0.43339539,-0.04507446,0.90005493,34.92024231,0.17724609,-30.39984131,-23.31938171,0.95657349,-25.1403656,0,0.0,3.68133545,3.68133545,1.0,1.0,1578642399406274,252385485675, HMD, -0.08965, 1.20946, 0.37500, 0.11885, 0.01780, 0.97002, -0.21122
3763707,1578642399407583,1,1,1,1,0,1,1,1,1,0,0.4440155,-0.04627991,0.89480591,0.43339539,-0.04507446,0.90005493,34.92024231,0.17724609,-30.39984131,-23.31938171,0.95657349,-25.1403656,0,0.0,3.68133545,3.68133545,1.0,1.0,1578642399407575,252385498594, HMD, -0.08959, 1.20944, 0.37502, 0.11853, 0.01769, 0.97009, -0.21108
3763716,1578642399411554,1,1,1,1,0,1,1,1,1,0,0.42626953,-0.05160522,0.90310669,0.43255615,-0.04499817,0.90046692,34.93807983,0.49386597,-31.35171509,-23.36621094,0.91571045,-25.01034546,0,0.0,3.65556335,3.65556335,1.0,1.0,1578642399410338,252385526220, HMD, -0.08947, 1.20938, 0.37508, 0.11787, 0.01747, 0.97024, -0.21079
3763724,1578642399416557,1,1,1,1,0,1,1,1,1,0,0.42861938,-0.0544281,0.90182495,0.43742371,-0.04373169,0.8981781,34.92771912,0.48764038,-31.3230896,-23.40908813,0.85978699,-24.75679016,0,0.0,3.65887451,3.65887451,1.0,1.0,1578642399422657,252385649470, HMD, -0.08893, 1.20917, 0.37532, 0.11477, 0.01644, 0.97094, -0.20936
3763724,1578642399420566,1,1,1,1,0,1,1,1,1,0,0.42861938,-0.0544281,0.90182495,0.43742371,-0.04373169,0.8981781,34.92771912,0.48764038,-31.3230896,-23.40908813,0.85978699,-24.75679016,0,0.0,3.65887451,3.65887451,1.0,1.0,1578642399422657,252385649470, HMD, -0.08893, 1.20917, 0.37532, 0.11477, 0.01644, 0.97094, -0.20936
3763724,1578642399424566,1,1,1,1,0,1,1,1,1,0,0.4228363,-0.05465698,0.90454102,0.42929077,-0.0461731,0.90197754,34.92327881,0.45657349,-31.22764587,-23.43107605,0.92460632,-24.95683289,0,0.0,3.64564514,3.64564514,1.0,1.0,1578642399424518,252385668028, HMD, -0.08884, 1.20913, 0.37535, 0.11428, 0.01628, 0.97105, -0.20913
3763732,1578642399430581,1,1,1,1,0,1,1,1,1,0,0.4228363,-0.05465698,0.90454102,0.42929077,-0.0461731,0.90197754,34.92327881,0.45657349,-31.22764587,-23.43107605,0.92460632,-24.95683289,0,0.0,3.64564514,3.64564514,1.0,1.0,1578642399427126,252385694107, HMD, -0.08872, 1.20907, 0.37541, 0.11361, 0.01604, 0.97120, -0.20881
3763741,1578642399434573,1,1,1,1,0,1,1,1,1,0,0.41639709,-0.05822754,0.90730286,0.42376709,-0.05741882,0.90394592,34.91610718,0.43121338,-31.13453674,-23.44866943,0.96842957,-25.07910156,0,0.0,3.69697571,3.69697571,1.0,1.0,1578642399427126,252385694107, HMD, -0.08872, 1.20907, 0.37541, 0.11361, 0.01604, 0.97120, -0.20881
3763757,1578642399450552,1,1,1,1,0,1,1,1,1,0,0.4085083,-0.04747009,0.91151428,0.41104126,-0.04266357,0.91059875,34.90032959,0.35986328,-30.89814758,-23.49530029,0.95898438,-25.05000305,0,0.0,3.67314148,3.67314148,1.0,1.0,1578642399469479,252386117737, HMD, -0.08672, 1.20817, 0.37619, 0.10195, 0.01195, 0.97372, -0.20330
3763757,1578642399454979,1,1,1,1,0,1,1,1,1,0,0.4085083,-0.04747009,0.91151428,0.41104126,-0.04266357,0.91059875,34.90032959,0.35986328,-30.89814758,-23.49530029,0.95898438,-25.05000305,0,0.0,3.67314148,3.67314148,1.0,1.0,1578642399469479,252386117737, HMD, -0.08672, 1.20817, 0.37619, 0.10195, 0.01195, 0.97372, -0.20330
3763766,1578642399460995,1,1,1,1,0,1,1,1,1,0,0.40945435,-0.04171753,0.91136169,0.39241028,-0.0241394,0.91946411,34.88948059,0.35964966,-30.90367126,-23.51109314,0.94532776,-25.00778198,0,0.0,3.71382141,3.71382141,1.0,1.0,1578642399469479,252386117737, HMD, -0.08672, 1.20817, 0.37619, 0.10195, 0.01195, 0.97372, -0.20330
3763766,1578642399464989,1,1,1,1,0,1,1,1,1,0,0.40945435,-0.04171753,0.91136169,0.39241028,-0.0241394,0.91946411,34.88948059,0.35964966,-30.90367126,-23.51109314,0.94532776,-25.00778198,0,0.0,3.71382141,3.71382141,1.0,1.0,1578642399469479,252386117737, HMD, -0.08672, 1.20817, 0.37619, 0.10195, 0.01195, 0.97372, -0.20330
3763774,1578642399468938,1,1,1,1,0,1,1,1,1,0,0.39775085,-0.03718567,0.91673279,0.38630676,-0.02996826,0.921875,34.87983704,0.40942383,-31.0774231,-23.54618835,0.85681152,-24.65327454,0,0.0,3.68621826,3.68621826,1.0,1.0,1578642399469479,252386117737, HMD, -0.08672, 1.20817, 0.37619, 0.10195, 0.01195, 0.97372, -0.20330
3763774,1578642399473246,1,1,1,1,0,1,1,1,1,0,0.39775085,-0.03718567,0.91673279,0.38630676,-0.02996826,0.921875,34.87983704,0.40942383,-31.0774231,-23.54618835,0.85681152,-24.65327454,0,0.0,3.68621826,3.68621826,1.0,1.0,1578642399473331,252386156154, HMD, -0.08653, 1.20808, 0.37626, 0.10084, 0.01156, 0.97395, -0.20279
3763782,1578642399477233,1,1,1,1,0,1,1,1,1,0,0.39341736,-0.03872681,0.91853333,0.39599609,-0.025177,0.91789246,34.87228394,0.49005127,-31.3369751,-23.58216858,0.81820679,-24.44644165,0,0.0,3.69497681,3.69497681,1.0,1.0,1578642399474737,252386170213, HMD, -0.08646, 1.20805, 0.37629, 0.10044, 0.01142, 0.97403, -0.20260
3763782,1578642399481213,1,1,1,1,0,1,1,1,1,0,0.39341736,-0.03872681,0.91853333,0.39599609,-0.025177,0.91789246,34.87228394,0.49005127,-31.3369751,-23.58216858,0.81820679,-24.44644165,0,0.0,3.69497681,3.69497681,1.0,1.0,1578642399474737,252386170213, HMD, -0.08646, 1.20805, 0.37629, 0.10044, 0.01142, 0.97403, -0.20260
3763791,1578642399487222,1,1,1,1,0,1,1,1,1,0,0.37835693,-0.02651978,0.92527771,0.39671326,-0.01498413,0.91781616,34.85676575,0.58979797,-31.66108704,-23.62145996,0.70091248,-24.02070618,0,0.0,3.56503296,3.56503296,1.0,1.0,1578642399490658,252386329442, HMD, -0.08576, 1.20771, 0.37662, 0.09590, 0.00987, 0.97494, -0.20049
3763799,1578642399491225,1,1,1,1,0,1,1,1,1,0,0.36102295,-0.0279541,0.93212891,0.37461853,-0.03057861,0.92666626,34.83079529,0.63247681,-31.77957153,-23.65393066,0.79631042,-24.28062439,0,0.0,3.61387634,3.61387634,1.0,1.0,1578642399491158,252386334426, HMD, -0.08574, 1.20770, 0.37663, 0.09576, 0.00982, 0.97497, -0.20042
3763799,1578642399497017,1,1,1,1,0,1,1,1,1,0,0.36102295,-0.0279541,0.93212891,0.37461853,-0.03057861,0.92666626,34.83079529,0.63247681,-31.77957153,-23.65393066,0.79631042,-24.28062439,0,0.0,3.61387634,3.61387634,1.0,1.0,1578642399495426,252386377109, HMD, -0.08554, 1.20761, 0.37671, 0.09458, 0.00945, 0.97520, -0.19988
3763807,1578642399501695,1,1,1,1,0,1,1,1,1,0,0.36016846,-0.03137207,0.93234253,0.37316895,-0.01989746,0.92753601,34.7984314,0.65562439,-31.83029175,-23.6937561,0.88537598,-24.53277588,0,0.0,3.64680481,3.64680481,1.0,1.0,1578642399495426,252386377109, HMD, -0.08554, 1.20761, 0.37671, 0.09458, 0.00945, 0.97520, -0.19988
3763807,1578642399508168,1,1,1,1,0,1,1,1,1,0,0.34924316,-0.02256775,0.93675232,0.37138367,-0.01821899,0.92829895,34.77781677,0.66973877,-31.86802673,-23.74046326,1.05448914,-25.04518127,0,0.0,3.71894836,3.71894836,1.0,1.0,1578642399520378,252386626655, HMD, -0.08444, 1.20710, 0.37714, 0.08795, 0.00761, 0.97648, -0.19669
3763807,1578642399512207,1,1,1,1,0,1,1,1,1,0,0.34924316,-0.02256775,0.93675232,0.37138367,-0.01821899,0.92829895,34.77781677,0.66973877,-31.86802673,-23.74046326,1.05448914,-25.04518127,0,0.0,3.71894836,3.71894836,1.0,1.0,1578642399520378,252386626655, HMD, -0.08444, 1.20710, 0.37714, 0.08795, 0.00761, 0.97648, -0.19669
3763824,1578642399521207,1,1,1,1,0,1,1,1,1,0,0.34828186,-0.01942444,0.93717957,0.3666687,-0.01431274,0.93023682,34.76683044,0.62922668,-31.73753357,-23.77679443,1.10847473,-25.24693298,0,0.0,3.64009094,3.64009094,1.0,1.0,1578642399521135,252386634192, HMD, -0.08441, 1.20709, 0.37716, 0.08775, 0.00756, 0.97652, -0.19660
3763832,1578642399525193,1,1,1,1,0,1,1,1,1,0,0.3540802,-0.02354431,0.93490601,0.37167358,-0.02468872,0.92802429,34.76385498,0.58415222,-31.58860779,-23.80860901,1.17141724,-25.43110657,0,0.0,3.57243347,3.57243347,1.0,1.0,1578642399524978,252386672625, HMD, -0.08423, 1.20702, 0.37722, 0.08675, 0.00731, 0.97672, -0.19607
3763832,1578642399533222,1,1,1,1,0,1,1,1,1,0,0.3510437,-0.02552795,0.93600464,0.34654236,-0.02267456,0.93774414,34.76579285,0.59698486,-31.64059448,-23.83282471,1.11009216,-25.19718933,0,0.0,3.55664063,3.55664063,1.0,1.0,1578642399524978,252386672625, HMD, -0.08423, 1.20702, 0.37722, 0.08675, 0.00731, 0.97672, -0.19607
3763841,1578642399537220,1,1,1,1,0,1,1,1,1,0,0.3510437,-0.02552795,0.93600464,0.34654236,-0.02267456,0.93774414,34.76579285,0.59698486,-31.64059448,-23.83282471,1.11009216,-25.19718933,0,0.0,3.55664063,3.55664063,1.0,1.0,1578642399524978,252386672625, HMD, -0.08423, 1.20702, 0.37722, 0.08675, 0.00731, 0.97672, -0.19607
3763849,1578642399546194,1,1,1,1,0,1,1,1,1,0,0.349823,-0.02810669,0.93638611,0.35874939,-0.01919556,0.93322754,34.76385498,0.58415222,-31.58860779,-23.84362793,0.99594116,-24.85325623,0,0.0,3.56968689,3.56968689,1.0,1.0,1578642399554269,252386965559, HMD, -0.08289, 1.20638, 0.37766, 0.07906, 0.00567, 0.97826, -0.19165
3763857,1578642399550220,1,1,1,1,0,1,1,1,1,0,0.340271,-0.02648926,0.93994141,0.3243103,-0.01716614,0.94578552,34.754776,0.4752655,-31.33415222,-23.83631897,1.07312012,-25.1471405,0,0.0,3.62086487,3.62086487,1.0,1.0,1578642399554269,252386965559, HMD, -0.08289, 1.20638, 0.37766, 0.07906, 0.00567, 0.97826, -0.19165
3763857,1578642399557188,1,1,1,1,0,1,1,1,1,0,0.340271,-0.02648926,0.93994141,0.3243103,-0.01716614,0.94578552,34.754776,0.4752655,-31.33415222,-23.83631897,1.07312012,-25.1471405,0,0.0,3.62086487,3.62086487,1.0,1.0,1578642399557191,252386994754, HMD, -0.08279, 1.20632, 0.37771, 0.07828, 0.00552, 0.97842, -0.19115
3763866,1578642399561193,1,1,1,1,0,1,1,1,1,0,0.34135437,-0.01979065,0.93971252,0.31384277,-0.01049805,0.94940186,34.75498962,0.38452148,-31.10772705,-23.8404541,1.15362549,-25.48168945,0,0.0,3.69119263,3.69119263,1.0,1.0,1578642399557479,252386997636, HMD, -0.08278, 1.20631, 0.37772, 0.07820, 0.00551, 0.97844, -0.19110
3763866,1578642399566180,1,1,1,1,0,1,1,1,1,0,0.34135437,-0.01979065,0.93971252,0.31384277,-0.01049805,0.94940186,34.75498962,0.38452148,-31.10772705,-23.8404541,1.15362549,-25.48168945,0,0.0,3.69119263,3.69119263,1.0,1.0,1578642399569733,252387120208, HMD, -0.08221, 1.20597, 0.37788, 0.07487, 0.00484, 0.97915, -0.18878
3763874,1578642399569196,1,1,1,1,0,1,1,1,1,0,0.33061218,-0.02029419,0.94354248,0.32499695,-0.01631165,0.9455719,34.70735168,0.36192322,-31.2297821,-23.88726807,1.00317383,-25.15579224,0,0.0,3.7300415,3.7300415,1.0,1.0,1578642399569733,252387120208, HMD, -0.08221, 1.20597, 0.37788, 0.07487, 0.00484, 0.97915, -0.18878
3763874,1578642399573202,1,1,1,1,0,1,1,1,1,0,0.33061218,-0.02029419,0.94354248,0.32499695,-0.01631165,0.9455719,34.70735168,0.36192322,-31.2297821,-23.88726807,1.00317383,-25.15579224,0,0.0,3.7300415,3.7300415,1.0,1.0,1578642399573212,252387154963, HMD, -0.08204, 1.20586, 0.37794, 0.07391, 0.00466, 0.97936, -0.18808
3763882,1578642399577203,1,1,1,1,0,1,1,1,1,0,0.32498169,-0.02548218,0.94537354,0.27938843,-0.03318787,0.95959473,34.42222595,-0.18978882,-29.8039856,-24.06428528,0.96640015,-25.5100708,0,0.0,3.764328,3.764328,1.0,1.0,1578642399574472,252387167564, HMD, -0.08198, 1.20582, 0.37796, 0.07356, 0.00459, 0.97943, -0.18782
3763882,1578642399581205,1,1,1,1,0,1,1,1,1,0,0.32498169,-0.02548218,0.94537354,0.27938843,-0.03318787,0.95959473,34.42222595,-0.18978882,-29.8039856,-24.06428528,0.96640015,-25.5100708,0,0.0,3.764328,3.764328,1.0,1.0,1578642399574472,252387167564, HMD, -0.08198, 1.20582, 0.37796, 0.07356, 0.00459, 0.97943, -0.18782
3763891,1578642399585241,1,1,1,1,0,1,1,1,1,0,0.28697205,-0.06436157,0.95576477,0.23727417,-0.08892822,0.96734619,34.07180786,-0.69822693,-28.66123962,-24.27261353,0.89724731,-25.85731506,0,0.0,3.68725586,3.68725586,1.0,1.0,1578642399574472,252387167564, HMD, -0.08198, 1.20582, 0.37796, 0.07356, 0.00459, 0.97943, -0.18782
3763891,1578642399591205,1,1,1,1,0,1,1,1,1,0,0.28697205,-0.06436157,0.95576477,0.23727417,-0.08892822,0.96734619,34.07180786,-0.69822693,-28.66123962,-24.27261353,0.89724731,-25.85731506,0,0.0,3.68725586,3.68725586,1.0,1.0,1578642399574472,252387167564, HMD, -0.08198, 1.20582, 0.37796, 0.07356, 0.00459, 0.97943, -0.18782
3763899,1578642399595879,1,1,1,1,0,1,1,1,1,0,0.23083496,-0.14035034,0.96279907,0.24971008,-0.13195801,0.95927429,33.82322693,-0.44685364,-29.88427734,-24.53263855,0.09701538,-23.79196167,0,0.0,3.74325562,3.74325562,1.0,1.0,1578642399615213,252387575005, HMD, -0.08001, 1.20436, 0.37855, 0.06226, 0.00264, 0.98198, -0.17842
3763907,1578642399604862,1,1,1,1,0,1,1,1,1,0,0.20594788,-0.18789673,0.96034241,0.24128723,-0.1889801,0.95185852,33.57907104,-0.5149231,-30.16360474,-24.69825745,-0.30532837,-22.8809967,0,0.0,3.76397705,3.76397705,1.0,1.0,1578642399615213,252387575005, HMD, -0.08001, 1.20436, 0.37855, 0.06226, 0.00264, 0.98198, -0.17842
3763907,1578642399608870,1,1,1,1,0,1,1,1,1,0,0.15985107,-0.22035217,0.96221924,0.20924377,-0.24888611,0.94564819,33.39012146,-0.6002655,-30.32879639,-24.8318634,-0.51730347,-22.31536865,0,0.0,3.69682312,3.69682312,1.0,1.0,1578642399615213,252387575005, HMD, -0.08001, 1.20436, 0.37855, 0.06226, 0.00264, 0.98198, -0.17842
3763916,1578642399612864,1,1,1,1,0,1,1,1,1,0,0.15985107,-0.22035217,0.96221924,0.20924377,-0.24888611,0.94564819,33.39012146,-0.6002655,-30.32879639,-24.8318634,-0.51730347,-22.31536865,0,0.0,3.69682312,3.69682312,1.0,1.0,1578642399615213,252387575005, HMD, -0.08001, 1.20436, 0.37855, 0.06226, 0.00264, 0.98198, -0.17842
3763924,1578642399616857,1,1,1,1,0,1,1,1,1,0,0.17193604,-0.28094482,0.94418335,0.17306519,-0.29644775,0.93922424,33.21609497,-1.03424072,-29.24795532,-24.89727783,-0.61070251,-22.38623047,0,0.0,3.67871094,3.67871094,1.0,1.0,1578642399616891,252387591755, HMD, -0.07996, 1.20430, 0.37858, 0.06177, 0.00257, 0.98209, -0.17801
3763924,1578642399620880,1,1,1,1,0,1,1,1,1,0,0.17193604,-0.28094482,0.94418335,0.17306519,-0.29644775,0.93922424,33.21609497,-1.03424072,-29.24795532,-24.89727783,-0.61070251,-22.38623047,0,0.0,3.67871094,3.67871094,1.0,1.0,1578642399619467,252387617516, HMD, -0.07985, 1.20419, 0.37860, 0.06099, 0.00243, 0.98226, -0.17732
3763932,1578642399628854,1,1,1,1,0,1,1,1,1,0,0.14894104,-0.30412292,0.94090271,0.15835571,-0.31257629,0.93658447,33.15971375,-0.97520447,-29.5552063,-24.90899658,-0.54504395,-22.93077087,0,0.0,3.70365906,3.70365906,1.0,1.0,1578642399619467,252387617516, HMD, -0.07985, 1.20419, 0.37860, 0.06099, 0.00243, 0.98226, -0.17732
3763932,1578642399632846,1,1,1,1,0,1,1,1,1,0,0.14369202,-0.31088257,0.93951416,0.13879395,-0.31408691,0.93917847,33.1673584,-0.93222046,-29.56842041,-24.96183777,-0.53717041,-22.90513611,0,0.0,3.75553894,3.75553894,1.0,1.0,1578642399619467,252387617516, HMD, -0.07985, 1.20419, 0.37860, 0.06099, 0.00243, 0.98226, -0.17732
3763974,1578642399674849,1,1,1,1,0,1,1,1,1,0,0.11146545,-0.27548218,0.95481873,0.12550354,-0.29571533,0.94699097,33.13452148,-0.80244446,-29.65325928,-25.23265076,-0.4140625,-22.92642212,0,0.0,3.75645447,3.75645447,0.88023347,0.68006051,1578642399677906,252388201918, HMD, -0.07706, 1.20176, 0.37952, 0.04296, -0.00104, 0.98588, -0.16186
3763982,1578642399678365,1,1,1,1,0,1,1,1,1,0,0.11146545,-0.27548218,0.95481873,0.12550354,-0.29571533,0.94699097,33.13452148,-0.80244446,-29.65325928,-25.23265076,-0.4140625,-22.92642212,0,0.0,3.75645447,3.75645447,0.88023347,0.68006051,1578642399678300,252388205843, HMD, -0.07704, 1.20175, 0.37953, 0.04282, -0.00107, 0.98591, -0.16171
3763982,1578642399682375,1,1,1,1,0,1,1,1,1,0,0.11146545,-0.27548218,0.95481873,0.12550354,-0.29571533,0.94699097,33.13452148,-0.80244446,-29.65325928,-25.23265076,-0.4140625,-22.92642212,0,0.0,3.75645447,3.75645447,0.88023347,0.68006051,1578642399682203,252388244874, HMD, -0.07688, 1.20156, 0.37963, 0.04163, -0.00133, 0.98613, -0.16069
3763991,1578642399685965,1,1,1,1,0,1,1,1,1,0,0.09291077,-0.2587738,0.96144104,0.114151,-0.27476501,0.95469666,33.10749817,-0.83865356,-29.46913147,-25.32305908,-0.44438171,-22.69238281,0,0.0,3.68174744,3.68174744,0.88152593,0.71179748,1578642399682203,252388244874, HMD, -0.07688, 1.20156, 0.37963, 0.04163, -0.00133, 0.98613, -0.16069
3763991,1578642399689968,1,1,1,1,0,1,1,1,1,0,0.09291077,-0.2587738,0.96144104,0.114151,-0.27476501,0.95469666,33.10749817,-0.83865356,-29.46913147,-25.32305908,-0.44438171,-22.69238281,0,0.0,3.68174744,3.68174744,0.88152593,0.71179748,1578642399694982,252388372692, HMD, -0.07624, 1.20103, 0.37987, 0.03787, -0.00217, 0.98680, -0.15741
3763999,1578642399693252,1,1,1,1,0,1,1,1,1,0,0.09211731,-0.24940491,0.96400452,0.10374451,-0.27084351,0.95700073,33.08570862,-0.82426453,-29.45109558,-25.39993286,-0.33482361,-22.93589783,0,0.0,3.79444885,3.79444885,0.88152593,0.71179748,1578642399694982,252388372692, HMD, -0.07624, 1.20103, 0.37987, 0.03787, -0.00217, 0.98680, -0.15741
3763999,1578642399697513,1,1,1,1,0,1,1,1,1,0,0.09211731,-0.24940491,0.96400452,0.10374451,-0.27084351,0.95700073,33.08570862,-0.82426453,-29.45109558,-25.39993286,-0.33482361,-22.93589783,0,0.0,3.79444885,3.79444885,0.88152593,0.71179748,1578642399697536,252388398208, HMD, -0.07614, 1.20095, 0.37992, 0.03711, -0.00233, 0.98694, -0.15676
3764007,1578642399701981,1,1,1,1,0,1,1,1,1,0,0.0945282,-0.25953674,0.96109009,0.09269714,-0.27604675,0.95664978,33.0533905,-0.76132202,-29.5881958,-25.46556091,-0.31703186,-22.85794067,0,0.0,3.69146729,3.69146729,0.876275,0.696105,1578642399699353,252388416372, HMD, -0.07601, 1.20087, 0.37994, 0.03658, -0.00247, 0.98704, -0.15625
3764007,1578642399705506,1,1,1,1,0,1,1,1,1,0,0.0945282,-0.25953674,0.96109009,0.09269714,-0.27604675,0.95664978,33.0533905,-0.76132202,-29.5881958,-25.46556091,-0.31703186,-22.85794067,0,0.0,3.69146729,3.69146729,0.876275,0.696105,1578642399699353,252388416372, HMD, -0.07601, 1.20087, 0.37994, 0.03658, -0.00247, 0.98704, -0.15625
3764016,1578642399709511,1,1,1,1,0,1,1,1,1,0,0.08682251,-0.2454834,0.96549988,0.09858704,-0.269104,0.95803833,33.02975464,-0.73912048,-29.6151886,-25.52809143,-0.27149963,-22.91297913,0,0.0,3.72055054,3.72055054,0.876275,0.696105,1578642399717804,252388600935, HMD, -0.07515, 1.20013, 0.38028, 0.03147, -0.00351, 0.98795, -0.15150
3764016,1578642399715147,1,1,1,1,0,1,1,1,1,0,0.08682251,-0.2454834,0.96549988,0.09858704,-0.269104,0.95803833,33.02975464,-0.73912048,-29.6151886,-25.52809143,-0.27149963,-22.91297913,0,0.0,3.72055054,3.72055054,0.876275,0.696105,1578642399717804,252388600935, HMD, -0.07515, 1.20013, 0.38028, 0.03147, -0.00351, 0.98795, -0.15150
3764024,1578642399718224,1,1,1,1,0,1,1,1,1,0,0.08457947,-0.24029541,0.96699524,0.08810425,-0.26239014,0.96092224,33.00802612,-0.80343628,-29.38368225,-25.55853271,-0.24543762,-22.97506714,0,0.0,3.7817688,3.7817688,0.85605878,0.696316,1578642399718239,252388605232, HMD, -0.07512, 1.20012, 0.38029, 0.03133, -0.00356, 0.98797, -0.15138
3764024,1578642399721937,1,1,1,1,0,1,1,1,1,0,0.08457947,-0.24029541,0.96699524,0.08810425,-0.26239014,0.96092224,33.00802612,-0.80343628,-29.38368225,-25.55853271,-0.24543762,-22.97506714,0,0.0,3.7817688,3.7817688,0.85605878,0.696316,1578642399722071,252388643564, HMD, -0.07495, 1.19996, 0.38036, 0.03031, -0.00376, 0.98816, -0.15038
3764032,1578642399725632,1,1,1,1,0,1,1,1,1,0,0.08265686,-0.23771667,0.96780396,0.08981323,-0.26997375,0.95866394,32.99633789,-0.80711365,-29.362854,-25.63577271,-0.1730957,-23.13328552,0,0.0,3.75845337,3.75845337,0.85605878,0.696316,1578642399723069,252388653533, HMD, -0.07490, 1.19992, 0.38038, 0.03005, -0.00381, 0.98820, -0.15012
3764032,1578642399728866,1,1,1,1,0,1,1,1,1,0,0.08265686,-0.23771667,0.96780396,0.08981323,-0.26997375,0.95866394,32.99633789,-0.80711365,-29.362854,-25.63577271,-0.1730957,-23.13328552,0,0.0,3.75845337,3.75845337,0.85605878,0.696316,1578642399723069,252388653533, HMD, -0.07490, 1.19992, 0.38038, 0.03005, -0.00381, 0.98820, -0.15012
3764032,1578642399732881,1,1,1,1,0,1,1,1,1,0,0.08265686,-0.23771667,0.96780396,0.08981323,-0.26997375,0.95866394,32.99633789,-0.80711365,-29.362854,-25.63577271,-0.1730957,-23.13328552,0,0.0,3.75845337,3.75845337,0.85605878,0.696316,1578642399742547,252388848337, HMD, -0.07407, 1.19913, 0.38073, 0.02514, -0.00477, 0.98910, -0.14497
3764041,1578642399739088,1,1,1,1,0,1,1,1,1,0,0.08061218,-0.25035095,0.96478271,0.09230042,-0.26815796,0.9589386,32.98614502,-0.80592346,-29.2913208,-25.67416382,-0.20478821,-22.91604614,0,0.0,3.58804321,3.58804321,0.8119337,0.64759469,1578642399742547,252388848337, HMD, -0.07407, 1.19913, 0.38073, 0.02514, -0.00477, 0.98910, -0.14497
3764049,1578642399742930,1,1,1,1,0,1,1,1,1,0,0.07182312,-0.24856567,0.96594238,0.08474731,-0.25468445,0.96328735,32.99848938,-0.77420044,-29.24128723,-25.7322998,-0.10360718,-23.19256592,0,0.0,3.6578064,3.6578064,0.8119337,0.64759469,1578642399742978,252388852626, HMD, -0.07406, 1.19912, 0.38074, 0.02503, -0.00479, 0.98912, -0.14486
3764049,1578642399747939,1,1,1,1,0,1,1,1,1,0,0.07182312,-0.24856567,0.96594238,0.08474731,-0.25468445,0.96328735,32.99848938,-0.77420044,-29.24128723,-25.7322998,-0.10360718,-23.19256592,0,0.0,3.6578064,3.6578064,0.8119337,0.64759469,1578642399745747,252388880311, HMD, -0.07394, 1.19900, 0.38080, 0.02438, -0.00490, 0.98924, -0.14414
3764057,1578642399751780,1,1,1,1,0,1,1,1,1,0,0.06976318,-0.26121521,0.96273804,0.07568359,-0.22441101,0.97154236,32.99887085,-0.6164093,-29.57026672,-25.85238647,0.04269409,-23.4102478,0,0.0,3.73942566,3.73942566,0.5717392,0.52814186,1578642399745747,252388880311, HMD, -0.07394, 1.19900, 0.38080, 0.02438, -0.00490, 0.98924, -0.14414
3764057,1578642399755341,1,1,1,1,0,1,1,1,1,0,0.06976318,-0.26121521,0.96273804,0.07568359,-0.22441101,0.97154236,32.99887085,-0.6164093,-29.57026672,-25.85238647,0.04269409,-23.4102478,0,0.0,3.73942566,3.73942566,0.5717392,0.52814186,1578642399762029,252389043154, HMD, -0.07332, 1.19835, 0.38111, 0.02065, -0.00550, 0.98990, -0.14016
3764066,1578642399758395,1,1,1,1,0,1,1,1,1,0,0.07055664,-0.30137634,0.95088196,0.06262207,-0.26701355,0.96165466,33.001297,-0.36247253,-29.87705994,-25.92570496,0.09033203,-23.18815613,0,0.0,3.59197998,3.59197998,0.5717392,0.52814186,1578642399762029,252389043154, HMD, -0.07332, 1.19835, 0.38111, 0.02065, -0.00550, 0.98990, -0.14016
3764066,1578642399762608,1,1,1,1,0,1,1,1,1,0,0.07055664,-0.30137634,0.95088196,0.06262207,-0.26701355,0.96165466,33.001297,-0.36247253,-29.87705994,-25.92570496,0.09033203,-23.18815613,0,0.0,3.59197998,3.59197998,0.5717392,0.52814186,1578642399762628,252389049127, HMD, -0.07329, 1.19833, 0.38113, 0.02052, -0.00552, 0.98992, -0.14002
3764074,1578642399767189,0,0,1,1,0,1,1,1,1,0,0.0,0.0,0.0,0.04716492,-0.41641235,0.90794373,0.0,0.0,0.0,-26.05801392,0.27577209,-23.23141479,0,0.0,-1.0,-1.0,0.04649543,0.02911109,1578642399765492,252389077765, HMD, -0.07319, 1.19822, 0.38119, 0.01992, -0.00561, 0.99002, -0.13937
3764074,1578642399770958,0,0,1,1,0,1,1,1,1,0,0.0,0.0,0.0,0.04716492,-0.41641235,0.90794373,0.0,0.0,0.0,-26.05801392,0.27577209,-23.23141479,0,0.0,-1.0,-1.0,0.04649543,0.02911109,1578642399765492,252389077765, HMD, -0.07319, 1.19822, 0.38119, 0.01992, -0.00561, 0.99002, -0.13937
3764082,1578642399775082,0,0,1,1,0,0,0,1,1,0,0.0,0.0,0.0,0.0,0.0,0.0,0.0,0.0,0.0,0.0,0.0,0.0,0,0.0,-1.0,-1.0,0.04649543,0.02911109,1578642399765492,252389077765, HMD, -0.07319, 1.19822, 0.38119, 0.01992, -0.00561, 0.99002, -0.13937
3764082,1578642399782587,0,0,1,1,0,0,0,1,1,0,0.0,0.0,0.0,0.0,0.0,0.0,0.0,0.0,0.0,0.0,0.0,0.0,0,0.0,-1.0,-1.0,0.04649543,0.02911109,1578642399787272,252389295609, HMD, -0.07258, 1.19763, 0.38167, 0.01599, -0.00594, 0.99067, -0.13521
3764091,1578642399786565,0,0,1,1,0,0,0,1,1,0,0.0,0.0,0.0,0.0,0.0,0.0,0.0,0.0,0.0,0.0,0.0,0.0,0,0.0,-1.0,-1.0,0.0,0.0,1578642399787272,252389295609, HMD, -0.07258, 1.19763, 0.38167, 0.01599, -0.00594, 0.99067, -0.13521
3764091,1578642399790569,0,0,1,1,0,0,0,1,1,0,0.0,0.0,0.0,0.0,0.0,0.0,0.0,0.0,0.0,0.0,0.0,0.0,0,0.0,-1.0,-1.0,0.0,0.0,1578642399790436,252389327227, HMD, -0.07249, 1.19755, 0.38174, 0.01550, -0.00595, 0.99075, -0.13470
3764099,1578642399794569,0,0,1,1,0,0,0,1,1,0,0.0,0.0,0.0,0.0,0.0,0.0,0.0,0.0,0.0,0.0,0.0,0.0,0,0.0,-1.0,-1.0,0.0,0.0,1578642399793367,252389356511, HMD, -0.07241, 1.19748, 0.38179, 0.01510, -0.00595, 0.99081, -0.13427
3764107,1578642399798572,0,0,1,1,0,0,0,1,1,0,0.0,0.0,0.0,0.0,0.0,0.0,0.0,0.0,0.0,0.0,0.0,0.0,0,0.0,-1.0,-1.0,0.0,0.0,1578642399801107,252389433918, HMD, -0.07230, 1.19734, 0.38196, 0.01400, -0.00593, 0.99098, -0.13311
3764107,1578642399802566,0,0,1,1,0,0,0,1,1,0,0.0,0.0,0.0,0.0,0.0,0.0,0.0,0.0,0.0,0.0,0.0,0.0,0,0.0,-1.0,-1.0,0.0,0.0,1578642399802576,252389448657, HMD, -0.07226, 1.19731, 0.38199, 0.01380, -0.00593, 0.99101, -0.13291
3764116,1578642399806554,0,0,1,1,0,0,0,1,1,0,0.0,0.0,0.0,0.0,0.0,0.0,0.0,0.0,0.0,0.0,0.0,0.0,0,0.0,-1.0,-1.0,0.0,0.0,1578642399804383,252389466678, HMD, -0.07222, 1.19728, 0.38202, 0.01359, -0.00590, 0.99105, -0.13267
3764116,1578642399810574,0,0,1,1,0,0,0,1,1,0,0.0,0.0,0.0,0.0,0.0,0.0,0.0,0.0,0.0,0.0,0.0,0.0,0,0.0,-1.0,-1.0,0.0,0.0,1578642399804383,252389466678, HMD, -0.07222, 1.19728, 0.38202, 0.01359, -0.00590, 0.99105, -0.13267
3764124,1578642399815549,0,0,1,1,0,0,0,1,1,0,0.0,0.0,0.0,0.0,0.0,0.0,0.0,0.0,0.0,0.0,0.0,0.0,0,0.0,-1.0,-1.0,0.0,0.0,1578642399804383,252389466678, HMD, -0.07222, 1.19728, 0.38202, 0.01359, -0.00590, 0.99105, -0.13267
3764124,1578642399819555,0,0,1,1,0,0,0,1,1,0,0.0,0.0,0.0,0.0,0.0,0.0,0.0,0.0,0.0,0.0,0.0,0.0,0,0.0,-1.0,-1.0,0.0,0.0,1578642399829628,252389719185, HMD, -0.07173, 1.19685, 0.38246, 0.01112, -0.00568, 0.99148, -0.12966
3764124,1578642399823664,0,0,1,1,0,0,0,1,1,0,0.0,0.0,0.0,0.0,0.0,0.0,0.0,0.0,0.0,0.0,0.0,0.0,0,0.0,-1.0,-1.0,0.0,0.0,1578642399829628,252389719185, HMD, -0.07173, 1.19685, 0.38246, 0.01112, -0.00568, 0.99148, -0.12966
3764132,1578642399827627,0,0,1,1,0,0,0,1,1,0,0.0,0.0,0.0,0.0,0.0,0.0,0.0,0.0,0.0,0.0,0.0,0.0,0,0.0,-1.0,-1.0,0.0,0.0,1578642399829628,252389719185, HMD, -0.07173, 1.19685, 0.38246, 0.01112, -0.00568, 0.99148, -0.12966
3764141,1578642399831619,0,0,1,1,0,0,0,1,1,0,0.0,0.0,0.0,0.0,0.0,0.0,0.0,0.0,0.0,0.0,0.0,0.0,0,0.0,-1.0,-1.0,0.0,0.0,1578642399831605,252389738895, HMD, -0.07170, 1.19683, 0.38250, 0.01098, -0.00567, 0.99151, -0.12944
3764141,1578642399836625,0,0,1,1,0,0,0,1,1,0,0.0,0.0,0.0,0.0,0.0,0.0,0.0,0.0,0.0,0.0,0.0,0.0,0,0.0,-1.0,-1.0,0.0,0.0,1578642399833466,252389757505, HMD, -0.07167, 1.19680, 0.38253, 0.01084, -0.00565, 0.99154, -0.12926
3764149,1578642399840608,0,0,1,1,0,0,0,1,1,0,0.0,0.0,0.0,0.0,0.0,0.0,0.0,0.0,0.0,0.0,0.0,0.0,0,0.0,-1.0,-1.0,0.0,0.0,1578642399844332,252389866174, HMD, -0.07156, 1.19662, 0.38271, 0.01008, -0.00562, 0.99168, -0.12819
3764149,1578642399844621,0,0,1,1,0,0,0,1,1,0,0.0,0.0,0.0,0.0,0.0,0.0,0.0,0.0,0.0,0.0,0.0,0.0,0,0.0,-1.0,-1.0,0.0,0.0,1578642399844573,252389868571, HMD, -0.07155, 1.19662, 0.38272, 0.01006, -0.00562, 0.99169, -0.12817
3764157,1578642399848641,0,0,1,1,0,0,0,1,1,0,0.0,0.0,0.0,0.0,0.0,0.0,0.0,0.0,0.0,0.0,0.0,0.0,0,0.0,-1.0,-1.0,0.0,0.0,1578642399847429,252389897135, HMD, -0.07151, 1.19658, 0.38277, 0.00991, -0.00562, 0.99172, -0.12792
3764157,1578642399852623,0,0,1,1,0,0,0,1,1,0,0.0,0.0,0.0,0.0,0.0,0.0,0.0,0.0,0.0,0.0,0.0,0.0,0,0.0,-1.0,-1.0,0.0,0.0,1578642399856616,252389989020, HMD, -0.07144, 1.19645, 0.38293, 0.00945, -0.00564, 0.99183, -0.12711
3764166,1578642399856615,0,0,1,1,0,0,0,1,1,0,0.0,0.0,0.0,0.0,0.0,0.0,0.0,0.0,0.0,0.0,0.0,0.0,0,0.0,-1.0,-1.0,0.0,0.0,1578642399856616,252389989020, HMD, -0.07144, 1.19645, 0.38293, 0.00945, -0.00564, 0.99183, -0.12711
3764166,1578642399860617,0,0,1,1,0,0,0,1,1,0,0.0,0.0,0.0,0.0,0.0,0.0,0.0,0.0,0.0,0.0,0.0,0.0,0,0.0,-1.0,-1.0,0.0,0.0,1578642399859880,252390021647, HMD, -0.07142, 1.19640, 0.38300, 0.00930, -0.00566, 0.99186, -0.12685
3764174,1578642399864614,0,0,1,1,0,0,0,1,1,0,0.0,0.0,0.0,0.0,0.0,0.0,0.0,0.0,0.0,0.0,0.0,0.0,0,0.0,-1.0,-1.0,0.0,0.0,1578642399859880,252390021647, HMD, -0.07142, 1.19640, 0.38300, 0.00930, -0.00566, 0.99186, -0.12685
3764174,1578642399868614,0,0,1,1,0,0,0,1,1,0,0.0,0.0,0.0,0.0,0.0,0.0,0.0,0.0,0.0,0.0,0.0,0.0,0,0.0,-1.0,-1.0,0.0,0.0,1578642399871452,252390137421, HMD, -0.07131, 1.19625, 0.38320, 0.00895, -0.00571, 0.99198, -0.12598
3764174,1578642399872606,0,0,1,1,0,0,0,1,1,0,0.0,0.0,0.0,0.0,0.0,0.0,0.0,0.0,0.0,0.0,0.0,0.0,0,0.0,-1.0,-1.0,0.0,0.0,1578642399872570,252390148542, HMD, -0.07130, 1.19624, 0.38322, 0.00892, -0.00571, 0.99199, -0.12590
3764191,1578642399881617,0,0,1,1,0,0,0,1,1,0,0.0,0.0,0.0,0.0,0.0,0.0,0.0,0.0,0.0,0.0,0.0,0.0,0,0.0,-1.0,-1.0,0.0,0.0,1578642399876066,252390183505, HMD, -0.07136, 1.19623, 0.38328, 0.00885, -0.00573, 0.99202, -0.12563
3764191,1578642399885615,0,0,1,1,0,0,0,1,1,0,0.0,0.0,0.0,0.0,0.0,0.0,0.0,0.0,0.0,0.0,0.0,0.0,0,0.0,-1.0,-1.0,0.0,0.0,1578642399891249,252390335337, HMD, -0.07130, 1.19604, 0.38354, 0.00878, -0.00582, 0.99217, -0.12449
3764191,1578642399889594,0,0,1,1,0,0,0,1,1,0,0.0,0.0,0.0,0.0,0.0,0.0,0.0,0.0,0.0,0.0,0.0,0.0,0,0.0,-1.0,-1.0,0.0,0.0,1578642399891249,252390335337, HMD, -0.07130, 1.19604, 0.38354, 0.00878, -0.00582, 0.99217, -0.12449
3764199,1578642399893606,0,0,1,1,0,0,0,1,1,0,0.0,0.0,0.0,0.0,0.0,0.0,0.0,0.0,0.0,0.0,0.0,0.0,0,0.0,-1.0,-1.0,0.0,0.0,1578642399893651,252390359354, HMD, -0.07130, 1.19601, 0.38358, 0.00879, -0.00583, 0.99219, -0.12430
3764199,1578642399897605,0,0,1,1,0,0,0,1,1,0,0.0,0.0,0.0,0.0,0.0,0.0,0.0,0.0,0.0,0.0,0.0,0.0,0,0.0,-1.0,-1.0,0.0,0.0,1578642399895675,252390379589, HMD, -0.07130, 1.19598, 0.38361, 0.00880, -0.00584, 0.99221, -0.12412
3764207,1578642399901601,0,0,1,1,0,0,0,1,1,0,0.0,0.0,0.0,0.0,0.0,0.0,0.0,0.0,0.0,0.0,0.0,0.0,0,0.0,-1.0,-1.0,0.0,0.0,1578642399895675,252390379589, HMD, -0.07130, 1.19598, 0.38361, 0.00880, -0.00584, 0.99221, -0.12412
3764207,1578642399905590,0,0,1,1,0,0,0,1,1,0,0.0,0.0,0.0,0.0,0.0,0.0,0.0,0.0,0.0,0.0,0.0,0.0,0,0.0,-1.0,-1.0,0.0,0.0,1578642399909093,252390513795, HMD, -0.07133, 1.19578, 0.38382, 0.00907, -0.00593, 0.99234, -0.12305
3764216,1578642399909590,0,0,1,1,0,0,0,1,1,0,0.0,0.0,0.0,0.0,0.0,0.0,0.0,0.0,0.0,0.0,0.0,0.0,0,0.0,-1.0,-1.0,0.0,0.0,1578642399909584,252390518683, HMD, -0.07133, 1.19577, 0.38383, 0.00908, -0.00593, 0.99235, -0.12301
3764216,1578642399913591,0,0,1,1,0,0,0,1,1,0,0.0,0.0,0.0,0.0,0.0,0.0,0.0,0.0,0.0,0.0,0.0,0.0,0,0.0,-1.0,-1.0,0.0,0.0,1578642399912325,252390546097, HMD, -0.07134, 1.19574, 0.38387, 0.00916, -0.00595, 0.99237, -0.12278
3764224,1578642399917582,0,0,1,1,0,0,0,1,1,0,0.0,0.0,0.0,0.0,0.0,0.0,0.0,0.0,0.0,0.0,0.0,0.0,0,0.0,-1.0,-1.0,0.11669791,0.0,1578642399912325,252390546097, HMD, -0.07134, 1.19574, 0.38387, 0.00916, -0.00595, 0.99237, -0.12278
3764232,1578642399925581,1,1,1,1,0,0,0,1,1,0,0.08177185,-0.45043945,0.88903809,0.0,0.0,0.0,33.1875,-1.58285522,-28.36424255,0.0,0.0,0.0,0,0.0,3.69602966,3.69602966,0.11669791,0.0,1578642399929695,252390719811, HMD, -0.07143, 1.19544, 0.38415, 0.00968, -0.00620, 0.99256, -0.12125
3764232,1578642399929576,1,1,1,1,0,0,0,1,1,0,0.08177185,-0.45043945,0.88903809,0.0,0.0,0.0,33.1875,-1.58285522,-28.36424255,0.0,0.0,0.0,0,0.0,3.69602966,3.69602966,0.11669791,0.0,1578642399929695,252390719811, HMD, -0.07143, 1.19544, 0.38415, 0.00968, -0.00620, 0.99256, -0.12125
3764241,1578642399934582,1,1,1,1,0,1,1,1,1,0,0.09085083,-0.45254517,0.88708496,0.08680725,-0.4775238,0.8742981,33.16038513,-1.27642822,-29.38891602,-25.54940796,-1.26277161,-20.71861267,0,0.0,3.50697327,3.50697327,0.2320774,0.0,1578642399932918,252390752025, HMD, -0.07144, 1.19539, 0.38421, 0.00977, -0.00627, 0.99259, -0.12096
3764241,1578642399938624,1,1,1,1,0,1,1,1,1,0,0.09085083,-0.45254517,0.88708496,0.08680725,-0.4775238,0.8742981,33.16038513,-1.27642822,-29.38891602,-25.54940796,-1.26277161,-20.71861267,0,0.0,3.50697327,3.50697327,0.2320774,0.0,1578642399932918,252390752025, HMD, -0.07144, 1.19539, 0.38421, 0.00977, -0.00627, 0.99259, -0.12096
3764249,1578642399942581,1,1,1,1,0,1,1,1,1,0,0.08708191,-0.44355774,0.89199829,-0.02619934,-0.23622131,0.97132874,33.21070862,-1.4342041,-29.01768494,-25.14607239,-0.7862854,-26.80329895,0,0.0,3.66734314,3.66734314,0.2320774,0.0,1578642399947162,252390894487, HMD, -0.07155, 1.19515, 0.38442, 0.01010, -0.00673, 0.99275, -0.11962
3764249,1578642399946587,1,1,1,1,0,1,1,1,1,0,0.08708191,-0.44355774,0.89199829,-0.02619934,-0.23622131,0.97132874,33.21070862,-1.4342041,-29.01768494,-25.14607239,-0.7862854,-26.80329895,0,0.0,3.66734314,3.66734314,0.2320774,0.0,1578642399947162,252390894487, HMD, -0.07155, 1.19515, 0.38442, 0.01010, -0.00673, 0.99275, -0.11962
3764257,1578642399950596,1,1,1,1,0,1,1,1,1,0,0.09089661,-0.42823792,0.89907837,0.08695984,-0.45220947,0.88764954,33.23623657,-1.32196045,-29.47729492,-25.62747192,-0.7122345,-23.31916809,0,0.0,3.65939331,3.65939331,0.34761232,0.0112088,1578642399950639,252390929234, HMD, -0.07156, 1.19510, 0.38447, 0.01016, -0.00685, 0.99278, -0.11930
3764257,1578642399954587,1,1,1,1,0,1,1,1,1,0,0.09089661,-0.42823792,0.89907837,0.08695984,-0.45220947,0.88764954,33.23623657,-1.32196045,-29.47729492,-25.62747192,-0.7122345,-23.31916809,0,0.0,3.65939331,3.65939331,0.34761232,0.0112088,1578642399950740,252390930245, HMD, -0.07156, 1.19510, 0.38447, 0.01017, -0.00686, 0.99278, -0.11930
3764257,1578642399958588,1,1,1,1,0,1,1,1,1,0,0.08158875,-0.43464661,0.8968811,0.11726379,-0.42372131,0.89816284,33.27160645,-1.48275757,-28.977005,-25.61946106,-0.70959473,-23.37213135,0,0.0,3.61791992,3.61791992,0.34761232,0.0112088,1578642399950740,252390930245, HMD, -0.07156, 1.19510, 0.38447, 0.01017, -0.00686, 0.99278, -0.11930
3764266,1578642399962582,1,1,1,1,0,1,1,1,1,0,0.08158875,-0.43464661,0.8968811,0.11726379,-0.42372131,0.89816284,33.27160645,-1.48275757,-28.977005,-25.61946106,-0.70959473,-23.37213135,0,0.0,3.61791992,3.61791992,0.34761232,0.0112088,1578642399970318,252391126038, HMD, -0.07171, 1.19482, 0.38477, 0.01043, -0.00771, 0.99298, -0.11757
3764274,1578642399970567,1,1,1,1,0,1,1,1,1,0,0.09307861,-0.39974976,0.91186523,0.09466553,-0.4432373,0.89138794,33.29075623,-1.39796448,-29.26722717,-25.61242676,-0.70571899,-23.43374634,0,0.0,3.90785217,3.90785217,0.39744702,0.07528284,1578642399970575,252391128595, HMD, -0.07171, 1.19482, 0.38478, 0.01043, -0.00773, 0.99298, -0.11755
3764282,1578642399974590,1,1,1,1,0,1,1,1,1,0,0.09739685,-0.37156677,0.92327881,0.09584045,-0.43928528,0.89320374,33.29112244,-1.32788086,-29.54614258,-25.6701355,-0.31404114,-25.29898071,0,0.0,3.90068054,3.90068054,0.39744702,0.07528284,1578642399974482,252391167667, HMD, -0.07172, 1.19477, 0.38484, 0.01047, -0.00792, 0.99302, -0.11721
3764282,1578642399981078,1,1,1,1,0,1,1,1,1,0,0.09739685,-0.37156677,0.92327881,0.09584045,-0.43928528,0.89320374,33.29112244,-1.32788086,-29.54614258,-25.6701355,-0.31404114,-25.29898071,0,0.0,3.90068054,3.90068054,0.39744702,0.07528284,1578642399974482,252391167667, HMD, -0.07172, 1.19477, 0.38484, 0.01047, -0.00792, 0.99302, -0.11721
3764291,1578642399985102,1,1,1,1,0,1,1,1,1,0,0.08404541,-0.37261963,0.92416382,0.11546326,-0.45527649,0.88282776,33.31744385,-1.48788452,-29.0778656,-25.65499878,-0.65701294,-23.49946594,0,0.0,3.85545349,3.85545349,0.44841656,0.1368826,1578642399988515,252391308009, HMD, -0.07185, 1.19454, 0.38506, 0.01062, -0.00866, 0.99315, -0.11602
3764299,1578642399991356,1,1,1,1,0,1,1,1,1,0,0.08404541,-0.37261963,0.92416382,0.11546326,-0.45527649,0.88282776,33.31744385,-1.48788452,-29.0778656,-25.65499878,-0.65701294,-23.49946594,0,0.0,3.85545349,3.85545349,0.44841656,0.1368826,1578642399991378,252391336621, HMD, -0.07186, 1.19450, 0.38511, 0.01065, -0.00881, 0.99318, -0.11579
3764299,1578642399995372,1,1,1,1,0,1,1,1,1,0,0.09049988,-0.38548279,0.91825867,0.11262512,-0.44120789,0.89028931,33.29484558,-1.41789246,-29.32260132,-25.64929199,-0.69050598,-23.42681885,0,0.0,3.80551147,3.80551147,0.44841656,0.1368826,1578642399991574,252391338585, HMD, -0.07186, 1.19450, 0.38511, 0.01065, -0.00882, 0.99318, -0.11579
3764307,1578642400000377,1,1,1,1,0,1,1,1,1,0,0.08996582,-0.37878418,0.9210968,0.14837646,-0.42247009,0.89413452,33.31312561,-1.44482422,-29.1973877,-25.83843994,-0.15917969,-25.53086853,0,0.0,3.80950928,3.80950928,0.4847644,0.16494033,1578642400001063,252391433479, HMD, -0.07195, 1.19434, 0.38527, 0.01079, -0.00928, 0.99325, -0.11510
3764307,1578642400004374,1,1,1,1,0,1,1,1,1,0,0.08996582,-0.37878418,0.9210968,0.14837646,-0.42247009,0.89413452,33.31312561,-1.44482422,-29.1973877,-25.83843994,-0.15917969,-25.53086853,0,0.0,3.80950928,3.80950928,0.4847644,0.16494033,1578642400004447,252391467314, HMD, -0.07196, 1.19430, 0.38533, 0.01084, -0.00944, 0.99327, -0.11489
3764316,1578642400009369,1,1,1,1,0,1,1,1,1,0,0.09777832,-0.37837219,0.92045593,0.13923645,-0.39601135,0.90762329,33.30847168,-1.40715027,-29.33486938,-25.85238647,-0.14419556,-25.57772827,0,0.0,3.93560791,3.93560791,0.4847644,0.16494033,1578642400004447,252391467314, HMD, -0.07196, 1.19430, 0.38533, 0.01084, -0.00944, 0.99327, -0.11489
3764316,1578642400013362,1,1,1,1,0,1,1,1,1,0,0.09777832,-0.37837219,0.92045593,0.13923645,-0.39601135,0.90762329,33.30847168,-1.40715027,-29.33486938,-25.85238647,-0.14419556,-25.57772827,0,0.0,3.93560791,3.93560791,0.4847644,0.16494033,1578642400004447,252391467314, HMD, -0.07196, 1.19430, 0.38533, 0.01084, -0.00944, 0.99327, -0.11489
3764324,1578642400016509,1,1,1,1,0,1,1,1,1,0,0.09394836,-0.38635254,0.9175415,0.14100647,-0.40711975,0.90240479,33.31161499,-1.37251282,-29.43992615,-25.85375977,-0.13163757,-25.52160645,0,0.0,3.84393311,3.84393311,0.49404633,0.19291818,1578642400004447,252391467314, HMD, -0.07196, 1.19430, 0.38533, 0.01084, -0.00944, 0.99327, -0.11489
3764332,1578642400032115,1,1,1,1,0,1,1,1,1,0,0.09436035,-0.38560486,0.91781616,0.14767456,-0.41639709,0.89709473,33.37203979,-1.52378845,-28.93995667,-25.82609558,-0.22052002,-25.10746765,0,0.0,3.8072052,3.8072052,0.49404633,0.19291818,1578642400032076,252391743602, HMD, -0.07208, 1.19401, 0.38576, 0.01116, -0.01050, 0.99341, -0.11360
3764341,1578642400035657,1,1,1,1,0,1,1,1,1,0,0.09436035,-0.38560486,0.91781616,0.14767456,-0.41639709,0.89709473,33.37203979,-1.52378845,-28.93995667,-25.82609558,-0.22052002,-25.10746765,0,0.0,3.8072052,3.8072052,0.51085126,0.22154082,1578642400034955,252391772389, HMD, -0.07209, 1.19399, 0.38581, 0.01117, -0.01060, 0.99342, -0.11350
3764341,1578642400038958,1,1,1,1,0,1,1,1,1,0,0.09436035,-0.38560486,0.91781616,0.14767456,-0.41639709,0.89709473,33.37203979,-1.52378845,-28.93995667,-25.82609558,-0.22052002,-25.10746765,0,0.0,3.8072052,3.8072052,0.51085126,0.22154082,1578642400034955,252391772389, HMD, -0.07209, 1.19399, 0.38581, 0.01117, -0.01060, 0.99342, -0.11350
3764349,1578642400042504,1,1,1,1,0,1,1,1,1,0,0.09475708,-0.38682556,0.91726685,0.10949707,-0.43525696,0.89361572,33.3828125,-1.56425476,-28.85771179,-25.62780762,-0.72195435,-23.17715454,0,0.0,3.96507263,3.96507263,0.51085126,0.22154082,1578642400044953,252391872384, HMD, -0.07213, 1.19389, 0.38596, 0.01114, -0.01091, 0.99345, -0.11320
3764349,1578642400046497,1,1,1,1,0,1,1,1,1,0,0.09475708,-0.38682556,0.91726685,0.10949707,-0.43525696,0.89361572,33.3828125,-1.56425476,-28.85771179,-25.62780762,-0.72195435,-23.17715454,0,0.0,3.96507263,3.96507263,0.51085126,0.22154082,1578642400046457,252391887413, HMD, -0.07213, 1.19388, 0.38598, 0.01113, -0.01094, 0.99345, -0.11316
3764357,1578642400051485,1,1,1,1,0,1,1,1,1,0,0.10409546,-0.38114929,0.91862488,0.10655212,-0.45187378,0.88568115,33.38621521,-1.55000305,-28.93293762,-25.60650635,-0.76020813,-23.09701538,0,0.0,3.79164124,3.79164124,0.53060281,0.23495989,1578642400048036,252391903204, HMD, -0.07213, 1.19387, 0.38601, 0.01112, -0.01099, 0.99346, -0.11312
3764357,1578642400055505,1,1,1,1,0,1,1,1,1,0,0.10409546,-0.38114929,0.91862488,0.10655212,-0.45187378,0.88568115,33.38621521,-1.55000305,-28.93293762,-25.60650635,-0.76020813,-23.09701538,0,0.0,3.79164124,3.79164124,0.53060281,0.23495989,1578642400058795,252392010809, HMD, -0.07217, 1.19376, 0.38613, 0.01102, -0.01127, 0.99349, -0.11281
3764366,1578642400059498,1,1,1,1,0,1,1,1,1,0,0.10192871,-0.38395691,0.91769409,0.11447144,-0.43228149,0.89442444,33.39379883,-1.55776978,-28.94248962,-25.58721924,-0.78240967,-23.29608154,0,0.0,3.85223389,3.85223389,0.53060281,0.23495989,1578642400059458,252392017422, HMD, -0.07217, 1.19376, 0.38614, 0.01101, -0.01129, 0.99349, -0.11278
3764374,1578642400067505,1,1,1,1,0,1,1,1,1,0,0.10241699,-0.38284302,0.91810608,0.12028503,-0.43453979,0.89257813,33.39378357,-1.5526886,-28.97970581,-25.59790039,-0.79652405,-23.31584167,0,0.0,3.8651886,3.8651886,0.53896105,0.25456682,1578642400071692,252392139818, HMD, -0.07216, 1.19364, 0.38632, 0.01081, -0.01150, 0.99354, -0.11236
3764374,1578642400071510,1,1,1,1,0,1,1,1,1,0,0.10241699,-0.38284302,0.91810608,0.12028503,-0.43453979,0.89257813,33.39378357,-1.5526886,-28.97970581,-25.59790039,-0.79652405,-23.31584167,0,0.0,3.8651886,3.8651886,0.53896105,0.25456682,1578642400071692,252392139818, HMD, -0.07216, 1.19364, 0.38632, 0.01081, -0.01150, 0.99354, -0.11236
3764382,1578642400074922,1,1,1,1,0,1,1,1,1,0,0.10292053,-0.38169861,0.91853333,0.11106873,-0.3997345,0.90986633,33.39375305,-1.54762268,-29.01693726,-25.60545349,-0.8120575,-23.33502197,0,0.0,3.86608887,3.86608887,0.53896105,0.25456682,1578642400074957,252392172423, HMD, -0.07215, 1.19361, 0.38636, 0.01074, -0.01154, 0.99356, -0.11223
3764391,1578642400083669,1,1,1,1,0,1,1,1,1,0,0.10087585,-0.37664795,0.9208374,0.1111908,-0.40402222,0.90795898,33.37651062,-1.50665283,-29.28892517,-25.61030579,-0.82218933,-23.31312561,0,0.0,3.99572754,3.99572754,0.56915718,0.26371574,1578642400088519,252392308044, HMD, -0.07219, 1.19345, 0.38653, 0.01048, -0.01167, 0.99362, -0.11171
3764391,1578642400087668,1,1,1,1,0,1,1,1,1,0,0.10087585,-0.37664795,0.9208374,0.1111908,-0.40402222,0.90795898,33.37651062,-1.50665283,-29.28892517,-25.61030579,-0.82218933,-23.31312561,0,0.0,3.99572754,3.99572754,0.56915718,0.26371574,1578642400088519,252392308044, HMD, -0.07219, 1.19345, 0.38653, 0.01048, -0.01167, 0.99362, -0.11171
3764399,1578642400091698,1,1,1,1,0,1,1,1,1,0,0.09341431,-0.37445068,0.92251587,0.1104126,-0.39756775,0.91088867,33.35887146,-1.52656555,-29.15704346,-25.63157654,-0.86625671,-23.17236328,0,0.0,3.9606781,3.9606781,0.56915718,0.26371574,1578642400091629,252392339136, HMD, -0.07218, 1.19342, 0.38657, 0.01043, -0.01169, 0.99363, -0.11159
3764399,1578642400095923,1,1,1,1,0,1,1,1,1,0,0.09341431,-0.37445068,0.92251587,0.1104126,-0.39756775,0.91088867,33.35887146,-1.52656555,-29.15704346,-25.63157654,-0.86625671,-23.17236328,0,0.0,3.9606781,3.9606781,0.56915718,0.26371574,1578642400091629,252392339136, HMD, -0.07218, 1.19342, 0.38657, 0.01043, -0.01169, 0.99363, -0.11159
3764407,1578642400099915,1,1,1,1,0,1,1,1,1,0,0.09597778,-0.37496948,0.92204285,0.09434509,-0.3991394,0.91200256,33.34809875,-1.56091309,-29.01826477,-25.65505981,-0.83320618,-23.24331665,0,0.0,3.96134949,3.96134949,0.58510035,0.30419931,1578642400108086,252392503740, HMD, -0.07224, 1.19323, 0.38680, 0.01017, -0.01170, 0.99369, -0.11106
3764407,1578642400103928,1,1,1,1,0,1,1,1,1,0,0.09597778,-0.37496948,0.92204285,0.09434509,-0.3991394,0.91200256,33.34809875,-1.56091309,-29.01826477,-25.65505981,-0.83320618,-23.24331665,0,0.0,3.96134949,3.96134949,0.58510035,0.30419931,1578642400108086,252392503740, HMD, -0.07224, 1.19323, 0.38680, 0.01017, -0.01170, 0.99369, -0.11106
3764407,1578642400107932,1,1,1,1,0,1,1,1,1,0,0.09597778,-0.37496948,0.92204285,0.09434509,-0.3991394,0.91200256,33.34809875,-1.56091309,-29.01826477,-25.65505981,-0.83320618,-23.24331665,0,0.0,3.96134949,3.96134949,0.58510035,0.30419931,1578642400108086,252392503740, HMD, -0.07224, 1.19323, 0.38680, 0.01017, -0.01170, 0.99369, -0.11106
3764416,1578642400111925,1,1,1,1,0,1,1,1,1,0,0.09263611,-0.37419128,0.92269897,0.10035706,-0.39610291,0.91270447,33.35064697,-1.48173523,-29.22476196,-25.65615845,-0.82252502,-23.25132751,0,0.0,3.95581055,3.95581055,0.58510035,0.30419931,1578642400111968,252392542523, HMD, -0.07224, 1.19320, 0.38685, 0.01011, -0.01169, 0.99371, -0.11095
3764441,1578642400133368,1,1,1,1,0,1,1,1,1,0,0.1043396,-0.37284851,0.92199707,0.11686707,-0.39167786,0.91264343,33.3182373,-1.52632141,-28.97460938,-25.70930481,-0.71669006,-23.38279724,0,0.0,3.92631531,3.92631531,0.6270085,0.35087568,1578642400114642,252392569267, HMD, -0.07224, 1.19318, 0.38688, 0.01009, -0.01168, 0.99371, -0.11088
3764441,1578642400137454,1,1,1,1,0,1,1,1,1,0,0.1043396,-0.37284851,0.92199707,0.11686707,-0.39167786,0.91264343,33.3182373,-1.52632141,-28.97460938,-25.70930481,-0.71669006,-23.38279724,0,0.0,3.92631531,3.92631531,0.6270085,0.35087568,1578642400114642,252392569267, HMD, -0.07224, 1.19318, 0.38688, 0.01009, -0.01168, 0.99371, -0.11088
3764457,1578642400162448,1,1,1,1,0,1,1,1,1,0,0.09669495,-0.36886597,0.92442322,0.10783386,-0.37097168,0.92234802,33.32002258,-1.4133606,-29.5171814,-25.67767334,-0.82250977,-23.36419678,0,0.0,3.91835022,3.91835022,0.63614064,0.3713854,1578642400174775,252393170733, HMD, -0.07231, 1.19279, 0.38745, 0.00963, -0.01126, 0.99390, -0.10929
3764466,1578642400167425,1,1,1,1,0,1,1,1,1,0,0.08959961,-0.37388611,0.92312622,0.09843445,-0.37527466,0.92166138,33.31773376,-1.4315033,-29.46130371,-25.69491577,-0.81192017,-23.40768433,0,0.0,3.93481445,3.93481445,0.63614064,0.3713854,1578642400174775,252393170733, HMD, -0.07231, 1.19279, 0.38745, 0.00963, -0.01126, 0.99390, -0.10929
3764466,1578642400172391,1,1,1,1,0,1,1,1,1,0,0.08959961,-0.37388611,0.92312622,0.09843445,-0.37527466,0.92166138,33.31773376,-1.4315033,-29.46130371,-25.69491577,-0.81192017,-23.40768433,0,0.0,3.93481445,3.93481445,0.63614064,0.3713854,1578642400174775,252393170733, HMD, -0.07231, 1.19279, 0.38745, 0.00963, -0.01126, 0.99390, -0.10929
3764474,1578642400177416,1,1,1,1,0,1,1,1,1,0,0.09759521,-0.37191772,0.92311096,0.10421753,-0.37205505,0.92233276,33.31253052,-1.45495605,-29.38825989,-25.70057678,-0.81054688,-23.42327881,0,0.0,3.94656372,3.94656372,0.65767199,0.40186453,1578642400176993,252393192843, HMD, -0.07239, 1.19279, 0.38745, 0.00965, -0.01128, 0.99391, -0.10922
3764482,1578642400185402,1,1,1,1,0,1,1,1,1,0,0.09289551,-0.37039185,0.92420959,0.11051941,-0.37164307,0.92176819,33.30732727,-1.47842407,-29.31521606,-25.70623779,-0.80915833,-23.43887329,0,0.0,3.95654297,3.95654297,0.65767199,0.40186453,1578642400181342,252393236267, HMD, -0.07240, 1.19275, 0.38749, 0.00967, -0.01124, 0.99392, -0.10908
3764482,1578642400189497,1,1,1,1,0,1,1,1,1,0,0.09289551,-0.37039185,0.92420959,0.11051941,-0.37164307,0.92176819,33.30732727,-1.47842407,-29.31521606,-25.70623779,-0.80915833,-23.43887329,0,0.0,3.95654297,3.95654297,0.65767199,0.40186453,1578642400181342,252393236267, HMD, -0.07240, 1.19275, 0.38749, 0.00967, -0.01124, 0.99392, -0.10908
3764499,1578642400210405,1,1,1,1,0,1,1,1,1,0,0.09188843,-0.36990356,0.92449951,0.10876465,-0.37762451,0.91954041,33.30563354,-1.65951538,-28.63186646,-25.71136475,-0.78469849,-23.40490723,0,0.0,3.84867859,3.84867859,0.66942167,0.43345925,1578642400224812,252393670988, HMD, -0.07276, 1.19246, 0.38765, 0.01024, -0.01074, 0.99409, -0.10758
3764507,1578642400213866,1,1,1,1,0,1,1,1,1,0,0.09188843,-0.36990356,0.92449951,0.10876465,-0.37762451,0.91954041,33.30563354,-1.65951538,-28.63186646,-25.71136475,-0.78469849,-23.40490723,0,0.0,3.84867859,3.84867859,0.67454213,0.42551985,1578642400224812,252393670988, HMD, -0.07276, 1.19246, 0.38765, 0.01024, -0.01074, 0.99409, -0.10758
3764516,1578642400223401,1,1,1,1,0,1,1,1,1,0,0.09069824,-0.36987305,0.92463684,0.10635376,-0.37632751,0.92034912,33.30612183,-1.66777039,-28.59794617,-25.70823669,-0.78471375,-23.40214539,0,0.0,3.87068176,3.87068176,0.67454213,0.42551985,1578642400224812,252393670988, HMD, -0.07276, 1.19246, 0.38765, 0.01024, -0.01074, 0.99409, -0.10758
3764524,1578642400227507,1,1,1,1,0,1,1,1,1,0,0.09060669,-0.36997986,0.92459106,0.10565186,-0.3742218,0.92129517,33.30563354,-1.65951538,-28.63186646,-25.70724487,-0.79693604,-23.39981079,0,0.0,3.84921265,3.84921265,0.67116696,0.45528412,1578642400227522,252393698069, HMD, -0.07278, 1.19245, 0.38766, 0.01030, -0.01071, 0.99409, -0.10749
3764524,1578642400231400,1,1,1,1,0,1,1,1,1,0,0.09060669,-0.36997986,0.92459106,0.10565186,-0.3742218,0.92129517,33.30563354,-1.65951538,-28.63186646,-25.70724487,-0.79693604,-23.39981079,0,0.0,3.84921265,3.84921265,0.67116696,0.45528412,1578642400228970,252393712551, HMD, -0.07279, 1.19244, 0.38766, 0.01034, -0.01069, 0.99410, -0.10744
3764532,1578642400235393,1,1,1,1,0,1,1,1,1,0,0.09207153,-0.37225342,0.92353821,0.10643005,-0.37136841,0.92234802,33.29470825,-1.6157074,-28.75930786,-25.7081604,-0.80915833,-23.39749146,0,0.0,3.84405518,3.84405518,0.67116696,0.45528412,1578642400239979,252393822672, HMD, -0.07294, 1.19235, 0.38767, 0.01062, -0.01057, 0.99414, -0.10706
3764532,1578642400239459,1,1,1,1,0,1,1,1,1,0,0.09207153,-0.37225342,0.92353821,0.10643005,-0.37136841,0.92234802,33.29470825,-1.6157074,-28.75930786,-25.7081604,-0.80915833,-23.39749146,0,0.0,3.84405518,3.84405518,0.67116696,0.45528412,1578642400239979,252393822672, HMD, -0.07294, 1.19235, 0.38767, 0.01062, -0.01057, 0.99414, -0.10706
3764541,1578642400243387,1,1,1,1,0,1,1,1,1,0,0.09370422,-0.37156677,0.92364502,0.10578918,-0.37194824,0.92219543,33.2837677,-1.57189941,-28.88676453,-25.70819092,-0.80874634,-23.39633179,0,0.0,3.84094238,3.84094238,0.67824835,0.452227,1578642400243256,252393855401, HMD, -0.07296, 1.19233, 0.38767, 0.01072, -0.01054, 0.99415, -0.10695
3764541,1578642400247397,1,1,1,1,0,1,1,1,1,0,0.09370422,-0.37156677,0.92364502,0.10578918,-0.37194824,0.92219543,33.2837677,-1.57189941,-28.88676453,-25.70819092,-0.80874634,-23.39633179,0,0.0,3.84094238,3.84094238,0.67824835,0.452227,1578642400243256,252393855401, HMD, -0.07296, 1.19233, 0.38767, 0.01072, -0.01054, 0.99415, -0.10695
3764549,1578642400253386,1,1,1,1,0,1,1,1,1,0,0.09460449,-0.37203979,0.92337036,0.10577393,-0.37232971,0.92204285,33.28157043,-1.56384277,-28.89604187,-25.70823669,-0.80834961,-23.39749146,0,0.0,3.86178589,3.86178589,0.67824835,0.452227,1578642400243256,252393855401, HMD, -0.07296, 1.19233, 0.38767, 0.01072, -0.01054, 0.99415, -0.10695
3764557,1578642400257406,1,1,1,1,0,1,1,1,1,0,0.09461975,-0.3717804,0.92347717,0.10629272,-0.37208557,0.92208862,33.27937317,-1.56497192,-28.88676453,-25.71136475,-0.80786133,-23.39633179,0,0.0,3.88204956,3.88204956,0.68771893,0.46118569,1578642400266591,252394088779, HMD, -0.07326, 1.19219, 0.38769, 0.01161, -0.01031, 0.99424, -0.10606
3764557,1578642400265411,1,1,1,1,0,1,1,1,1,0,0.09461975,-0.3717804,0.92347717,0.10629272,-0.37208557,0.92208862,33.27937317,-1.56497192,-28.88676453,-25.71136475,-0.80786133,-23.39633179,0,0.0,3.88204956,3.88204956,0.68771893,0.46118569,1578642400266591,252394088779, HMD, -0.07326, 1.19219, 0.38769, 0.01161, -0.01031, 0.99424, -0.10606
3764566,1578642400269402,1,1,1,1,0,1,1,1,1,0,0.09553528,-0.36956787,0.92427063,0.10739136,-0.37236023,0.92184448,33.27792358,-1.56843567,-28.87275696,-25.7144928,-0.80834961,-23.39518738,0,0.0,3.88908386,3.88908386,0.68771893,0.46118569,1578642400269333,252394116175, HMD, -0.07329, 1.19218, 0.38769, 0.01174, -0.01027, 0.99425, -0.10594
3764566,1578642400275380,1,1,1,1,0,1,1,1,1,0,0.09553528,-0.36854553,0.92466736,0.10710144,-0.37268066,0.92175293,33.27645874,-1.57189941,-28.85876465,-25.71463013,-0.80874634,-23.39360046,0,0.0,3.88392639,3.88392639,0.68771893,0.46118569,1578642400270123,252394124079, HMD, -0.07330, 1.19217, 0.38769, 0.01178, -0.01026, 0.99425, -0.10590
3764574,1578642400279370,1,1,1,1,0,1,1,1,1,0,0.09553528,-0.36854553,0.92466736,0.10710144,-0.37268066,0.92175293,33.27645874,-1.57189941,-28.85876465,-25.71463013,-0.80874634,-23.39360046,0,0.0,3.88392639,3.88392639,0.6806699,0.44805372,1578642400282980,252394252675, HMD, -0.07347, 1.19209, 0.38771, 0.01241, -0.01005, 0.99431, -0.10528
3764582,1578642400283372,1,1,1,1,0,1,1,1,1,0,0.09613037,-0.36853027,0.92462158,0.10684204,-0.37298584,0.92164612,33.27619934,-1.57511902,-28.84248352,-25.71476746,-0.80915833,-23.39199829,0,0.0,3.89064026,3.89064026,0.6806699,0.44805372,1578642400283486,252394257704, HMD, -0.07348, 1.19208, 0.38771, 0.01244, -0.01004, 0.99432, -0.10525
3764582,1578642400287376,1,1,1,1,0,1,1,1,1,0,0.09613037,-0.36853027,0.92462158,0.10684204,-0.37298584,0.92164612,33.27619934,-1.57511902,-28.84248352,-25.71476746,-0.80915833,-23.39199829,0,0.0,3.89064026,3.89064026,0.6806699,0.44805372,1578642400286887,252394291709, HMD, -0.07352, 1.19205, 0.38771, 0.01263, -0.00997, 0.99434, -0.10506
3764582,1578642400291370,1,1,1,1,0,1,1,1,1,0,0.09562683,-0.36927795,0.92437744,0.10716248,-0.37329102,0.92149353,33.27645874,-1.57833862,-28.82618713,-25.71582031,-0.80915833,-23.38708496,0,0.0,3.8971405,3.8971405,0.6806699,0.44805372,1578642400286887,252394291709, HMD, -0.07352, 1.19205, 0.38771, 0.01263, -0.00997, 0.99434, -0.10506
3764591,1578642400295373,1,1,1,1,0,1,1,1,1,0,0.09562683,-0.36927795,0.92437744,0.10716248,-0.37329102,0.92149353,33.27645874,-1.57833862,-28.82618713,-25.71582031,-0.80915833,-23.38708496,0,0.0,3.8971405,3.8971405,0.66965359,0.44556114,1578642400286887,252394291709, HMD, -0.07352, 1.19205, 0.38771, 0.01263, -0.00997, 0.99434, -0.10506
3764591,1578642400299362,1,1,1,1,0,1,1,1,1,0,0.09655762,-0.36210632,0.92710876,0.09547424,-0.36408997,0.92645264,33.21739197,-1.65512085,-28.81611633,-25.76493835,-0.91130066,-23.27980042,0,0.0,3.99160767,3.99160767,0.66965359,0.44556114,1578642400304345,252394466309, HMD, -0.07381, 1.19190, 0.38767, 0.01360, -0.00960, 0.99444, -0.10395
3764599,1578642400303359,1,1,1,1,0,1,1,1,1,0,0.09655762,-0.36210632,0.92710876,0.09547424,-0.36408997,0.92645264,33.21739197,-1.65512085,-28.81611633,-25.76493835,-0.91130066,-23.27980042,0,0.0,3.99160767,3.99160767,0.66965359,0.44556114,1578642400304345,252394466309, HMD, -0.07381, 1.19190, 0.38767, 0.01360, -0.00960, 0.99444, -0.10395
3764607,1578642400307375,1,1,1,1,0,1,1,1,1,0,0.07192993,-0.38829041,0.91871643,0.06663513,-0.37634277,0.92407227,33.02713013,-1.60775757,-29.15649414,-25.88148499,-0.8744812,-23.5302887,0,0.0,4.04025269,4.04025269,0.67623776,0.4256767,1578642400307428,252394497130, HMD, -0.07385, 1.19186, 0.38767, 0.01379, -0.00953, 0.99446, -0.10374
3764607,1578642400311367,1,1,1,1,0,1,1,1,1,0,0.07192993,-0.38829041,0.91871643,0.06663513,-0.37634277,0.92407227,33.02713013,-1.60775757,-29.15649414,-25.88148499,-0.8744812,-23.5302887,0,0.0,4.04025269,4.04025269,0.67623776,0.4256767,1578642400307982,252394502663, HMD, -0.07386, 1.19186, 0.38767, 0.01382, -0.00951, 0.99447, -0.10369
3764607,1578642400315364,1,1,1,1,0,1,1,1,1,0,0.07192993,-0.38829041,0.91871643,0.06663513,-0.37634277,0.92407227,33.02713013,-1.60775757,-29.15649414,-25.88148499,-0.8744812,-23.5302887,0,0.0,4.04025269,4.04025269,0.67623776,0.4256767,1578642400317655,252394599428, HMD, -0.07408, 1.19173, 0.38762, 0.01442, -0.00926, 0.99454, -0.10294
3764616,1578642400319360,1,1,1,1,0,1,1,1,1,0,0.02693176,-0.40429688,0.91421509,0.03340149,-0.36682129,0.9296875,32.79606628,-1.5196991,-29.47015381,-26.0683136,-0.85571289,-23.54710388,0,0.0,3.9969635,3.9969635,0.67623776,0.4256767,1578642400319320,252394616039, HMD, -0.07411, 1.19170, 0.38762, 0.01452, -0.00922, 0.99455, -0.10280
3764616,1578642400323362,1,1,1,1,0,1,1,1,1,0,0.02693176,-0.40429688,0.91421509,0.03340149,-0.36682129,0.9296875,32.79606628,-1.5196991,-29.47015381,-26.0683136,-0.85571289,-23.54710388,0,0.0,3.9969635,3.9969635,0.67623776,0.4256767,1578642400321211,252394634957, HMD, -0.07414, 1.19168, 0.38762, 0.01463, -0.00917, 0.99457, -0.10266
3764624,1578642400327374,1,1,1,1,0,1,1,1,1,0,0.00611877,-0.40977478,0.91215515,-0.01126099,-0.38301086,0.92366028,32.51879883,-1.42790222,-29.80128479,-26.30000305,-0.76663208,-23.93911743,0,0.0,3.86030579,3.86030579,0.63180023,0.38188475,1578642400321211,252394634957, HMD, -0.07414, 1.19168, 0.38762, 0.01463, -0.00917, 0.99457, -0.10266
3764624,1578642400331360,1,1,1,1,0,1,1,1,1,0,0.00611877,-0.40977478,0.91215515,-0.01126099,-0.38301086,0.92366028,32.51879883,-1.42790222,-29.80128479,-26.30000305,-0.76663208,-23.93911743,0,0.0,3.86030579,3.86030579,0.63180023,0.38188475,1578642400339557,252394818433, HMD, -0.07449, 1.19139, 0.38758, 0.01582, -0.00873, 0.99472, -0.10105
3764632,1578642400336359,1,1,1,1,0,1,1,1,1,0,-0.04623413,-0.4138031,0.90917969,-0.04562378,-0.40641785,0.91253662,32.32185364,-1.40370178,-29.97654724,-26.45324707,-0.80984497,-23.86360168,0,0.0,3.89685059,3.89685059,0.63180023,0.38188475,1578642400339557,252394818433, HMD, -0.07449, 1.19139, 0.38758, 0.01582, -0.00873, 0.99472, -0.10105
3764632,1578642400340344,1,1,1,1,0,1,1,1,1,0,-0.04623413,-0.4138031,0.90917969,-0.04562378,-0.40641785,0.91253662,32.32185364,-1.40370178,-29.97654724,-26.45324707,-0.80984497,-23.86360168,0,0.0,3.89685059,3.89685059,0.63180023,0.38188475,1578642400340353,252394826373, HMD, -0.07450, 1.19137, 0.38757, 0.01587, -0.00871, 0.99472, -0.10098
3764641,1578642400344355,1,1,1,1,0,1,1,1,1,0,-0.05915833,-0.42388916,0.90376282,-0.0562439,-0.40574646,0.9122467,32.20593262,-1.25686646,-30.40681458,-26.54463196,-0.81970215,-23.84690857,0,0.0,3.87512207,3.87512207,0.61095059,0.37530211,1578642400343068,252394853524, HMD, -0.07454, 1.19133, 0.38757, 0.01605, -0.00865, 0.99475, -0.10074
3764641,1578642400348354,1,1,1,1,0,1,1,1,1,0,-0.05915833,-0.42388916,0.90376282,-0.0562439,-0.40574646,0.9122467,32.20593262,-1.25686646,-30.40681458,-26.54463196,-0.81970215,-23.84690857,0,0.0,3.87512207,3.87512207,0.61095059,0.37530211,1578642400343068,252394853524, HMD, -0.07454, 1.19133, 0.38757, 0.01605, -0.00865, 0.99475, -0.10074
3764649,1578642400352356,1,1,1,1,0,1,1,1,1,0,-0.05021667,-0.41995239,0.90614319,-0.05596924,-0.39430237,0.91726685,32.21655273,-1.27485657,-30.27653503,-26.55143738,-0.84536743,-23.79516602,0,0.0,3.88021851,3.88021851,0.61095059,0.37530211,1578642400355216,252394975038, HMD, -0.07473, 1.19113, 0.38753, 0.01686, -0.00843, 0.99485, -0.09961
3764649,1578642400357369,1,1,1,1,0,1,1,1,1,0,-0.05021667,-0.41995239,0.90614319,-0.05596924,-0.39430237,0.91726685,32.21655273,-1.27485657,-30.27653503,-26.55143738,-0.84536743,-23.79516602,0,0.0,3.88021851,3.88021851,0.61095059,0.37530211,1578642400357419,252394997035, HMD, -0.07477, 1.19108, 0.38752, 0.01700, -0.00838, 0.99487, -0.09940
3764657,1578642400361363,1,1,1,1,0,1,1,1,1,0,-0.04711914,-0.41246033,0.90974426,-0.05509949,-0.39465332,0.91716003,32.25283813,-1.30865479,-30.07772827,-26.54833984,-0.8513031,-23.77259827,0,0.0,3.91853333,3.91853333,0.60750711,0.37866905,1578642400359925,252395022098, HMD, -0.07480, 1.19103, 0.38752, 0.01717, -0.00836, 0.99489, -0.09916
3764666,1578642400369356,1,1,1,1,0,1,1,1,1,0,-0.04431152,-0.41226196,0.90997314,-0.05635071,-0.39790344,0.91567993,32.28730774,-1.3037262,-30.1088562,-26.5451355,-0.85839844,-23.73747253,0,0.0,3.83137512,3.83137512,0.60750711,0.37866905,1578642400377912,252395201982, HMD, -0.07509, 1.19070, 0.38744, 0.01832, -0.00821, 0.99504, -0.09742
3764666,1578642400373363,1,1,1,1,0,1,1,1,1,0,-0.04431152,-0.41226196,0.90997314,-0.05635071,-0.39790344,0.91567993,32.28730774,-1.3037262,-30.1088562,-26.5451355,-0.85839844,-23.73747253,0,0.0,3.83137512,3.83137512,0.60750711,0.37866905,1578642400377912,252395201982, HMD, -0.07509, 1.19070, 0.38744, 0.01832, -0.00821, 0.99504, -0.09742
3764674,1578642400379354,1,1,1,1,0,1,1,1,1,0,-0.05065918,-0.39906311,0.91551208,-0.05645752,-0.39601135,0.91650391,32.29885864,-1.29136658,-30.12449646,-26.54193115,-0.86547852,-23.7023468,0,0.0,3.9082489,3.9082489,0.60862839,0.40135127,1578642400379394,252395216787, HMD, -0.07511, 1.19067, 0.38744, 0.01842, -0.00820, 0.99505, -0.09727
3764682,1578642400383362,1,1,1,1,0,1,1,1,1,0,-0.05651855,-0.39759827,0.915802,-0.05610657,-0.39833069,0.91551208,32.31262207,-1.29408264,-30.08840942,-26.54115295,-0.8649292,-23.6862793,0,0.0,3.91281128,3.91281128,0.60862839,0.40135127,1578642400380876,252395231600, HMD, -0.07513, 1.19064, 0.38743, 0.01851, -0.00820, 0.99507, -0.09713
3764682,1578642400387351,1,1,1,1,0,1,1,1,1,0,-0.05651855,-0.39759827,0.915802,-0.05610657,-0.39833069,0.91551208,32.31262207,-1.29408264,-30.08840942,-26.54115295,-0.8649292,-23.6862793,0,0.0,3.91281128,3.91281128,0.60862839,0.40135127,1578642400391991,252395342793, HMD, -0.07528, 1.19043, 0.38740, 0.01916, -0.00814, 0.99516, -0.09603
3764691,1578642400391347,1,1,1,1,0,1,1,1,1,0,-0.04440308,-0.40727234,0.91221619,-0.05549622,-0.39823914,0.91558838,32.3269043,-1.2780304,-30.11624146,-26.5403595,-0.86436462,-23.67019653,0,0.0,3.85890198,3.85890198,0.61578465,0.41444194,1578642400391991,252395342793, HMD, -0.07528, 1.19043, 0.38740, 0.01916, -0.00814, 0.99516, -0.09603
3764691,1578642400395343,1,1,1,1,0,1,1,1,1,0,-0.04440308,-0.40727234,0.91221619,-0.05549622,-0.39823914,0.91558838,32.3269043,-1.2780304,-30.11624146,-26.5403595,-0.86436462,-23.67019653,0,0.0,3.85890198,3.85890198,0.61578465,0.41444194,1578642400395372,252395376565, HMD, -0.07533, 1.19036, 0.38739, 0.01934, -0.00813, 0.99519, -0.09570
3764699,1578642400400338,1,1,1,1,0,1,1,1,1,0,-0.04502869,-0.40116882,0.91488647,-0.05241394,-0.39907837,0.91540527,32.34439087,-1.26387024,-30.1313324,-26.53973389,-0.86161804,-23.65979004,0,0.0,3.80432129,3.80432129,0.61578465,0.41444194,1578642400396272,252395385564, HMD, -0.07535, 1.19034, 0.38737, 0.01939, -0.00812, 0.99520, -0.09560
3764699,1578642400404338,1,1,1,1,0,1,1,1,1,0,-0.04502869,-0.40116882,0.91488647,-0.05241394,-0.39907837,0.91540527,32.34439087,-1.26387024,-30.1313324,-26.53973389,-0.86161804,-23.65979004,0,0.0,3.80432129,3.80432129,0.61578465,0.41444194,1578642400407344,252395496327, HMD, -0.07546, 1.19014, 0.38734, 0.01993, -0.00808, 0.99529, -0.09454
3764699,1578642400408336,1,1,1,1,0,1,1,1,1,0,-0.04502869,-0.40116882,0.91488647,-0.05241394,-0.39907837,0.91540527,32.34439087,-1.26387024,-30.1313324,-26.53973389,-0.86161804,-23.65979004,0,0.0,3.80432129,3.80432129,0.61578465,0.41444194,1578642400408342,252395506264, HMD, -0.07548, 1.19012, 0.38734, 0.01995, -0.00808, 0.99530, -0.09444
3764707,1578642400412341,1,1,1,1,0,1,1,1,1,0,-0.05044556,-0.3822937,0.9226532,-0.05088806,-0.39633179,0.91668701,32.36204529,-1.28007507,-30.04116821,-26.51727295,-0.81422424,-23.66259766,0,0.0,3.90725708,3.90725708,0.60627341,0.40972251,1578642400410739,252395530238, HMD, -0.07550, 1.19008, 0.38734, 0.02004, -0.00808, 0.99531, -0.09424
3764707,1578642400416336,1,1,1,1,0,1,1,1,1,0,-0.05044556,-0.3822937,0.9226532,-0.05088806,-0.39633179,0.91668701,32.36204529,-1.28007507,-30.04116821,-26.51727295,-0.81422424,-23.66259766,0,0.0,3.90725708,3.90725708,0.60627341,0.40972251,1578642400420124,252395624106, HMD, -0.07563, 1.18993, 0.38732, 0.02036, -0.00812, 0.99538, -0.09351
3764716,1578642400421331,1,1,1,1,0,1,1,1,1,0,-0.04013062,-0.39649963,0.91714478,-0.03990173,-0.39826965,0.91638184,32.38616943,-1.27433777,-29.98384094,-26.50352478,-0.79170227,-23.59767151,0,0.0,3.82652283,3.82652283,0.60627341,0.40972251,1578642400421363,252395636476, HMD, -0.07564, 1.18991, 0.38732, 0.02039, -0.00812, 0.99539, -0.09342
3764724,1578642400425323,1,1,1,1,0,1,1,1,1,0,-0.03164673,-0.38485718,0.92242432,-0.048172,-0.38583374,0.92129517,32.40835571,-1.25259399,-29.95509338,-26.49006653,-0.77801514,-23.57495117,0,0.0,3.89826965,3.89826965,0.6271438,0.41327706,1578642400423415,252395656997, HMD, -0.07566, 1.18988, 0.38732, 0.02044, -0.00813, 0.99540, -0.09329
3764724,1578642400429334,1,1,1,1,0,1,1,1,1,0,-0.03164673,-0.38485718,0.92242432,-0.048172,-0.38583374,0.92129517,32.40835571,-1.25259399,-29.95509338,-26.49006653,-0.77801514,-23.57495117,0,0.0,3.89826965,3.89826965,0.6271438,0.41327706,1578642400423415,252395656997, HMD, -0.07566, 1.18988, 0.38732, 0.02044, -0.00813, 0.99540, -0.09329
3764732,1578642400433329,1,1,1,1,0,1,1,1,1,0,-0.03881836,-0.39668274,0.91712952,-0.04014587,-0.3873291,0.92105103,32.43278503,-1.25007629,-29.88571167,-26.48347473,-0.73986816,-23.6763916,0,0.0,3.85993958,3.85993958,0.6271438,0.41327706,1578642400438083,252395803689, HMD, -0.07576, 1.18971, 0.38729, 0.02064, -0.00825, 0.99547, -0.09242
3764732,1578642400437335,1,1,1,1,0,1,1,1,1,0,-0.03881836,-0.39668274,0.91712952,-0.04014587,-0.3873291,0.92105103,32.43278503,-1.25007629,-29.88571167,-26.48347473,-0.73986816,-23.6763916,0,0.0,3.85993958,3.85993958,0.6271438,0.41327706,1578642400438083,252395803689, HMD, -0.07576, 1.18971, 0.38729, 0.02064, -0.00825, 0.99547, -0.09242
3764741,1578642400441344,1,1,1,1,0,1,1,1,1,0,-0.04800415,-0.40180969,0.91445923,-0.04191589,-0.39480591,0.9178009,32.44709778,-1.21925354,-29.90304565,-26.48033142,-0.72010803,-23.73428345,0,0.0,3.88633728,3.88633728,0.60584462,0.41849759,1578642400441386,252395836702, HMD, -0.07578, 1.18966, 0.38730, 0.02065, -0.00831, 0.99549, -0.09226
3764741,1578642400445321,1,1,1,1,0,1,1,1,1,0,-0.04800415,-0.40180969,0.91445923,-0.04191589,-0.39480591,0.9178009,32.44709778,-1.21925354,-29.90304565,-26.48033142,-0.72010803,-23.73428345,0,0.0,3.88633728,3.88633728,0.60584462,0.41849759,1578642400441491,252395837757, HMD, -0.07578, 1.18966, 0.38730, 0.02065, -0.00831, 0.99549, -0.09226
3764749,1578642400449337,1,1,1,1,0,1,1,1,1,0,-0.04769897,-0.38433838,0.92195129,-0.04319763,-0.39294434,0.91853333,32.45425415,-1.19548035,-29.93754578,-26.47991943,-0.72132874,-23.73382568,0,0.0,3.96908569,3.96908569,0.60584462,0.41849759,1578642400452009,252395942959, HMD, -0.07582, 1.18957, 0.38730, 0.02059, -0.00852, 0.99553, -0.09181
3764749,1578642400453332,1,1,1,1,0,1,1,1,1,0,-0.04769897,-0.38433838,0.92195129,-0.04319763,-0.39294434,0.91853333,32.45425415,-1.19548035,-29.93754578,-26.47991943,-0.72132874,-23.73382568,0,0.0,3.96908569,3.96908569,0.60584462,0.41849759,1578642400453334,252395956186, HMD, -0.07583, 1.18956, 0.38730, 0.02058, -0.00855, 0.99553, -0.09176
3764749,1578642400457320,1,1,1,1,0,1,1,1,1,0,-0.04769897,-0.38433838,0.92195129,-0.04319763,-0.39294434,0.91853333,32.45425415,-1.19548035,-29.93754578,-26.47991943,-0.72132874,-23.73382568,0,0.0,3.96908569,3.96908569,0.60584462,0.41849759,1578642400455135,252395974194, HMD, -0.07583, 1.18955, 0.38730, 0.02056, -0.00859, 0.99554, -0.09169
3764757,1578642400461326,1,1,1,1,0,1,1,1,1,0,-0.04978943,-0.39556885,0.91706848,-0.04415894,-0.39103699,0.91931152,32.45214844,-1.20146179,-29.92597961,-26.48033142,-0.72254944,-23.73336792,0,0.0,3.86444092,3.86444092,0.62100971,0.42895094,1578642400466431,252396087165, HMD, -0.07587, 1.18948, 0.38732, 0.02038, -0.00892, 0.99558, -0.09121
3764757,1578642400465314,1,1,1,1,0,1,1,1,1,0,-0.04978943,-0.39556885,0.91706848,-0.04415894,-0.39103699,0.91931152,32.45214844,-1.20146179,-29.92597961,-26.48033142,-0.72254944,-23.73336792,0,0.0,3.86444092,3.86444092,0.62100971,0.42895094,1578642400466431,252396087165, HMD, -0.07587, 1.18948, 0.38732, 0.02038, -0.00892, 0.99558, -0.09121
3764766,1578642400469330,1,1,1,1,0,1,1,1,1,0,-0.06034851,-0.41163635,0.90933228,-0.04267883,-0.39007568,0.91978455,32.44270325,-1.20011902,-29.96101379,-26.48097229,-0.73207092,-23.71151733,0,0.0,3.79519653,3.79519653,0.62100971,0.42895094,1578642400469334,252396116194, HMD, -0.07588, 1.18946, 0.38732, 0.02032, -0.00900, 0.99559, -0.09110
3764766,1578642400475331,1,1,1,1,0,1,1,1,1,0,-0.04417419,-0.39289856,0.91850281,-0.04345703,-0.38967896,0.91990662,32.43974304,-1.23313904,-29.90744019,-26.48162842,-0.74159241,-23.68966675,0,0.0,3.76493835,3.76493835,0.62100971,0.42895094,1578642400469817,252396121012, HMD, -0.07588, 1.18946, 0.38732, 0.02031, -0.00902, 0.99560, -0.09109
3764774,1578642400479305,1,1,1,1,0,1,1,1,1,0,-0.04417419,-0.39289856,0.91850281,-0.04345703,-0.38967896,0.91990662,32.43974304,-1.23313904,-29.90744019,-26.48162842,-0.74159241,-23.68966675,0,0.0,3.76493835,3.76493835,0.61378467,0.43621179,1578642400481979,252396242645, HMD, -0.07591, 1.18936, 0.38732, 0.02002, -0.00941, 0.99564, -0.09058
3764782,1578642400484317,1,1,1,1,0,1,1,1,1,0,-0.04551697,-0.39526367,0.91741943,-0.04426575,-0.3894043,0.91998291,32.43806458,-1.24661255,-29.88528442,-26.4835968,-0.75027466,-23.67134094,0,0.0,3.78312683,3.78312683,0.61378467,0.43621179,1578642400484259,252396265439, HMD, -0.07591, 1.18934, 0.38732, 0.01996, -0.00948, 0.99565, -0.09049
3764782,1578642400488308,1,1,1,1,0,1,1,1,1,0,-0.04551697,-0.39526367,0.91741943,-0.04426575,-0.3894043,0.91998291,32.43806458,-1.24661255,-29.88528442,-26.4835968,-0.75027466,-23.67134094,0,0.0,3.78312683,3.78312683,0.61378467,0.43621179,1578642400485170,252396274548, HMD, -0.07591, 1.18933, 0.38732, 0.01993, -0.00951, 0.99566, -0.09045
3764791,1578642400492316,1,1,1,1,0,1,1,1,1,0,-0.03729248,-0.4009552,0.91532898,-0.04507446,-0.38812256,0.92050171,32.43641663,-1.26748657,-29.87634277,-26.48556519,-0.75894165,-23.65301514,0,0.0,3.69934082,3.69934082,0.63249445,0.43536732,1578642400485170,252396274548, HMD, -0.07591, 1.18933, 0.38732, 0.01993, -0.00951, 0.99566, -0.09045
3764791,1578642400496319,1,1,1,1,0,1,1,1,1,0,-0.03729248,-0.4009552,0.91532898,-0.04507446,-0.38812256,0.92050171,32.43641663,-1.26748657,-29.87634277,-26.48556519,-0.75894165,-23.65301514,0,0.0,3.69934082,3.69934082,0.63249445,0.43536732,1578642400504041,252396463306, HMD, -0.07591, 1.18916, 0.38733, 0.01926, -0.01001, 0.99574, -0.08961
3764799,1578642400500332,1,1,1,1,0,1,1,1,1,0,-0.04121399,-0.38961792,0.92004395,-0.04434204,-0.38751221,0.92079163,32.43630981,-1.28659058,-29.83924866,-26.48867798,-0.76109314,-23.65113831,0,0.0,3.87619019,3.87619019,0.63249445,0.43536732,1578642400504041,252396463306, HMD, -0.07591, 1.18916, 0.38733, 0.01926, -0.01001, 0.99574, -0.08961
3764799,1578642400505310,1,1,1,1,0,1,1,1,1,0,-0.04121399,-0.38961792,0.92004395,-0.04434204,-0.38751221,0.92079163,32.43630981,-1.28659058,-29.83924866,-26.48867798,-0.76109314,-23.65113831,0,0.0,3.87619019,3.87619019,0.63249445,0.43536732,1578642400505270,252396475539, HMD, -0.07591, 1.18915, 0.38733, 0.01921, -0.01004, 0.99575, -0.08955
3764799,1578642400509321,1,1,1,1,0,1,1,1,1,0,-0.04170227,-0.38319397,0.92271423,-0.04364014,-0.38755798,0.92079163,32.43548584,-1.29277039,-29.83099365,-26.49179077,-0.75894165,-23.65301514,0,0.0,3.86610413,3.86610413,0.63249445,0.43536732,1578642400507504,252396497888, HMD, -0.07590, 1.18913, 0.38733, 0.01912, -0.01009, 0.99576, -0.08944
3764807,1578642400513312,1,1,1,1,0,1,1,1,1,0,-0.04170227,-0.38319397,0.92271423,-0.04364014,-0.38755798,0.92079163,32.43548584,-1.29277039,-29.83099365,-26.49179077,-0.75894165,-23.65301514,0,0.0,3.86610413,3.86610413,0.6276319,0.44180211,1578642400507504,252396497888, HMD, -0.07590, 1.18913, 0.38733, 0.01912, -0.01009, 0.99576, -0.08944
3764807,1578642400518309,1,1,1,1,0,1,1,1,1,0,-0.04226685,-0.38818359,0.92060852,-0.04438782,-0.3875885,0.92074585,32.43466187,-1.2989502,-29.82275391,-26.49523926,-0.76014709,-23.65332031,0,0.0,3.8547821,3.8547821,0.6276319,0.44180211,1578642400519526,252396618152, HMD, -0.07590, 1.18901, 0.38734, 0.01857, -0.01034, 0.99582, -0.08879
3764816,1578642400522294,1,1,1,1,0,1,1,1,1,0,-0.04226685,-0.38818359,0.92060852,-0.04438782,-0.3875885,0.92074585,32.43466187,-1.2989502,-29.82275391,-26.49523926,-0.76014709,-23.65332031,0,0.0,3.8547821,3.8547821,0.6276319,0.44180211,1578642400522303,252396645879, HMD, -0.07589, 1.18898, 0.38734, 0.01841, -0.01039, 0.99584, -0.08863
3764824,1578642400528306,1,1,1,1,0,1,1,1,1,0,-0.04075623,-0.39179993,0.91912842,-0.04507446,-0.38764954,0.92070007,32.43302917,-1.31730652,-29.73123169,-26.498703,-0.76135254,-23.65301514,0,0.0,3.84596252,3.84596252,0.63898891,0.44830635,1578642400523156,252396654404, HMD, -0.07588, 1.18897, 0.38734, 0.01836, -0.01040, 0.99585, -0.08858
3764824,1578642400532294,1,1,1,1,0,1,1,1,1,0,-0.04075623,-0.39179993,0.91912842,-0.04507446,-0.38764954,0.92070007,32.43302917,-1.31730652,-29.73123169,-26.498703,-0.76135254,-23.65301514,0,0.0,3.84596252,3.84596252,0.63898891,0.44830635,1578642400535209,252396774963, HMD, -0.07583, 1.18883, 0.38733, 0.01769, -0.01058, 0.99592, -0.08786
3764832,1578642400537305,1,1,1,1,0,1,1,1,1,0,-0.039505,-0.39564514,0.9175415,-0.04519653,-0.38745117,0.92076111,32.43139648,-1.32679749,-29.66529846,-26.5009613,-0.76228333,-23.65145874,0,0.0,3.85975647,3.85975647,0.63898891,0.44830635,1578642400537298,252396795824, HMD, -0.07586, 1.18883, 0.38734, 0.01759, -0.01063, 0.99593, -0.08773
3764832,1578642400541304,1,1,1,1,0,1,1,1,1,0,-0.05549622,-0.37358093,0.92591858,-0.04527283,-0.3874054,0.92079163,32.33145142,-1.22445679,-30.02633667,-26.5032196,-0.76322937,-23.64988708,0,0.0,3.96893311,3.96893311,0.63898891,0.44830635,1578642400538784,252396810681, HMD, -0.07584, 1.18882, 0.38734, 0.01749, -0.01065, 0.99594, -0.08763
3764841,1578642400545310,1,1,1,1,0,1,1,1,1,0,-0.05549622,-0.37358093,0.92591858,-0.04527283,-0.3874054,0.92079163,32.33145142,-1.22445679,-30.02633667,-26.5032196,-0.76322937,-23.64988708,0,0.0,3.96893311,3.96893311,0.64347506,0.45125282,1578642400538784,252396810681, HMD, -0.07584, 1.18882, 0.38734, 0.01749, -0.01065, 0.99594, -0.08763
3764849,1578642400549296,1,1,1,1,0,1,1,1,1,0,-0.08552551,-0.38421631,0.91926575,-0.1078949,-0.38793945,0.91534424,32.08598328,-1.01457214,-30.71809387,-26.77534485,-0.66094971,-23.96096802,0,0.0,3.8263855,3.8263855,0.64347506,0.45125282,1578642400552119,252396944134, HMD, -0.07576, 1.18868, 0.38735, 0.01665, -0.01080, 0.99603, -0.08675
3764849,1578642400553297,1,1,1,1,0,1,1,1,1,0,-0.08552551,-0.38421631,0.91926575,-0.1078949,-0.38793945,0.91534424,32.08598328,-1.01457214,-30.71809387,-26.77534485,-0.66094971,-23.96096802,0,0.0,3.8263855,3.8263855,0.64347506,0.45125282,1578642400553254,252396955390, HMD, -0.07575, 1.18866, 0.38735, 0.01658, -0.01081, 0.99604, -0.08668
3764857,1578642400560286,1,1,1,1,0,1,1,1,1,0,-0.13566589,-0.38237,0.91398621,-0.15548706,-0.38224792,0.91087341,31.8147583,-0.95051575,-30.97758484,-26.94485474,-0.62142944,-23.9589386,0,0.0,3.73225403,3.73225403,0.6364817,0.44930375,1578642400556975,252396992594, HMD, -0.07576, 1.18863, 0.38738, 0.01635, -0.01088, 0.99606, -0.08644
3764857,1578642400564297,1,1,1,1,0,1,1,1,1,0,-0.13566589,-0.38237,0.91398621,-0.15548706,-0.38224792,0.91087341,31.8147583,-0.95051575,-30.97758484,-26.94485474,-0.62142944,-23.9589386,0,0.0,3.73225403,3.73225403,0.6364817,0.44930375,1578642400556975,252396992594, HMD, -0.07576, 1.18863, 0.38738, 0.01635, -0.01088, 0.99606, -0.08644
3764866,1578642400570315,1,1,1,1,0,1,1,1,1,0,-0.18438721,-0.38751221,0.90322876,-0.19683838,-0.37844849,0.9044342,31.62591553,-0.82844543,-31.19819641,-27.08503723,-0.64393616,-23.82603455,0,0.0,3.62924194,3.62924194,0.6364817,0.44930375,1578642400582285,252397245729, HMD, -0.07557, 1.18841, 0.38743, 0.01441, -0.01120, 0.99622, -0.08488
3764866,1578642400574299,1,1,1,1,0,1,1,1,1,0,-0.18438721,-0.38751221,0.90322876,-0.19683838,-0.37844849,0.9044342,31.62591553,-0.82844543,-31.19819641,-27.08503723,-0.64393616,-23.82603455,0,0.0,3.62924194,3.62924194,0.6364817,0.44930375,1578642400582285,252397245729, HMD, -0.07557, 1.18841, 0.38743, 0.01441, -0.01120, 0.99622, -0.08488
3764874,1578642400582284,1,1,1,1,0,1,1,1,1,0,-0.188797,-0.36096191,0.91325378,-0.21153259,-0.3777771,0.90139771,31.52885437,-0.91148376,-30.98097229,-27.14093018,-0.66107178,-23.64213562,0,0.0,3.87742615,3.87742615,0.64030236,0.41503003,1578642400582285,252397245729, HMD, -0.07557, 1.18841, 0.38743, 0.01441, -0.01120, 0.99622, -0.08488
3764882,1578642400586295,1,1,1,1,0,1,1,1,1,0,-0.18682861,-0.36346436,0.91267395,-0.2013855,-0.37220764,0.90602112,31.55465698,-0.88786316,-31.02935791,-27.14227295,-0.7010498,-23.46903992,0,0.0,4.02064514,4.02064514,0.64030236,0.41503003,1578642400586361,252397286458, HMD, -0.07552, 1.18837, 0.38744, 0.01405, -0.01125, 0.99625, -0.08466
3764891,1578642400592282,1,1,1,1,0,1,1,1,1,0,-0.1934967,-0.34838867,0.91714478,-0.20783997,-0.38053894,0.90109253,31.59034729,-0.92195129,-30.91043091,-27.14433289,-0.69177246,-23.51600647,0,0.0,3.98512268,3.98512268,0.656115,0.45966932,1578642400586465,252397287495, HMD, -0.07552, 1.18837, 0.38744, 0.01404, -0.01125, 0.99625, -0.08466
3764891,1578642400596301,1,1,1,1,0,1,1,1,1,0,-0.1934967,-0.34838867,0.91714478,-0.20783997,-0.38053894,0.90109253,31.59034729,-0.92195129,-30.91043091,-27.14433289,-0.69177246,-23.51600647,0,0.0,3.98512268,3.98512268,0.656115,0.45966932,1578642400599114,252397414048, HMD, -0.07538, 1.18831, 0.38750, 0.01290, -0.01149, 0.99631, -0.08403
3764899,1578642400600276,1,1,1,1,0,1,1,1,1,0,-0.19087219,-0.34564209,0.91873169,-0.19908142,-0.35339355,0.91403198,31.58029175,-0.97975159,-30.76197815,-27.14730835,-0.74914551,-23.30400085,0,0.0,4.02568054,4.02568054,0.656115,0.45966932,1578642400600313,252397425973, HMD, -0.07536, 1.18830, 0.38750, 0.01276, -0.01151, 0.99632, -0.08396
3764899,1578642400604284,1,1,1,1,0,1,1,1,1,0,-0.19087219,-0.34564209,0.91873169,-0.19908142,-0.35339355,0.91403198,31.58029175,-0.97975159,-30.76197815,-27.14730835,-0.74914551,-23.30400085,0,0.0,4.02568054,4.02568054,0.656115,0.45966932,1578642400602749,252397450335, HMD, -0.07533, 1.18828, 0.38751, 0.01252, -0.01156, 0.99633, -0.08385
3764899,1578642400607924,1,1,1,1,0,1,1,1,1,0,-0.19087219,-0.34564209,0.91873169,-0.19908142,-0.35339355,0.91403198,31.58029175,-0.97975159,-30.76197815,-27.14730835,-0.74914551,-23.30400085,0,0.0,4.02568054,4.02568054,0.656115,0.45966932,1578642400602749,252397450335, HMD, -0.07533, 1.18828, 0.38751, 0.01252, -0.01156, 0.99633, -0.08385
3764907,1578642400612911,1,1,1,1,0,1,1,1,1,0,-0.19590759,-0.34896851,0.91641235,-0.20785522,-0.35995483,0.90950012,31.57647705,-0.96264648,-30.81881714,-27.16189575,-0.77059937,-23.18612671,0,0.0,4.00897217,4.00897217,0.68731409,0.4932563,1578642400617640,252397599276, HMD, -0.07512, 1.18818, 0.38757, 0.01100, -0.01190, 0.99641, -0.08312
3764916,1578642400616891,1,1,1,1,0,1,1,1,1,0,-0.2011261,-0.35211182,0.91407776,-0.21157837,-0.37199402,0.90379333,31.57266235,-0.94552612,-30.87564087,-27.18502808,-0.73220825,-23.34544373,0,0.0,4.01286316,4.01286316,0.68731409,0.4932563,1578642400617640,252397599276, HMD, -0.07512, 1.18818, 0.38757, 0.01100, -0.01190, 0.99641, -0.08312
3764916,1578642400620887,1,1,1,1,0,1,1,1,1,0,-0.2011261,-0.35211182,0.91407776,-0.21157837,-0.37199402,0.90379333,31.57266235,-0.94552612,-30.87564087,-27.18502808,-0.73220825,-23.34544373,0,0.0,4.01286316,4.01286316,0.68731409,0.4932563,1578642400620826,252397631101, HMD, -0.07507, 1.18816, 0.38759, 0.01067, -0.01197, 0.99642, -0.08296
3764924,1578642400624901,1,1,1,1,0,1,1,1,1,0,-0.19714355,-0.3547821,0.91390991,-0.21287537,-0.37249756,0.90327454,31.56874084,-0.96264648,-30.81881714,-27.19313049,-0.72962952,-23.36169434,0,0.0,4.0188446,4.0188446,0.70539349,0.52822405,1578642400621351,252397636354, HMD, -0.07506, 1.18816, 0.38759, 0.01062, -0.01198, 0.99643, -0.08293
3764924,1578642400629049,1,1,1,1,0,1,1,1,1,0,-0.19714355,-0.3547821,0.91390991,-0.21287537,-0.37249756,0.90327454,31.56874084,-0.96264648,-30.81881714,-27.19313049,-0.72962952,-23.36169434,0,0.0,4.0188446,4.0188446,0.70539349,0.52822405,1578642400631301,252397735881, HMD, -0.07491, 1.18808, 0.38764, 0.00958, -0.01222, 0.99648, -0.08242
3764924,1578642400632894,1,1,1,1,0,1,1,1,1,0,-0.19935608,-0.3525238,0.91430664,-0.21412659,-0.37306213,0.90274048,31.56481934,-0.97975159,-30.76197815,-27.20124817,-0.72706604,-23.37792969,0,0.0,4.01644897,4.01644897,0.70539349,0.52822405,1578642400632837,252397751215, HMD, -0.07488, 1.18807, 0.38764, 0.00941, -0.01226, 0.99648, -0.08234
3764932,1578642400636888,1,1,1,1,0,1,1,1,1,0,-0.19935608,-0.3525238,0.91430664,-0.21412659,-0.37306213,0.90274048,31.56481934,-0.97975159,-30.76197815,-27.20124817,-0.72706604,-23.37792969,0,0.0,4.01644897,4.01644897,0.70539349,0.52822405,1578642400634250,252397765339, HMD, -0.07489, 1.18807, 0.38765, 0.00926, -0.01228, 0.99649, -0.08226
3764932,1578642400640889,1,1,1,1,0,1,1,1,1,0,-0.20007324,-0.35464478,0.91333008,-0.22003174,-0.37179565,0.90185547,31.56095886,-0.98136902,-30.75953674,-27.20776367,-0.72962952,-23.36169434,0,0.0,4.02183533,4.02183533,0.70539349,0.52822405,1578642400646448,252397887336, HMD, -0.07464, 1.18795, 0.38768, 0.00798, -0.01260, 0.99656, -0.08158
3764941,1578642400644891,1,1,1,1,0,1,1,1,1,0,-0.20007324,-0.35464478,0.91333008,-0.22003174,-0.37179565,0.90185547,31.56095886,-0.98136902,-30.75953674,-27.20776367,-0.72962952,-23.36169434,0,0.0,4.02183533,4.02183533,0.71060973,0.53682131,1578642400646448,252397887336, HMD, -0.07464, 1.18795, 0.38768, 0.00798, -0.01260, 0.99656, -0.08158
3764941,1578642400648889,1,1,1,1,0,1,1,1,1,0,-0.20007324,-0.35464478,0.91333008,-0.22003174,-0.37179565,0.90185547,31.56095886,-0.98136902,-30.75953674,-27.20776367,-0.72962952,-23.36169434,0,0.0,4.02183533,4.02183533,0.71060973,0.53682131,1578642400648916,252397912007, HMD, -0.07460, 1.18793, 0.38770, 0.00772, -0.01266, 0.99657, -0.08144
3764949,1578642400653879,1,1,1,1,0,1,1,1,1,0,-0.20079041,-0.35670471,0.91236877,-0.22076416,-0.37120056,0.9019165,31.55709839,-0.97975159,-30.75915527,-27.21427917,-0.73220825,-23.34544373,0,0.0,4.02687073,4.02687073,0.71060973,0.53682131,1578642400650221,252397925049, HMD, -0.07458, 1.18792, 0.38770, 0.00757, -0.01269, 0.99657, -0.08136
3764949,1578642400657885,1,1,1,1,0,1,1,1,1,0,-0.20079041,-0.35670471,0.91236877,-0.22076416,-0.37120056,0.9019165,31.55709839,-0.97975159,-30.75915527,-27.21427917,-0.73220825,-23.34544373,0,0.0,4.02687073,4.02687073,0.71060973,0.53682131,1578642400660798,252398030837, HMD, -0.07441, 1.18784, 0.38776, 0.00638, -0.01295, 0.99663, -0.08071
3764957,1578642400661885,1,1,1,1,0,1,1,1,1,0,-0.20318604,-0.35452271,0.91268921,-0.22320557,-0.36734009,0.90289307,31.55307007,-0.97901917,-30.76057434,-27.21490479,-0.72962952,-23.36169434,0,0.0,4.03909302,4.03909302,0.70275354,0.5203076,1578642400661957,252398042417, HMD, -0.07439, 1.18783, 0.38777, 0.00624, -0.01298, 0.99664, -0.08063
3764957,1578642400665883,1,1,1,1,0,1,1,1,1,0,-0.20318604,-0.35452271,0.91268921,-0.22320557,-0.36734009,0.90289307,31.55307007,-0.97901917,-30.76057434,-27.21490479,-0.72962952,-23.36169434,0,0.0,4.03909302,4.03909302,0.70275354,0.5203076,1578642400664300,252398065847, HMD, -0.07435, 1.18780, 0.38778, 0.00597, -0.01304, 0.99665, -0.08048
3764966,1578642400669894,1,1,1,1,0,1,1,1,1,0,-0.20542908,-0.35240173,0.91300964,-0.22146606,-0.36503601,0.9042511,31.54946899,-0.97827148,-30.76197815,-27.2155304,-0.7303772,-23.34544373,0,0.0,4.02790833,4.02790833,0.70275354,0.5203076,1578642400664300,252398065847, HMD, -0.07435, 1.18780, 0.38778, 0.00597, -0.01304, 0.99665, -0.08048
3764974,1578642400675872,1,1,1,1,0,1,1,1,1,0,-0.1789093,-0.35881042,0.91609192,-0.20800781,-0.36413574,0.9078064,31.68371582,-0.96757507,-30.81439209,-27.13517761,-0.68362427,-23.52095032,0,0.0,3.92570496,3.92570496,0.70087886,0.53413475,1578642400676656,252398189416, HMD, -0.07409, 1.18767, 0.38784, 0.00453, -0.01330, 0.99673, -0.07960
3764974,1578642400679871,1,1,1,1,0,1,1,1,1,0,-0.1789093,-0.35881042,0.91609192,-0.20800781,-0.36413574,0.9078064,31.68371582,-0.96757507,-30.81439209,-27.13517761,-0.68362427,-23.52095032,0,0.0,3.92570496,3.92570496,0.70087886,0.53413475,1578642400679573,252398218575, HMD, -0.07403, 1.18764, 0.38786, 0.00419, -0.01336, 0.99675, -0.07938
3764982,1578642400684887,1,1,1,1,0,1,1,1,1,0,-0.10220337,-0.40817261,0.90715027,-0.13858032,-0.36375427,0.92111206,31.9513092,-0.84680176,-31.07617188,-26.89709473,-0.55848694,-24.05311584,0,0.0,3.75268555,3.75268555,0.70087886,0.53413475,1578642400688495,252398307800, HMD, -0.07385, 1.18752, 0.38791, 0.00313, -0.01353, 0.99680, -0.07869
3764982,1578642400688864,1,1,1,1,0,1,1,1,1,0,-0.10220337,-0.40817261,0.90715027,-0.13858032,-0.36375427,0.92111206,31.9513092,-0.84680176,-31.07617188,-26.89709473,-0.55848694,-24.05311584,0,0.0,3.75268555,3.75268555,0.70087886,0.53413475,1578642400688827,252398311118, HMD, -0.07384, 1.18752, 0.38791, 0.00308, -0.01354, 0.99680, -0.07866
3764991,1578642400693868,1,1,1,1,0,1,1,1,1,0,-0.04660034,-0.36808777,0.92860413,-0.04634094,-0.3690033,0.92826843,32.24255371,-0.92791748,-30.82569885,-26.54405212,-0.49980164,-24.33918762,0,0.0,3.79130554,3.79130554,0.64553201,0.45995352,1578642400691799,252398340838, HMD, -0.07379, 1.18748, 0.38793, 0.00273, -0.01360, 0.99682, -0.07841
3764991,1578642400697869,1,1,1,1,0,1,1,1,1,0,-0.04660034,-0.36808777,0.92860413,-0.04634094,-0.3690033,0.92826843,32.24255371,-0.92791748,-30.82569885,-26.54405212,-0.49980164,-24.33918762,0,0.0,3.79130554,3.79130554,0.64553201,0.45995352,1578642400703037,252398453259, HMD, -0.07356, 1.18733, 0.38800, 0.00144, -0.01382, 0.99690, -0.07747
3764999,1578642400703890,1,1,1,1,0,1,1,1,1,0,0.01348877,-0.36923218,0.92922974,0.00245667,-0.35597229,0.93447876,32.54127502,-0.95985413,-30.73277283,-26.0925293,-0.66082764,-23.89346313,0,0.0,3.96685791,3.96685791,0.64553201,0.45995352,1578642400703863,252398461470, HMD, -0.07354, 1.18731, 0.38800, 0.00136, -0.01384, 0.99690, -0.07740
3764999,1578642400707859,1,1,1,1,0,1,1,1,1,0,0.01348877,-0.36923218,0.92922974,0.00245667,-0.35597229,0.93447876,32.54127502,-0.95985413,-30.73277283,-26.0925293,-0.66082764,-23.89346313,0,0.0,3.96685791,3.96685791,0.64553201,0.45995352,1578642400706477,252398487611, HMD, -0.07349, 1.18728, 0.38802, 0.00106, -0.01388, 0.99692, -0.07718
3765007,1578642400712846,1,1,1,1,0,1,1,1,1,0,0.06704712,-0.35528564,0.93234253,0.06542969,-0.34892273,0.93486023,32.86132813,-1.17256165,-30.16368103,-25.71846008,-0.65037537,-23.95297241,0,0.0,3.95521545,3.95521545,0.58634335,0.36697057,1578642400715006,252398572918, HMD, -0.07337, 1.18716, 0.38810, 0.00000, -0.01400, 0.99698, -0.07643
3765016,1578642400716870,1,1,1,1,0,1,1,1,1,0,0.12136841,-0.36238098,0.92408752,0.12431335,-0.34642029,0.92979431,33.1539917,-1.23205566,-30.11305237,-25.31559753,-0.76593018,-23.86846924,0,0.0,3.94120789,3.94120789,0.58634335,0.36697057,1578642400716840,252398591249, HMD, -0.07333, 1.18713, 0.38811, 0.00000, -0.01402, 0.99699, -0.07627
3765016,1578642400721843,1,1,1,1,0,1,1,1,1,0,0.12136841,-0.36238098,0.92408752,0.12431335,-0.34642029,0.92979431,33.1539917,-1.23205566,-30.11305237,-25.31559753,-0.76593018,-23.86846924,0,0.0,3.94120789,3.94120789,0.58634335,0.36697057,1578642400718376,252398606599, HMD, -0.07330, 1.18711, 0.38812, 0.00000, 0.01404, -0.99700, 0.07614
3765024,1578642400725856,1,1,1,1,0,1,1,1,1,0,0.19293213,-0.3822937,0.90365601,0.1812439,-0.35710144,0.91630554,33.42662048,-1.30319214,-29.95845032,-24.93309021,-0.84368896,-23.86833191,0,0.0,4.04951477,4.04951477,0.58642548,0.28499016,1578642400729011,252398712980, HMD, -0.07312, 1.18696, 0.38821, 0.00100, 0.01408, -0.99707, 0.07523
3765024,1578642400729859,1,1,1,1,0,1,1,1,1,0,0.19293213,-0.3822937,0.90365601,0.1812439,-0.35710144,0.91630554,33.42662048,-1.30319214,-29.95845032,-24.93309021,-0.84368896,-23.86833191,0,0.0,4.04951477,4.04951477,0.58642548,0.28499016,1578642400729917,252398722016, HMD, -0.07311, 1.18694, 0.38822, 0.00107, 0.01409, -0.99707, 0.07516
3765032,1578642400733840,1,1,1,1,0,1,1,1,1,0,0.24398804,-0.38406372,0.89047241,0.23603821,-0.38456726,0.89239502,33.68487549,-1.16775513,-30.52636719,-24.62709045,-0.8417511,-23.97566223,0,0.0,4.01881409,4.01881409,0.58642548,0.28499016,1578642400732073,252398743569, HMD, -0.07307, 1.18691, 0.38824, 0.00124, 0.01408, -0.99709, 0.07497
3765032,1578642400737836,1,1,1,1,0,1,1,1,1,0,0.24398804,-0.38406372,0.89047241,0.23603821,-0.38456726,0.89239502,33.68487549,-1.16775513,-30.52636719,-24.62709045,-0.8417511,-23.97566223,0,0.0,4.01881409,4.01881409,0.58642548,0.28499016,1578642400741685,252398839704, HMD, -0.07293, 1.18676, 0.38829, 0.00189, 0.01401, -0.99714, 0.07421
3765041,1578642400741855,1,1,1,1,0,1,1,1,1,0,0.29873657,-0.40202332,0.86550903,0.29397583,-0.35343933,0.88804626,33.87683105,-1.598526,-29.06121826,-24.34989929,-0.7691803,-24.49052429,0,0.0,4.02770996,4.02770996,0.6283195,0.21388261,1578642400741818,252398841026, HMD, -0.07293, 1.18676, 0.38829, 0.00190, 0.01401, -0.99714, 0.07419
3765041,1578642400745834,1,1,1,1,0,1,1,1,1,0,0.29873657,-0.40202332,0.86550903,0.29397583,-0.35343933,0.88804626,33.87683105,-1.598526,-29.06121826,-24.34989929,-0.7691803,-24.49052429,0,0.0,4.02770996,4.02770996,0.6283195,0.21388261,1578642400744691,252398869750, HMD, -0.07288, 1.18672, 0.38831, 0.00207, 0.01397, -0.99716, 0.07397
3765049,1578642400749855,1,1,1,1,0,1,1,1,1,0,0.34448242,-0.41342163,0.84284973,0.31546021,-0.35235596,0.88108826,33.98242188,-2.00041199,-27.74119568,-24.22821045,-0.82754517,-24.23422241,0,0.0,4.20683289,4.20683289,0.6283195,0.21388261,1578642400753021,252398953073, HMD, -0.07277, 1.18661, 0.38839, 0.00248, 0.01382, -0.99721, 0.07336
3765049,1578642400753857,1,1,1,1,0,1,1,1,1,0,0.34448242,-0.41342163,0.84284973,0.31546021,-0.35235596,0.88108826,33.98242188,-2.00041199,-27.74119568,-24.22821045,-0.82754517,-24.23422241,0,0.0,4.20683289,4.20683289,0.6283195,0.21388261,1578642400753906,252398961909, HMD, -0.07277, 1.18662, 0.38838, 0.00253, 0.01379, -0.99721, 0.07330
3765057,1578642400757844,1,1,1,1,0,1,1,1,1,0,0.34448242,-0.41342163,0.84284973,0.31546021,-0.35235596,0.88108826,33.98242188,-2.00041199,-27.74119568,-24.22821045,-0.82754517,-24.23422241,0,0.0,4.20683289,4.20683289,0.65743923,0.20078163,1578642400756713,252398989973, HMD, -0.07272, 1.18658, 0.38839, 0.00263, 0.01374, -0.99723, 0.07311
3765057,1578642400761841,1,1,1,1,0,1,1,1,1,0,0.34243774,-0.42333984,0.83874512,0.30729675,-0.33638,0.89016724,34.00680542,-2.06861877,-27.54058838,-24.19178772,-0.8946991,-24.03816223,0,0.0,4.19937134,4.19937134,0.65743923,0.20078163,1578642400765386,252399076701, HMD, -0.07261, 1.18648, 0.38847, 0.00295, 0.01353, -0.99727, 0.07257
3765057,1578642400765834,1,1,1,1,0,1,1,1,1,0,0.34243774,-0.42333984,0.83874512,0.30729675,-0.33638,0.89016724,34.00680542,-2.06861877,-27.54058838,-24.19178772,-0.8946991,-24.03816223,0,0.0,4.19937134,4.19937134,0.65743923,0.20078163,1578642400765794,252399080782, HMD, -0.07261, 1.18648, 0.38847, 0.00297, 0.01352, -0.99727, 0.07255
3765066,1578642400770846,1,1,1,1,0,1,1,1,1,0,0.34823608,-0.40776062,0.84405518,0.31248474,-0.34706116,0.88423157,34.01875305,-2.05851746,-27.52883911,-24.240448,-0.82940674,-24.20263672,0,0.0,4.21684265,4.21684265,0.65743923,0.20078163,1578642400768435,252399107197, HMD, -0.07258, 1.18645, 0.38850, 0.00305, 0.01344, -0.99728, 0.07239
3765074,1578642400774840,1,1,1,1,0,1,1,1,1,0,0.35531616,-0.41191101,0.83908081,0.31239319,-0.34339905,0.88569641,34.03921509,-2.05523682,-27.45013428,-24.24554443,-0.83609009,-24.1743927,0,0.0,4.11940002,4.11940002,0.6964466,0.24253482,1578642400777508,252399197933, HMD, -0.07248, 1.18636, 0.38861, 0.00331, 0.01320, -0.99731, 0.07198
3765074,1578642400779842,1,1,1,1,0,1,1,1,1,0,0.35531616,-0.41191101,0.83908081,0.31239319,-0.34339905,0.88569641,34.03921509,-2.05523682,-27.45013428,-24.24554443,-0.83609009,-24.1743927,0,0.0,4.11940002,4.11940002,0.6964466,0.24253482,1578642400779791,252399220756, HMD, -0.07246, 1.18635, 0.38863, 0.00337, 0.01315, -0.99732, 0.07189
3765082,1578642400783828,1,1,1,1,0,1,1,1,1,0,0.34591675,-0.41264343,0.84263611,0.31732178,-0.34753418,0.88232422,34.07446289,-2.01792908,-27.5249939,-24.24809265,-0.82684326,-24.18403625,0,0.0,4.09048462,4.09048462,0.6964466,0.24253482,1578642400780456,252399227406, HMD, -0.07245, 1.18634, 0.38864, 0.00338, 0.01313, -0.99732, 0.07186
3765082,1578642400788827,1,1,1,1,0,1,1,1,1,0,0.34591675,-0.41264343,0.84263611,0.31732178,-0.34753418,0.88232422,34.07446289,-2.01792908,-27.5249939,-24.24809265,-0.82684326,-24.18403625,0,0.0,4.09048462,4.09048462,0.6964466,0.24253482,1578642400792093,252399343785, HMD, -0.07232, 1.18626, 0.38877, 0.00363, 0.01283, -0.99735, 0.07149
3765091,1578642400792835,1,1,1,1,0,1,1,1,1,0,0.33534241,-0.40815735,0.84907532,0.3170929,-0.34976196,0.88153076,34.11083984,-1.95866394,-27.72694397,-24.25708008,-0.83866882,-24.13716125,0,0.0,4.2111969,4.2111969,0.71501988,0.26637927,1578642400792792,252399350766, HMD, -0.07232, 1.18626, 0.38878, 0.00364, 0.01281, -0.99735, 0.07147
3765099,1578642400798834,1,1,1,1,0,1,1,1,1,0,0.34950256,-0.41566467,0.8396759,0.31777954,-0.34474182,0.883255,34.13517761,-1.8976593,-27.9642334,-24.26263428,-0.85006714,-24.09622192,0,0.0,4.17118835,4.17118835,0.71501988,0.26637927,1578642400796467,252399387510, HMD, -0.07230, 1.18626, 0.38882, 0.00370, 0.01274, -0.99736, 0.07136
3765099,1578642400802838,1,1,1,1,0,1,1,1,1,0,0.34950256,-0.41566467,0.8396759,0.31777954,-0.34474182,0.883255,34.13517761,-1.8976593,-27.9642334,-24.26263428,-0.85006714,-24.09622192,0,0.0,4.17118835,4.17118835,0.71501988,0.26637927,1578642400805552,252399478376, HMD, -0.07221, 1.18622, 0.38892, 0.00383, 0.01258, -0.99738, 0.07113
3765099,1578642400807825,1,1,1,1,0,1,1,1,1,0,0.34950256,-0.41566467,0.8396759,0.31777954,-0.34474182,0.883255,34.13517761,-1.8976593,-27.9642334,-24.26263428,-0.85006714,-24.09622192,0,0.0,4.17118835,4.17118835,0.71501988,0.26637927,1578642400807780,252399500638, HMD, -0.07219, 1.18620, 0.38894, 0.00385, 0.01254, -0.99738, 0.07107
3765107,1578642400811813,1,1,1,1,0,1,1,1,1,0,0.33058167,-0.41815186,0.84606934,0.31988525,-0.33937073,0.88458252,34.14312744,-1.91441345,-27.93673706,-24.26818848,-0.8614502,-24.05528259,0,0.0,4.09587097,4.09587097,0.71922553,0.2752046,1578642400808756,252399510404, HMD, -0.07218, 1.18620, 0.38895, 0.00386, 0.01252, -0.99739, 0.07105
3765107,1578642400815833,1,1,1,1,0,1,1,1,1,0,0.33058167,-0.41815186,0.84606934,0.31988525,-0.33937073,0.88458252,34.14312744,-1.91441345,-27.93673706,-24.26818848,-0.8614502,-24.05528259,0,0.0,4.09587097,4.09587097,0.71922553,0.2752046,1578642400817302,252399595863, HMD, -0.07216, 1.18621, 0.38904, 0.00389, 0.01240, -0.99740, 0.07084
3765115,1578642400819815,1,1,1,1,0,1,1,1,1,0,0.33735657,-0.4108429,0.84698486,0.31826782,-0.3420105,0.88414001,34.14457703,-1.90551758,-27.9786377,-24.27561951,-0.87532043,-24.00465393,0,0.0,4.16931152,4.16931152,0.71922553,0.2752046,1578642400819844,252399621284, HMD, -0.07214, 1.18620, 0.38906, 0.00390, 0.01236, -0.99741, 0.07077
3765124,1578642400823839,1,1,1,1,0,1,1,1,1,0,0.33735657,-0.4108429,0.84698486,0.31826782,-0.3420105,0.88414001,34.14457703,-1.90551758,-27.9786377,-24.27561951,-0.87532043,-24.00465393,0,0.0,4.16931152,4.16931152,0.72011203,0.30864847,1578642400820335,252399626195, HMD, -0.07213, 1.18619, 0.38907, 0.00391, 0.01236, -0.99741, 0.07076
3765124,1578642400827813,1,1,1,1,0,1,1,1,1,0,0.33778381,-0.41130066,0.84658813,0.31669617,-0.34465027,0.88368225,34.14421082,-1.90660095,-27.98370361,-24.2830658,-0.88917542,-23.95402527,0,0.0,4.15885925,4.15885925,0.72011203,0.30864847,1578642400831015,252399733001, HMD, -0.07204, 1.18614, 0.38918, 0.00390, 0.01223, -0.99743, 0.07049
3765124,1578642400831811,1,1,1,1,0,1,1,1,1,0,0.33778381,-0.41130066,0.84658813,0.31669617,-0.34465027,0.88368225,34.14421082,-1.90660095,-27.98370361,-24.2830658,-0.88917542,-23.95402527,0,0.0,4.15885925,4.15885925,0.72011203,0.30864847,1578642400831811,252399740954, HMD, -0.07204, 1.18614, 0.38919, 0.00390, 0.01222, -0.99743, 0.07047
3765132,1578642400835825,1,1,1,1,0,1,1,1,1,0,0.33811951,-0.4099884,0.84709167,0.31896973,-0.3470459,0.88192749,34.14457703,-1.90551758,-27.98876953,-24.29251099,-0.90379333,-23.89463806,0,0.0,4.16879272,4.16879272,0.72011203,0.30864847,1578642400833981,252399762653, HMD, -0.07209, 1.18612, 0.38921, 0.00390, 0.01218, -0.99744, 0.07041
3765132,1578642400839819,1,1,1,1,0,1,1,1,1,0,0.33811951,-0.4099884,0.84709167,0.31896973,-0.3470459,0.88192749,34.14457703,-1.90551758,-27.98876953,-24.29251099,-0.90379333,-23.89463806,0,0.0,4.16879272,4.16879272,0.72011203,0.30864847,1578642400843527,252399858119, HMD, -0.07202, 1.18607, 0.38931, 0.00384, 0.01205, -0.99745, 0.07017
3765140,1578642400843805,1,1,1,1,0,1,1,1,1,0,0.342453,-0.40708923,0.84675598,0.3212738,-0.34938049,0.88017273,34.14466858,-1.90534973,-28.00163269,-24.30197144,-0.918396,-23.83525085,0,0.0,4.16928101,4.16928101,0.7341243,0.31029916,1578642400843759,252399860435, HMD, -0.07202, 1.18607, 0.38931, 0.00383, 0.01205, -0.99746, 0.07017
3765140,1578642400847829,1,1,1,1,0,1,1,1,1,0,0.342453,-0.40708923,0.84675598,0.3212738,-0.34938049,0.88017273,34.14466858,-1.90534973,-28.00163269,-24.30197144,-0.918396,-23.83525085,0,0.0,4.16928101,4.16928101,0.7341243,0.31029916,1578642400846619,252399889030, HMD, -0.07200, 1.18606, 0.38934, 0.00380, 0.01202, -0.99746, 0.07010
3765149,1578642400851823,1,1,1,1,0,1,1,1,1,0,0.34298706,-0.4046936,0.84767151,0.32049561,-0.34896851,0.88061523,34.14474487,-1.90519714,-28.01448059,-24.3125,-0.92669678,-23.81108093,0,0.0,4.16899109,4.16899109,0.7341243,0.31029916,1578642400855953,252399982389, HMD, -0.07202, 1.18599, 0.38942, 0.00373, 0.01190, -0.99748, 0.06990
3765149,1578642400855821,1,1,1,1,0,1,1,1,1,0,0.34298706,-0.4046936,0.84767151,0.32049561,-0.34896851,0.88061523,34.14474487,-1.90519714,-28.01448059,-24.3125,-0.92669678,-23.81108093,0,0.0,4.16899109,4.16899109,0.7341243,0.31029916,1578642400855953,252399982389, HMD, -0.07202, 1.18599, 0.38942, 0.00373, 0.01190, -0.99748, 0.06990
3765157,1578642400859824,1,1,1,1,0,1,1,1,1,0,0.34365845,-0.4037323,0.84786987,0.31991577,-0.34863281,0.88095093,34.14822388,-1.89624023,-28.05195618,-24.32301331,-0.9349823,-23.78689575,0,0.0,4.173172,4.173172,0.72583818,0.33334649,1578642400859474,252400017583, HMD, -0.07200, 1.18597, 0.38946, 0.00369, 0.01185, -0.99748, 0.06984
3765157,1578642400863828,1,1,1,1,0,1,1,1,1,0,0.34365845,-0.4037323,0.84786987,0.31991577,-0.34863281,0.88095093,34.14822388,-1.89624023,-28.05195618,-24.32301331,-0.9349823,-23.78689575,0,0.0,4.173172,4.173172,0.72583818,0.33334649,1578642400859474,252400017583, HMD, -0.07200, 1.18597, 0.38946, 0.00369, 0.01185, -0.99748, 0.06984
3765165,1578642400867821,1,1,1,1,0,1,1,1,1,0,0.34034729,-0.39494324,0.85333252,0.31996155,-0.34709167,0.88154602,34.1934967,-1.92597961,-27.95883179,-24.32569885,-0.93615723,-23.77949524,0,0.0,4.18057251,4.18057251,0.72583818,0.33334649,1578642400871818,252400141084, HMD, -0.07192, 1.18594, 0.38957, 0.00359, 0.01170, -0.99750, 0.06966
3765165,1578642400871813,1,1,1,1,0,1,1,1,1,0,0.34034729,-0.39494324,0.85333252,0.31996155,-0.34709167,0.88154602,34.1934967,-1.92597961,-27.95883179,-24.32569885,-0.93615723,-23.77949524,0,0.0,4.18057251,4.18057251,0.72583818,0.33334649,1578642400871818,252400141084, HMD, -0.07192, 1.18594, 0.38957, 0.00359, 0.01170, -0.99750, 0.06966
3765174,1578642400876816,1,1,1,1,0,1,1,1,1,0,0.33688354,-0.39710999,0.85369873,0.3218689,-0.3494873,0.87991333,34.21316528,-2.01657104,-27.65962219,-24.32301331,-0.93731689,-23.77207947,0,0.0,4.23545837,4.23545837,0.72719127,0.34104431,1578642400876003,252400182875, HMD, -0.07191, 1.18595, 0.38957, 0.00354, 0.01167, -0.99750, 0.06962
3765174,1578642400881327,1,1,1,1,0,1,1,1,1,0,0.33688354,-0.39710999,0.85369873,0.3218689,-0.3494873,0.87991333,34.21316528,-2.01657104,-27.65962219,-24.32301331,-0.93731689,-23.77207947,0,0.0,4.23545837,4.23545837,0.72719127,0.34104431,1578642400876003,252400182875, HMD, -0.07191, 1.18595, 0.38957, 0.00354, 0.01167, -0.99750, 0.06962
3765182,1578642400886276,1,1,1,1,0,1,1,1,1,0,0.34562683,-0.39405823,0.85160828,0.32077026,-0.34747314,0.88110352,34.22267151,-2.04325867,-27.59197998,-24.31454468,-0.9387207,-23.77198792,0,0.0,4.26647949,4.26647949,0.72719127,0.34104431,1578642400888648,252400309329, HMD, -0.07183, 1.18594, 0.38968, 0.00350, 0.01157, -0.99751, 0.06949
3765182,1578642400890288,1,1,1,1,0,1,1,1,1,0,0.34562683,-0.39405823,0.85160828,0.32077026,-0.34747314,0.88110352,34.22267151,-2.04325867,-27.59197998,-24.31454468,-0.9387207,-23.77198792,0,0.0,4.26647949,4.26647949,0.72719127,0.34104431,1578642400890304,252400325883, HMD, -0.07181, 1.18594, 0.38970, 0.00350, 0.01157, -0.99751, 0.06947
3765190,1578642400894274,1,1,1,1,0,1,1,1,1,0,0.34645081,-0.39378357,0.85139465,0.31962585,-0.34545898,0.88230896,34.23217773,-2.06994629,-27.52432251,-24.30609131,-0.94013977,-23.7718811,0,0.0,4.26756287,4.26756287,0.73701727,0.36373413,1578642400891787,252400340719, HMD, -0.07180, 1.18594, 0.38971, 0.00350, 0.01157, -0.99751, 0.06945
3765190,1578642400898284,1,1,1,1,0,1,1,1,1,0,0.34645081,-0.39378357,0.85139465,0.31962585,-0.34545898,0.88230896,34.23217773,-2.06994629,-27.52432251,-24.30609131,-0.94013977,-23.7718811,0,0.0,4.26756287,4.26756287,0.73701727,0.36373413,1578642400900655,252400429392, HMD, -0.07176, 1.18595, 0.38975, 0.00348, 0.01156, -0.99752, 0.06934
3765199,1578642400902267,1,1,1,1,0,1,1,1,1,0,0.34448242,-0.3911438,0.85340881,0.3205719,-0.34559631,0.88191223,34.24085999,-2.06828308,-27.5597229,-24.30403137,-0.94285583,-23.7487793,0,0.0,4.25445557,4.25445557,0.73701727,0.36373413,1578642400902313,252400445971, HMD, -0.07174, 1.18595, 0.38976, 0.00347, 0.01156, -0.99752, 0.06932
3765199,1578642400906269,1,1,1,1,0,1,1,1,1,0,0.34448242,-0.3911438,0.85340881,0.3205719,-0.34559631,0.88191223,34.24085999,-2.06828308,-27.5597229,-24.30403137,-0.94285583,-23.7487793,0,0.0,4.25445557,4.25445557,0.73701727,0.36373413,1578642400904072,252400463567, HMD, -0.07173, 1.18595, 0.38978, 0.00348, 0.01157, -0.99752, 0.06930
3765207,1578642400910288,1,1,1,1,0,1,1,1,1,0,0.34246826,-0.39009094,0.85470581,0.32139587,-0.34570313,0.88157654,34.24952698,-2.06994629,-27.58566284,-24.30197144,-0.94558716,-23.72566223,0,0.0,4.24040222,4.24040222,0.74850357,0.35216171,1578642400913128,252400554131, HMD, -0.07165, 1.18594, 0.38984, 0.00351, 0.01160, -0.99753, 0.06917
3765215,1578642400915277,1,1,1,1,0,1,1,1,1,0,0.34051514,-0.39115906,0.85499573,0.32089233,-0.34477234,0.8821106,34.25587463,-2.06828308,-27.59039307,-24.30197144,-0.97673035,-23.59968567,0,0.0,4.23791504,4.23791504,0.74850357,0.35216171,1578642400915225,252400575110, HMD, -0.07168, 1.18596, 0.38980, 0.00350, 0.01162, -0.99753, 0.06915
3765215,1578642400919269,1,1,1,1,0,1,1,1,1,0,0.34051514,-0.39115906,0.85499573,0.32089233,-0.34477234,0.8821106,34.25587463,-2.06828308,-27.59039307,-24.30197144,-0.97673035,-23.59968567,0,0.0,4.23791504,4.23791504,0.74850357,0.35216171,1578642400916779,252400590638, HMD, -0.07167, 1.18596, 0.38981, 0.00350, 0.01162, -0.99753, 0.06912
3765215,1578642400924285,1,1,1,1,0,1,1,1,1,0,0.34051514,-0.39115906,0.85499573,0.32089233,-0.34477234,0.8821106,34.25587463,-2.06828308,-27.59039307,-24.30197144,-0.97673035,-23.59968567,0,0.0,4.23791504,4.23791504,0.74850357,0.35216171,1578642400925223,252400675082, HMD, -0.07160, 1.18595, 0.38986, 0.00353, 0.01167, -0.99754, 0.06897
3765224,1578642400928267,1,1,1,1,0,1,1,1,1,0,0.3392334,-0.39051819,0.85578918,0.32893372,-0.36300659,0.8717804,34.26223755,-2.06660461,-27.59513855,-24.30197144,-1.13299561,-22.77871704,0,0.0,4.23796082,4.23796082,0.7412616,0.35762644,1578642400928321,252400706051, HMD, -0.07157, 1.18595, 0.38987, 0.00355, 0.01169, -0.99755, 0.06891
3765224,1578642400932257,1,1,1,1,0,1,1,1,1,0,0.3392334,-0.39051819,0.85578918,0.32893372,-0.36300659,0.8717804,34.26223755,-2.06660461,-27.59513855,-24.30197144,-1.13299561,-22.77871704,0,0.0,4.23796082,4.23796082,0.7412616,0.35762644,1578642400928982,252400712667, HMD, -0.07156, 1.18595, 0.38988, 0.00355, 0.01169, -0.99755, 0.06890
3765232,1578642400936286,1,1,1,1,0,1,1,1,1,0,0.34182739,-0.39086914,0.854599,0.32957458,-0.36296082,0.87155151,34.25587463,-2.06828308,-27.59039307,-24.30609131,-1.13299561,-22.77871704,0,0.0,4.23738098,4.23738098,0.7412616,0.35762644,1578642400936936,252400792214, HMD, -0.07153, 1.18594, 0.38991, 0.00360, 0.01172, -0.99756, 0.06876
3765232,1578642400940283,1,1,1,1,0,1,1,1,1,0,0.34182739,-0.39086914,0.854599,0.32957458,-0.36296082,0.87155151,34.25587463,-2.06828308,-27.59039307,-24.30609131,-1.13299561,-22.77871704,0,0.0,4.23738098,4.23738098,0.7412616,0.35762644,1578642400940333,252400826173, HMD, -0.07150, 1.18594, 0.38992, 0.00362, 0.01172, -0.99756, 0.06868
3765240,1578642400944281,1,1,1,1,0,1,1,1,1,0,0.34060669,-0.39259338,0.85430908,0.32618713,-0.36251831,0.87301636,34.26223755,-2.06660461,-27.59513855,-24.3074646,-1.13299561,-22.77871704,0,0.0,4.24147034,4.24147034,0.74917924,0.373023,1578642400940621,252400829054, HMD, -0.07150, 1.18594, 0.38992, 0.00363, 0.01172, -0.99756, 0.06868
3765240,1578642400948291,1,1,1,1,0,1,1,1,1,0,0.34060669,-0.39259338,0.85430908,0.32618713,-0.36251831,0.87301636,34.26223755,-2.06660461,-27.59513855,-24.3074646,-1.13299561,-22.77871704,0,0.0,4.24147034,4.24147034,0.74917924,0.373023,1578642400950113,252400923977, HMD, -0.07141, 1.18594, 0.38997, 0.00371, 0.01171, -0.99758, 0.06848
3765249,1578642400952261,1,1,1,1,0,1,1,1,1,0,0.34153748,-0.39411926,0.85322571,0.32466125,-0.36076355,0.87431335,34.25810242,-2.06828308,-27.59039307,-24.3074646,-1.13299561,-22.77871704,0,0.0,4.23054504,4.23054504,0.74917924,0.373023,1578642400952268,252400945525, HMD, -0.07142, 1.18595, 0.38996, 0.00372, 0.01170, -0.99758, 0.06844
3765249,1578642400956269,1,1,1,1,0,1,1,1,1,0,0.34153748,-0.39411926,0.85322571,0.32466125,-0.36076355,0.87431335,34.25810242,-2.06828308,-27.59039307,-24.3074646,-1.13299561,-22.77871704,0,0.0,4.23054504,4.23054504,0.74917924,0.373023,1578642400953290,252400955741, HMD, -0.07140, 1.18595, 0.38997, 0.00374, 0.01170, -0.99758, 0.06842
3765257,1578642400960275,1,1,1,1,0,1,1,1,1,0,0.34109497,-0.3971405,0.852005,0.3261261,-0.35972595,0.87419128,34.26223755,-2.06994629,-27.58566284,-24.3074646,-1.13299561,-22.77871704,0,0.0,4.23097229,4.23097229,0.74027753,0.37442207,1578642400963013,252401052986, HMD, -0.07130, 1.18594, 0.39001, 0.00386, 0.01164, -0.99759, 0.06823
3765265,1578642400966263,1,1,1,1,0,1,1,1,1,0,0.34165955,-0.39924622,0.85079956,0.32684326,-0.35919189,0.87414551,34.26298523,-2.07264709,-27.55499268,-24.3074646,-1.13299561,-22.77871704,0,0.0,4.23370361,4.23370361,0.74027753,0.37442207,1578642400966043,252401083274, HMD, -0.07127, 1.18594, 0.39002, 0.00392, 0.01162, -0.99760, 0.06816
3765265,1578642400970303,1,1,1,1,0,1,1,1,1,0,0.34165955,-0.39924622,0.85079956,0.32684326,-0.35919189,0.87414551,34.26298523,-2.07264709,-27.55499268,-24.3074646,-1.13299561,-22.77871704,0,0.0,4.23370361,4.23370361,0.74027753,0.37442207,1578642400966043,252401083274, HMD, -0.07127, 1.18594, 0.39002, 0.00392, 0.01162, -0.99760, 0.06816
3765274,1578642400976254,1,1,1,1,0,1,1,1,1,0,0.34181213,-0.39698792,0.85179138,0.32687378,-0.35847473,0.87442017,34.26373291,-2.06994629,-27.58566284,-24.3074646,-1.13299561,-22.77871704,0,0.0,4.23381042,4.23381042,0.73392773,0.37038505,1578642400976413,252401186980, HMD, -0.07114, 1.18592, 0.39001, 0.00411, 0.01153, -0.99761, 0.06796
3765274,1578642400980261,1,1,1,1,0,1,1,1,1,0,0.34181213,-0.39698792,0.85179138,0.32687378,-0.35847473,0.87442017,34.26373291,-2.06994629,-27.58566284,-24.3074646,-1.13299561,-22.77871704,0,0.0,4.23381042,4.23381042,0.73392773,0.37038505,1578642400980095,252401223791, HMD, -0.07110, 1.18591, 0.39002, 0.00419, 0.01149, -0.99762, 0.06788
3765282,1578642400985259,1,1,1,1,0,1,1,1,1,0,0.34222412,-0.39654541,0.8518219,0.32684326,-0.35806274,0.87460327,34.26635742,-2.06828308,-27.59039307,-24.3074646,-1.13299561,-22.77871704,0,0.0,4.23031616,4.23031616,0.73392773,0.37038505,1578642400980095,252401223791, HMD, -0.07110, 1.18591, 0.39002, 0.00419, 0.01149, -0.99762, 0.06788
3765282,1578642400989266,1,1,1,1,0,1,1,1,1,0,0.34222412,-0.39654541,0.8518219,0.32684326,-0.35806274,0.87460327,34.26635742,-2.06828308,-27.59039307,-24.3074646,-1.13299561,-22.77871704,0,0.0,4.23031616,4.23031616,0.73392773,0.37038505,1578642400991607,252401338923, HMD, -0.07097, 1.18589, 0.39006, 0.00444, 0.01136, -0.99764, 0.06763
3765290,1578642400994260,1,1,1,1,0,1,1,1,1,0,0.34030151,-0.39706421,0.85235596,0.31936646,-0.33486938,0.88647461,34.26896667,-2.06994629,-27.58566284,-24.3074646,-1.02394104,-23.54338074,0,0.0,4.22547913,4.22547913,0.75012571,0.36661687,1578642400994310,252401365945, HMD, -0.07132, 1.18563, 0.39001, 0.00450, 0.01137, -0.99764, 0.06759
3765299,1578642400998261,1,1,1,1,0,1,1,1,1,0,0.34030151,-0.39706421,0.85235596,0.31936646,-0.33486938,0.88647461,34.26896667,-2.06994629,-27.58566284,-24.3074646,-1.02394104,-23.54338074,0,0.0,4.22547913,4.22547913,0.75012571,0.36661687,1578642400995211,252401374956, HMD, -0.07155, 1.18543, 0.39018, 0.00451, 0.01139, -0.99764, 0.06757
3765299,1578642401002257,1,1,1,1,0,1,1,1,1,0,0.34492493,-0.40087891,0.84870911,0.32243347,-0.33602905,0.88493347,34.26924133,-2.0753479,-27.52432251,-24.32281494,-1.00726318,-23.5737915,0,0.0,4.23571777,4.23571777,0.75012571,0.36661687,1578642401003884,252401461684, HMD, -0.07147, 1.18540, 0.39021, 0.00472, 0.01130, -0.99765, 0.06736
3765299,1578642401006250,1,1,1,1,0,1,1,1,1,0,0.34492493,-0.40087891,0.84870911,0.32243347,-0.33602905,0.88493347,34.26924133,-2.0753479,-27.52432251,-24.32281494,-1.00726318,-23.5737915,0,0.0,4.23571777,4.23571777,0.75012571,0.36661687,1578642401006262,252401485468, HMD, -0.07144, 1.18540, 0.39022, 0.00476, 0.01129, -0.99766, 0.06731
3765307,1578642401010241,1,1,1,1,0,1,1,1,1,0,0.3405304,-0.39749146,0.85206604,0.32174683,-0.33609009,0.88516235,34.27165222,-2.0753479,-27.58566284,-24.32287598,-1.00695801,-23.5741272,0,0.0,4.22877502,4.22877502,0.75140083,0.36075187,1578642401007351,252401496355, HMD, -0.07143, 1.18539, 0.39023, 0.00479, 0.01128, -0.99766, 0.06728
3765307,1578642401014248,1,1,1,1,0,1,1,1,1,0,0.3405304,-0.39749146,0.85206604,0.32174683,-0.33609009,0.88516235,34.27165222,-2.0753479,-27.58566284,-24.32287598,-1.00695801,-23.5741272,0,0.0,4.22877502,4.22877502,0.75140083,0.36075187,1578642401016389,252401586739, HMD, -0.07135, 1.18531, 0.39024, 0.00500, 0.01123, -0.99767, 0.06708
3765315,1578642401018248,1,1,1,1,0,1,1,1,1,0,0.33934021,-0.39819336,0.85220337,0.32023621,-0.33624268,0.88565063,34.27230835,-2.06660461,-27.59513855,-24.32458496,-1.0022583,-23.58921814,0,0.0,4.21899414,4.21899414,0.75140083,0.36075187,1578642401018278,252401605624, HMD, -0.07133, 1.18530, 0.39025, 0.00504, 0.01122, -0.99768, 0.06703
3765332,1578642401038249,1,1,1,1,0,1,1,1,1,0,0.33758545,-0.39584351,0.85400391,0.31718445,-0.33508301,0.88717651,34.27412415,-2.04876709,-27.69093323,-24.32807922,-0.99736023,-23.60777283,0,0.0,4.20083618,4.20083618,0.74834239,0.3801851,1578642401039640,252401819247, HMD, -0.07122, 1.18520, 0.39028, 0.00544, 0.01115, -0.99771, 0.06642
3765340,1578642401042244,1,1,1,1,0,1,1,1,1,0,0.33486938,-0.3946228,0.8556366,0.31771851,-0.33387756,0.88745117,34.2830658,-2.02770996,-27.76638794,-24.33049011,-0.99694824,-23.61485291,0,0.0,4.21084595,4.21084595,0.74546713,0.37375274,1578642401042286,252401845702, HMD, -0.07119, 1.18519, 0.39029, 0.00549, 0.01115, -0.99772, 0.06633
3765340,1578642401047278,1,1,1,1,0,1,1,1,1,0,0.33486938,-0.3946228,0.8556366,0.31771851,-0.33387756,0.88745117,34.2830658,-2.02770996,-27.76638794,-24.33049011,-0.99694824,-23.61485291,0,0.0,4.21084595,4.21084595,0.74546713,0.37375274,1578642401042669,252401849532, HMD, -0.07119, 1.18519, 0.39029, 0.00550, 0.01115, -0.99772, 0.06632
3765349,1578642401050779,1,1,1,1,0,1,1,1,1,0,0.33049011,-0.39221191,0.85844421,0.3160553,-0.33462524,0.88775635,34.29472351,-2.0002594,-27.91175842,-24.33097839,-0.98643494,-23.63980103,0,0.0,4.18936157,4.18936157,0.74546713,0.37375274,1578642401053315,252401956039, HMD, -0.07109, 1.18514, 0.39031, 0.00569, 0.01112, -0.99775, 0.06594
3765349,1578642401054767,1,1,1,1,0,1,1,1,1,0,0.33049011,-0.39221191,0.85844421,0.3160553,-0.33462524,0.88775635,34.29472351,-2.0002594,-27.91175842,-24.33097839,-0.98643494,-23.63980103,0,0.0,4.18936157,4.18936157,0.74546713,0.37375274,1578642401054817,252401971016, HMD, -0.07110, 1.18510, 0.39032, 0.00574, 0.01113, -0.99775, 0.06589
3765357,1578642401058772,1,1,1,1,0,1,1,1,1,0,0.33073425,-0.39212036,0.85838318,0.31761169,-0.33573914,0.88677979,34.29472351,-2.0002594,-27.91175842,-24.34303284,-0.96118164,-23.70883179,0,0.0,4.18894958,4.18894958,0.74386519,0.37569034,1578642401056618,252401989020, HMD, -0.07108, 1.18508, 0.39031, 0.00576, 0.01111, -0.99775, 0.06583
3765357,1578642401062061,1,1,1,1,0,1,1,1,1,0,0.33073425,-0.39212036,0.85838318,0.31761169,-0.33573914,0.88677979,34.29472351,-2.0002594,-27.91175842,-24.34303284,-0.96118164,-23.70883179,0,0.0,4.18894958,4.18894958,0.74386519,0.37569034,1578642401066978,252402092635, HMD, -0.07098, 1.18501, 0.39033, 0.00597, 0.01106, -0.99778, 0.06541
3765365,1578642401067058,1,1,1,1,0,1,1,1,1,0,0.33222961,-0.39161682,0.85803223,0.31518555,-0.33561707,0.88768005,34.29472351,-2.0002594,-27.91175842,-24.34980774,-0.94749451,-23.754776,0,0.0,4.20993042,4.20993042,0.74386519,0.37569034,1578642401066978,252402092635, HMD, -0.07098, 1.18501, 0.39033, 0.00597, 0.01106, -0.99778, 0.06541
3765365,1578642401071042,1,1,1,1,0,1,1,1,1,0,0.33222961,-0.39161682,0.85803223,0.31518555,-0.33561707,0.88768005,34.29472351,-2.0002594,-27.91175842,-24.34980774,-0.94749451,-23.754776,0,0.0,4.20993042,4.20993042,0.74386519,0.37569034,1578642401070247,252402125317, HMD, -0.07095, 1.18499, 0.39034, 0.00604, 0.01104, -0.99779, 0.06527
3765374,1578642401075034,1,1,1,1,0,1,1,1,1,0,0.33222961,-0.39097595,0.8583374,0.31471252,-0.33554077,0.88789368,34.29472351,-2.0002594,-27.91175842,-24.35601807,-0.94166565,-23.7775116,0,0.0,4.20986938,4.20986938,0.758605,0.38351732,1578642401070247,252402125317, HMD, -0.07095, 1.18499, 0.39034, 0.00604, 0.01104, -0.99779, 0.06527
3765374,1578642401079061,1,1,1,1,0,1,1,1,1,0,0.33222961,-0.39097595,0.8583374,0.31471252,-0.33554077,0.88789368,34.29472351,-2.0002594,-27.91175842,-24.35601807,-0.94166565,-23.7775116,0,0.0,4.20986938,4.20986938,0.758605,0.38351732,1578642401083135,252402254198, HMD, -0.07081, 1.18487, 0.39033, 0.00631, 0.01091, -0.99782, 0.06474
3765382,1578642401082894,1,1,1,1,0,1,1,1,1,0,0.33233643,-0.38827515,0.85952759,0.3134613,-0.33311462,0.88923645,34.29472351,-2.0002594,-27.91175842,-24.36141968,-0.93296814,-23.84375,0,0.0,4.21383667,4.21383667,0.758605,0.38351732,1578642401083135,252402254198, HMD, -0.07081, 1.18487, 0.39033, 0.00631, 0.01091, -0.99782, 0.06474
3765382,1578642401086908,1,1,1,1,0,1,1,1,1,0,0.33233643,-0.38827515,0.85952759,0.3134613,-0.33311462,0.88923645,34.29472351,-2.0002594,-27.91175842,-24.36141968,-0.93296814,-23.84375,0,0.0,4.21383667,4.21383667,0.758605,0.38351732,1578642401086398,252402286821, HMD, -0.07078, 1.18484, 0.39033, 0.00638, 0.01088, -0.99783, 0.06460
3765382,1578642401090917,1,1,1,1,0,1,1,1,1,0,0.33233643,-0.38827515,0.85952759,0.3134613,-0.33311462,0.88923645,34.29472351,-2.0002594,-27.91175842,-24.36141968,-0.93296814,-23.84375,0,0.0,4.21383667,4.21383667,0.758605,0.38351732,1578642401086398,252402286821, HMD, -0.07078, 1.18484, 0.39033, 0.00638, 0.01088, -0.99783, 0.06460
3765399,1578642401099960,1,1,1,1,0,1,1,1,1,0,0.33065796,-0.39001465,0.859375,0.31455994,-0.33203125,0.88926697,34.29473877,-1.95675659,-28.00254822,-24.37001038,-0.93063354,-23.84738159,0,0.0,4.20063782,4.20063782,0.75188941,0.38737568,1578642401098773,252402410573, HMD, -0.07072, 1.18475, 0.39033, 0.00663, 0.01077, -0.99786, 0.06411
3765399,1578642401103902,1,1,1,1,0,1,1,1,1,0,0.33065796,-0.39001465,0.859375,0.31455994,-0.33203125,0.88926697,34.29473877,-1.95675659,-28.00254822,-24.37001038,-0.93063354,-23.84738159,0,0.0,4.20063782,4.20063782,0.75188941,0.38737568,1578642401098773,252402410573, HMD, -0.07072, 1.18475, 0.39033, 0.00663, 0.01077, -0.99786, 0.06411
3765407,1578642401109428,1,1,1,1,0,1,1,1,1,0,0.33003235,-0.38972473,0.85975647,0.31388855,-0.33070374,0.88999939,34.29472351,-1.94906616,-28.0085144,-24.37165833,-0.9303894,-23.87081909,0,0.0,4.19967651,4.19967651,0.75007004,0.36368215,1578642401110926,252402532114, HMD, -0.07066, 1.18463, 0.39029, 0.00684, 0.01066, -0.99789, 0.06369
3765407,1578642401112937,1,1,1,1,0,1,1,1,1,0,0.33003235,-0.38972473,0.85975647,0.31388855,-0.33070374,0.88999939,34.29472351,-1.94906616,-28.0085144,-24.37165833,-0.9303894,-23.87081909,0,0.0,4.19967651,4.19967651,0.75007004,0.36368215,1578642401112887,252402551716, HMD, -0.07065, 1.18461, 0.39028, 0.00686, 0.01064, -0.99789, 0.06363
3765415,1578642401117685,1,1,1,1,0,1,1,1,1,0,0.32801819,-0.38696289,0.86177063,0.3143158,-0.32969666,0.89021301,34.29472351,-1.94444275,-28.0085144,-24.37315369,-0.9303894,-23.87081909,0,0.0,4.20359802,4.20359802,0.75007004,0.36368215,1578642401114022,252402563062, HMD, -0.07066, 1.18461, 0.39028, 0.00688, 0.01063, -0.99790, 0.06360
3765415,1578642401121736,1,1,1,1,0,1,1,1,1,0,0.32801819,-0.38696289,0.86177063,0.3143158,-0.32969666,0.89021301,34.29472351,-1.94444275,-28.0085144,-24.37315369,-0.9303894,-23.87081909,0,0.0,4.20359802,4.20359802,0.75007004,0.36368215,1578642401123845,252402661299, HMD, -0.07060, 1.18455, 0.39027, 0.00700, 0.01057, -0.99791, 0.06331
3765424,1578642401126102,1,1,1,1,0,1,1,1,1,0,0.32789612,-0.38665771,0.86195374,0.31314087,-0.33023071,0.89042664,34.29472351,-1.93954468,-28.0085144,-24.37638855,-0.9303894,-23.87081909,0,0.0,4.20120239,4.20120239,0.76391339,0.36807102,1578642401126069,252402683537, HMD, -0.07058, 1.18454, 0.39027, 0.00700, 0.01056, -0.99792, 0.06324
3765424,1578642401129156,1,1,1,1,0,1,1,1,1,0,0.32789612,-0.38665771,0.86195374,0.31314087,-0.33023071,0.89042664,34.29472351,-1.93954468,-28.0085144,-24.37638855,-0.9303894,-23.87081909,0,0.0,4.20120239,4.20120239,0.76391339,0.36807102,1578642401127692,252402699770, HMD, -0.07058, 1.18452, 0.39027, 0.00702, 0.01055, -0.99792, 0.06320
3765432,1578642401132579,1,1,1,1,0,1,1,1,1,0,0.32870483,-0.38531494,0.86224365,0.3102417,-0.33041382,0.89137268,34.29167175,-1.93482971,-28.0085144,-24.37675476,-0.9303894,-23.87081909,0,0.0,4.20555115,4.20555115,0.76391339,0.36807102,1578642401136847,252402791337, HMD, -0.07057, 1.18447, 0.39025, 0.00708, 0.01053, -0.99794, 0.06294
3765432,1578642401136583,1,1,1,1,0,1,1,1,1,0,0.32870483,-0.38531494,0.86224365,0.3102417,-0.33041382,0.89137268,34.29167175,-1.93482971,-28.0085144,-24.37675476,-0.9303894,-23.87081909,0,0.0,4.20555115,4.20555115,0.76391339,0.36807102,1578642401136847,252402791337, HMD, -0.07057, 1.18447, 0.39025, 0.00708, 0.01053, -0.99794, 0.06294
3765440,1578642401140592,1,1,1,1,0,1,1,1,1,0,0.32458496,-0.38548279,0.86372375,0.30995178,-0.33035278,0.89149475,34.2339325,-1.76693726,-28.40115356,-24.37782288,-0.9303894,-23.87081909,0,0.0,4.09745789,4.09745789,0.75232512,0.37186375,1578642401140405,252402826893, HMD, -0.07055, 1.18444, 0.39025, 0.00708, 0.01051, -0.99794, 0.06284
3765440,1578642401144581,1,1,1,1,0,1,1,1,1,0,0.32458496,-0.38548279,0.86372375,0.30995178,-0.33035278,0.89149475,34.2339325,-1.76693726,-28.40115356,-24.37782288,-0.9303894,-23.87081909,0,0.0,4.09745789,4.09745789,0.75232512,0.37186375,1578642401140405,252402826893, HMD, -0.07055, 1.18444, 0.39025, 0.00708, 0.01051, -0.99794, 0.06284
3765440,1578642401149617,1,1,1,1,0,1,1,1,1,0,0.32458496,-0.38548279,0.86372375,0.30995178,-0.33035278,0.89149475,34.2339325,-1.76693726,-28.40115356,-24.37782288,-0.9303894,-23.87081909,0,0.0,4.09745789,4.09745789,0.75232512,0.37186375,1578642401158071,252403003568, HMD, -0.07050, 1.18433, 0.39025, 0.00700, 0.01047, -0.99797, 0.06242
3765449,1578642401153624,1,1,1,1,0,1,1,1,1,0,0.28083801,-0.36480713,0.88769531,0.28396606,-0.33120728,0.89981079,34.11839294,-1.10592651,-30.50878906,-24.65898132,-1.08360291,-22.94540405,0,0.0,4.10180664,4.10180664,0.75232512,0.37186375,1578642401158071,252403003568, HMD, -0.07050, 1.18433, 0.39025, 0.00700, 0.01047, -0.99797, 0.06242
3765457,1578642401158624,1,1,1,1,0,1,1,1,1,0,0.22003174,-0.3757782,0.90019226,0.24098206,-0.35676575,0.90257263,33.85940552,-1.03463745,-30.83276367,-24.90701294,-1.07073975,-22.54814148,0,0.0,4.09355164,4.09355164,0.7656436,0.37353891,1578642401158637,252403009210, HMD, -0.07050, 1.18433, 0.39024, 0.00700, 0.01047, -0.99797, 0.06240
3765457,1578642401162633,1,1,1,1,0,1,1,1,1,0,0.22003174,-0.3757782,0.90019226,0.24098206,-0.35676575,0.90257263,33.85940552,-1.03463745,-30.83276367,-24.90701294,-1.07073975,-22.54814148,0,0.0,4.09355164,4.09355164,0.7656436,0.37353891,1578642401162014,252403042983, HMD, -0.07049, 1.18431, 0.39024, 0.00697, 0.01047, -0.99798, 0.06233
3765465,1578642401166643,1,1,1,1,0,1,1,1,1,0,0.17082214,-0.36187744,0.91642761,0.16046143,-0.33158875,0.92967224,33.54690552,-1.26531982,-29.91184998,-25.16816711,-0.78326416,-23.4671936,0,0.0,4.06791687,4.06791687,0.7656436,0.37353891,1578642401170712,252403129972, HMD, -0.07048, 1.18426, 0.39023, 0.00686, 0.01046, -0.99799, 0.06218
3765465,1578642401170635,1,1,1,1,0,1,1,1,1,0,0.17082214,-0.36187744,0.91642761,0.16046143,-0.33158875,0.92967224,33.54690552,-1.26531982,-29.91184998,-25.16816711,-0.78326416,-23.4671936,0,0.0,4.06791687,4.06791687,0.7656436,0.37353891,1578642401170712,252403129972, HMD, -0.07048, 1.18426, 0.39023, 0.00686, 0.01046, -0.99799, 0.06218
3765465,1578642401174645,1,1,1,1,0,1,1,1,1,0,0.17082214,-0.36187744,0.91642761,0.16046143,-0.33158875,0.92967224,33.54690552,-1.26531982,-29.91184998,-25.16816711,-0.78326416,-23.4671936,0,0.0,4.06791687,4.06791687,0.7656436,0.37353891,1578642401174665,252403169499, HMD, -0.07055, 1.18425, 0.39020, 0.00683, 0.01048, -0.99799, 0.06212
3765474,1578642401178661,1,1,1,1,0,1,1,1,1,0,0.12063599,-0.35339355,0.92765808,0.11102295,-0.34776306,0.93096924,33.25224304,-1.27735901,-29.67015076,-25.45721436,-0.62631226,-23.75744629,0,0.0,4.09603882,4.09603882,0.68751836,0.33379751,1578642401174665,252403169499, HMD, -0.07055, 1.18425, 0.39020, 0.00683, 0.01048, -0.99799, 0.06212
3765474,1578642401181802,1,1,1,1,0,1,1,1,1,0,0.12063599,-0.35339355,0.92765808,0.11102295,-0.34776306,0.93096924,33.25224304,-1.27735901,-29.67015076,-25.45721436,-0.62631226,-23.75744629,0,0.0,4.09603882,4.09603882,0.68751836,0.33379751,1578642401186803,252403290893, HMD, -0.07056, 1.18423, 0.39019, 0.00665, 0.01049, -0.99800, 0.06201
3765482,1578642401185816,1,1,1,1,0,1,1,1,1,0,0.06517029,-0.38104248,0.92224121,0.07678223,-0.33052063,0.94065857,32.99473572,-1.10374451,-30.03663635,-25.70587158,-0.57749939,-23.88363647,0,0.0,3.94750977,3.94750977,0.68751836,0.33379751,1578642401186803,252403290893, HMD, -0.07056, 1.18423, 0.39019, 0.00665, 0.01049, -0.99800, 0.06201
3765482,1578642401189803,1,1,1,1,0,1,1,1,1,0,0.06517029,-0.38104248,0.92224121,0.07678223,-0.33052063,0.94065857,32.99473572,-1.10374451,-30.03663635,-25.70587158,-0.57749939,-23.88363647,0,0.0,3.94750977,3.94750977,0.68751836,0.33379751,1578642401189802,252403320864, HMD, -0.07056, 1.18422, 0.39018, 0.00659, 0.01050, -0.99800, 0.06201
3765490,1578642401193253,1,1,1,1,0,1,1,1,1,0,0.05981445,-0.37123108,0.92660522,0.03367615,-0.33328247,0.94221497,32.83457947,-1.0528717,-30.12641907,-25.87979126,-0.5160675,-23.98306274,0,0.0,4.07324219,4.07324219,0.66398513,0.34450465,1578642401189802,252403320864, HMD, -0.07056, 1.18422, 0.39018, 0.00659, 0.01050, -0.99800, 0.06201
3765490,1578642401197211,1,1,1,1,0,1,1,1,1,0,0.05981445,-0.37123108,0.92660522,0.03367615,-0.33328247,0.94221497,32.83457947,-1.0528717,-30.12641907,-25.87979126,-0.5160675,-23.98306274,0,0.0,4.07324219,4.07324219,0.66398513,0.34450465,1578642401199255,252403415405, HMD, -0.07067, 1.18424, 0.39015, 0.00644, 0.01055, -0.99800, 0.06197
3765499,1578642401201199,1,1,1,1,0,1,1,1,1,0,0.0559082,-0.37229919,0.92642212,0.04386902,-0.35002136,0.93569946,32.8142395,-0.9710083,-30.31822205,-25.93078613,-0.53860474,-23.8862915,0,0.0,4.02470398,4.02470398,0.66398513,0.34450465,1578642401201217,252403435010, HMD, -0.07068, 1.18424, 0.39014, 0.00640, 0.01057, -0.99800, 0.06197
3765499,1578642401205353,1,1,1,1,0,1,1,1,1,0,0.0559082,-0.37229919,0.92642212,0.04386902,-0.35002136,0.93569946,32.8142395,-0.9710083,-30.31822205,-25.93078613,-0.53860474,-23.8862915,0,0.0,4.02470398,4.02470398,0.66398513,0.34450465,1578642401202568,252403448528, HMD, -0.07068, 1.18424, 0.39014, 0.00638, 0.01058, -0.99800, 0.06198
3765507,1578642401209342,1,1,1,1,0,1,1,1,1,0,0.05439758,-0.3699646,0.92744446,0.04495239,-0.34249878,0.93843079,32.82971191,-1.00593567,-30.19683838,-25.93113708,-0.56570435,-23.79003906,0,0.0,4.06658936,4.06658936,0.6438784,0.39716479,1578642401215230,252403575154, HMD, -0.07072, 1.18425, 0.39012, 0.00612, 0.01067, -0.99800, 0.06200
3765507,1578642401213347,1,1,1,1,0,1,1,1,1,0,0.05439758,-0.3699646,0.92744446,0.04495239,-0.34249878,0.93843079,32.82971191,-1.00593567,-30.19683838,-25.93113708,-0.56570435,-23.79003906,0,0.0,4.06658936,4.06658936,0.6438784,0.39716479,1578642401215230,252403575154, HMD, -0.07072, 1.18425, 0.39012, 0.00612, 0.01067, -0.99800, 0.06200
3765515,1578642401218343,1,1,1,1,0,1,1,1,1,0,0.05053711,-0.36479187,0.92970276,0.04901123,-0.35340881,0.93417358,32.84339905,-1.02784729,-30.14381409,-25.92982483,-0.56918335,-23.78347778,0,0.0,4.11080933,4.11080933,0.6438784,0.39716479,1578642401218309,252403605933, HMD, -0.07072, 1.18426, 0.39010, 0.00605, 0.01072, -0.99800, 0.06200
3765515,1578642401222347,1,1,1,1,0,1,1,1,1,0,0.05053711,-0.36479187,0.92970276,0.04901123,-0.35340881,0.93417358,32.84339905,-1.02784729,-30.14381409,-25.92982483,-0.56918335,-23.78347778,0,0.0,4.11080933,4.11080933,0.6438784,0.39716479,1578642401218725,252403610090, HMD, -0.07072, 1.18426, 0.39010, 0.00604, 0.01073, -0.99800, 0.06200
3765524,1578642401226350,1,1,1,1,0,1,1,1,1,0,0.05952454,-0.36402893,0.92947388,0.04464722,-0.35292053,0.93458557,32.85041809,-1.0436554,-30.11297607,-25.93113708,-0.57264709,-23.7769165,0,0.0,4.07949829,4.07949829,0.66338176,0.4236438,1578642401218725,252403610090, HMD, -0.07072, 1.18426, 0.39010, 0.00604, 0.01073, -0.99800, 0.06200
3765532,1578642401239674,1,1,1,1,0,1,1,1,1,0,0.05729675,-0.36795044,0.92807007,0.04533386,-0.34706116,0.93673706,32.85539246,-1.04437256,-30.12017822,-25.93309021,-0.57919312,-23.75917053,0,0.0,4.06123352,4.06123352,0.66338176,0.4236438,1578642401239642,252403819268, HMD, -0.07085, 1.18427, 0.39006, 0.00552, 0.01106, -0.99799, 0.06208
3765540,1578642401242893,1,1,1,1,0,1,1,1,1,0,0.05830383,-0.37010193,0.92715454,0.04632568,-0.34120178,0.93884277,32.86372375,-1.04037476,-30.1386261,-25.93504333,-0.58572388,-23.7414093,0,0.0,4.09866333,4.09866333,0.66326082,0.43940526,1578642401241892,252403841768, HMD, -0.07086, 1.18427, 0.39006, 0.00544, 0.01109, -0.99799, 0.06208
3765540,1578642401246889,1,1,1,1,0,1,1,1,1,0,0.05830383,-0.37010193,0.92715454,0.04632568,-0.34120178,0.93884277,32.86372375,-1.04037476,-30.1386261,-25.93504333,-0.58572388,-23.7414093,0,0.0,4.09866333,4.09866333,0.66326082,0.43940526,1578642401251381,252403936665, HMD, -0.07091, 1.18427, 0.39004, 0.00516, 0.01125, -0.99799, 0.06210
3765549,1578642401250469,1,1,1,1,0,1,1,1,1,0,0.05149841,-0.37898254,0.92396545,0.04736328,-0.34605408,0.93701172,32.87597656,-1.04978943,-30.12295532,-25.93728638,-0.58982849,-23.73721313,0,0.0,4.07341003,4.07341003,0.66326082,0.43940526,1578642401251381,252403936665, HMD, -0.07091, 1.18427, 0.39004, 0.00516, 0.01125, -0.99799, 0.06210
3765549,1578642401254459,1,1,1,1,0,1,1,1,1,0,0.05149841,-0.37898254,0.92396545,0.04736328,-0.34605408,0.93701172,32.87597656,-1.04978943,-30.12295532,-25.93728638,-0.58982849,-23.73721313,0,0.0,4.07341003,4.07341003,0.66326082,0.43940526,1578642401254343,252403966270, HMD, -0.07093, 1.18427, 0.39004, 0.00508, 0.01129, -0.99799, 0.06210
3765557,1578642401259486,1,1,1,1,0,1,1,1,1,0,0.05508423,-0.37341309,0.92601013,0.04777527,-0.35096741,0.93516541,32.8894043,-1.06243896,-30.10816956,-25.93952942,-0.59393311,-23.73301697,0,0.0,4.13677979,4.13677979,0.65930772,0.43728235,1578642401254343,252403966270, HMD, -0.07093, 1.18427, 0.39004, 0.00508, 0.01129, -0.99799, 0.06210
3765557,1578642401263651,1,1,1,1,0,1,1,1,1,0,0.05508423,-0.37341309,0.92601013,0.04777527,-0.35096741,0.93516541,32.8894043,-1.06243896,-30.10816956,-25.93952942,-0.59393311,-23.73301697,0,0.0,4.13677979,4.13677979,0.65930772,0.43728235,1578642401268519,252404108082, HMD, -0.07105, 1.18428, 0.39005, 0.00467, 0.01150, -0.99799, 0.06212
3765565,1578642401267654,1,1,1,1,0,1,1,1,1,0,0.05957031,-0.35617065,0.93251038,0.04772949,-0.35160828,0.93492126,32.90518188,-1.07524109,-30.07344055,-25.94108582,-0.59518433,-23.73291016,0,0.0,4.18753052,4.18753052,0.65930772,0.43728235,1578642401268519,252404108082, HMD, -0.07105, 1.18428, 0.39005, 0.00467, 0.01150, -0.99799, 0.06212
3765607,1578642401309064,1,1,1,1,0,1,1,1,1,0,0.05271912,-0.36317444,0.93022156,0.04760742,-0.34986877,0.93557739,32.94190979,-1.06993103,-30.06402588,-25.94145203,-0.602005,-23.72396851,0,0.0,4.11828613,4.11828613,0.665757,0.46338958,1578642401312476,252404547611, HMD, -0.07135, 1.18431, 0.39004, 0.00343, 0.01205, -0.99798, 0.06229
3765607,1578642401312605,1,1,1,1,0,1,1,1,1,0,0.05271912,-0.36317444,0.93022156,0.04760742,-0.34986877,0.93557739,32.94190979,-1.06993103,-30.06402588,-25.94145203,-0.602005,-23.72396851,0,0.0,4.11828613,4.11828613,0.665757,0.46338958,1578642401312714,252404549986, HMD, -0.07135, 1.18431, 0.39004, 0.00343, 0.01205, -0.99798, 0.06229
3765615,1578642401316622,1,1,1,1,0,1,1,1,1,0,0.04969788,-0.36454773,0.92985535,0.04763794,-0.3497467,0.93562317,32.94720459,-1.07366943,-30.05459595,-25.94142151,-0.60513306,-23.71389771,0,0.0,4.08834839,4.08834839,0.665757,0.46338958,1578642401315675,252404579594, HMD, -0.07134, 1.18433, 0.39002, 0.00335, 0.01209, -0.99798, 0.06231
3765615,1578642401320627,1,1,1,1,0,1,1,1,1,0,0.04969788,-0.36454773,0.92985535,0.04763794,-0.3497467,0.93562317,32.94720459,-1.07366943,-30.05459595,-25.94142151,-0.60513306,-23.71389771,0,0.0,4.08834839,4.08834839,0.665757,0.46338958,1578642401315675,252404579594, HMD, -0.07134, 1.18433, 0.39002, 0.00335, 0.01209, -0.99798, 0.06231
3765615,1578642401324611,1,1,1,1,0,1,1,1,1,0,0.04969788,-0.36454773,0.92985535,0.04763794,-0.3497467,0.93562317,32.94720459,-1.07366943,-30.05459595,-25.94142151,-0.60513306,-23.71389771,0,0.0,4.08834839,4.08834839,0.665757,0.46338958,1578642401315675,252404579594, HMD, -0.07134, 1.18433, 0.39002, 0.00335, 0.01209, -0.99798, 0.06231
3765640,1578642401345280,1,1,1,1,0,1,1,1,1,0,0.05072021,-0.36332703,0.93026733,0.04804993,-0.35038757,0.93536377,32.96052551,-1.08068848,-30.00067139,-25.94145203,-0.61500549,-23.66320801,0,0.0,4.09458923,4.09458923,0.666987,0.45636317,1578642401345313,252404875977, HMD, -0.07154, 1.18436, 0.39008, 0.00259, 0.01234, -0.99797, 0.06249
3765649,1578642401349279,1,1,1,1,0,1,1,1,1,0,0.05154419,-0.3681488,0.92832947,0.04820251,-0.35020447,0.9354248,32.98812866,-1.16746521,-29.79995728,-25.94145203,-0.61683655,-23.6599884,0,0.0,4.16436768,4.16436768,0.666987,0.45636317,1578642401346361,252404886454, HMD, -0.07155, 1.18436, 0.39008, 0.00256, 0.01235, -0.99797, 0.06249
3765649,1578642401352582,1,1,1,1,0,1,1,1,1,0,0.05154419,-0.3681488,0.92832947,0.04820251,-0.35020447,0.9354248,32.98812866,-1.16746521,-29.79995728,-25.94145203,-0.61683655,-23.6599884,0,0.0,4.16436768,4.16436768,0.666987,0.45636317,1578642401346361,252404886454, HMD, -0.07155, 1.18436, 0.39008, 0.00256, 0.01235, -0.99797, 0.06249
3765649,1578642401357730,1,1,1,1,0,1,1,1,1,0,0.05154419,-0.3681488,0.92832947,0.04820251,-0.35020447,0.9354248,32.98812866,-1.16746521,-29.79995728,-25.94145203,-0.61683655,-23.6599884,0,0.0,4.16436768,4.16436768,0.666987,0.45636317,1578642401346361,252404886454, HMD, -0.07155, 1.18436, 0.39008, 0.00256, 0.01235, -0.99797, 0.06249
3765657,1578642401362144,1,1,1,1,0,1,1,1,1,0,0.063797,-0.34565735,0.93617249,0.04910278,-0.35087585,0.93511963,32.99050903,-1.15687561,-29.82615662,-25.94145203,-0.61898804,-23.64323425,0,0.0,4.26301575,4.26301575,0.65643489,0.45829317,1578642401369710,252405119990, HMD, -0.07175, 1.18436, 0.39014, 0.00197, 0.01250, -0.99797, 0.06240
3765665,1578642401368661,1,1,1,1,0,1,1,1,1,0,0.05848694,-0.35157776,0.93431091,0.04922485,-0.35072327,0.93516541,32.99203491,-1.15933228,-29.80856323,-25.94137573,-0.62413025,-23.62744141,0,0.0,4.18580627,4.18580627,0.65643489,0.45829317,1578642401369710,252405119990, HMD, -0.07175, 1.18436, 0.39014, 0.00197, 0.01250, -0.99797, 0.06240
3765665,1578642401372666,1,1,1,1,0,1,1,1,1,0,0.05848694,-0.35157776,0.93431091,0.04922485,-0.35072327,0.93516541,32.99203491,-1.15933228,-29.80856323,-25.94137573,-0.62413025,-23.62744141,0,0.0,4.18580627,4.18580627,0.65643489,0.45829317,1578642401372749,252405150340, HMD, -0.07177, 1.18435, 0.39015, 0.00188, 0.01252, -0.99797, 0.06239
3765674,1578642401379677,1,1,1,1,0,1,1,1,1,0,0.05131531,-0.38063049,0.92329407,0.04920959,-0.35081482,0.93513489,32.99432373,-1.15589905,-29.79670715,-25.94122314,-0.62475586,-23.62417603,0,0.0,4.06428528,4.06428528,0.64737451,0.43544567,1578642401375883,252405181676, HMD, -0.07180, 1.18435, 0.39015, 0.00181, 0.01253, -0.99797, 0.06236
3765674,1578642401385694,1,1,1,1,0,1,1,1,1,0,0.06137085,-0.36726379,0.92807007,0.05021667,-0.35087585,0.93505859,32.99569702,-1.11766052,-29.96212769,-25.94099426,-0.62484741,-23.62135315,0,0.0,4.16572571,4.16572571,0.64737451,0.43544567,1578642401375883,252405181676, HMD, -0.07180, 1.18435, 0.39015, 0.00181, 0.01253, -0.99797, 0.06236
3765682,1578642401401658,1,1,1,1,0,1,1,1,1,0,0.06684875,-0.37236023,0.92565918,0.04953003,-0.37927246,0.9239502,33.00694275,-1.04551697,-30.05236816,-25.9475708,-0.60482788,-23.5241394,0,0.0,4.0151062,4.0151062,0.64737451,0.43544567,1578642401375883,252405181676, HMD, -0.07180, 1.18435, 0.39015, 0.00181, 0.01253, -0.99797, 0.06236
3765699,1578642401405662,1,1,1,1,0,1,1,1,1,0,0.06684875,-0.37236023,0.92565918,0.04953003,-0.37927246,0.9239502,33.00694275,-1.04551697,-30.05236816,-25.9475708,-0.60482788,-23.5241394,0,0.0,4.0151062,4.0151062,0.64264566,0.39664626,1578642401428733,252405710207, HMD, -0.07227, 1.18425, 0.39029, 0.00017, 0.01279, -0.99800, 0.06192
3765707,1578642401412675,1,1,1,1,0,1,1,1,1,0,0.04476929,-0.40438843,0.91348267,0.05197144,-0.34492493,0.93717957,33.01113892,-1.06451416,-29.64561462,-25.943573,-0.58950806,-23.55612183,0,0.0,4.09037781,4.09037781,0.57489163,0.33131704,1578642401428733,252405710207, HMD, -0.07227, 1.18425, 0.39029, 0.00017, 0.01279, -0.99800, 0.06192
3765715,1578642401417650,1,1,1,1,0,1,1,1,1,0,0.05082703,-0.44859314,0.89227295,0.06433105,-0.3972168,0.91545105,33.02587891,-0.92379761,-30.00450134,-25.92120361,-0.66085815,-22.91337585,0,0.0,3.82493591,3.82493591,0.57489163,0.33131704,1578642401428733,252405710207, HMD, -0.07227, 1.18425, 0.39029, 0.00017, 0.01279, -0.99800, 0.06192
3765724,1578642401429633,1,1,1,1,0,1,1,1,1,0,0.07028198,-0.44055176,0.8949585,0.09643555,-0.51304626,0.85290527,33.06808472,-0.91113281,-29.81950378,-25.96672058,-0.54605103,-23.20851135,0,0.0,3.91534424,3.91534424,0.38091278,0.13308434,1578642401429665,252405719501, HMD, -0.07227, 1.18425, 0.39030, 0.00000, 0.01279, -0.99800, 0.06192
3765732,1578642401433648,0,0,1,1,0,0,0,1,1,0,0.0,0.0,0.0,0.0,0.0,0.0,0.0,0.0,0.0,0.0,0.0,0.0,0,0.0,-1.0,-1.0,0.38091278,0.13308434,1578642401432266,252405745500, HMD, -0.07227, 1.18426, 0.39033, 0.00000, 0.01279, -0.99800, 0.06190
3765732,1578642401437638,0,0,1,1,0,0,0,1,1,0,0.0,0.0,0.0,0.0,0.0,0.0,0.0,0.0,0.0,0.0,0.0,0.0,0,0.0,-1.0,-1.0,0.38091278,0.13308434,1578642401432266,252405745500, HMD, -0.07227, 1.18426, 0.39033, 0.00000, 0.01279, -0.99800, 0.06190
3765740,1578642401441647,0,0,1,1,0,0,0,1,1,0,0.0,0.0,0.0,0.0,0.0,0.0,0.0,0.0,0.0,0.0,0.0,0.0,0,0.0,-1.0,-1.0,0.0,0.0,1578642401447171,252405894577, HMD, -0.07241, 1.18425, 0.39039, 0.00000, -0.01283, 0.99801, -0.06178
3765740,1578642401447653,0,0,1,1,0,0,0,1,1,0,0.0,0.0,0.0,0.0,0.0,0.0,0.0,0.0,0.0,0.0,0.0,0.0,0,0.0,-1.0,-1.0,0.0,0.0,1578642401447601,252405898856, HMD, -0.07241, 1.18425, 0.39039, 0.00012, -0.01283, 0.99801, -0.06177
3765749,1578642401451645,0,0,1,1,0,0,0,1,1,0,0.0,0.0,0.0,0.0,0.0,0.0,0.0,0.0,0.0,0.0,0.0,0.0,0,0.0,-1.0,-1.0,0.0,0.0,1578642401450934,252405932183, HMD, -0.07244, 1.18424, 0.39040, 0.00027, -0.01283, 0.99801, -0.06174
3765749,1578642401454820,0,0,1,1,0,0,0,1,1,0,0.0,0.0,0.0,0.0,0.0,0.0,0.0,0.0,0.0,0.0,0.0,0.0,0,0.0,-1.0,-1.0,0.0,0.0,1578642401450934,252405932183, HMD, -0.07244, 1.18424, 0.39040, 0.00027, -0.01283, 0.99801, -0.06174
3765757,1578642401458802,0,0,1,1,0,0,0,1,1,0,0.0,0.0,0.0,0.0,0.0,0.0,0.0,0.0,0.0,0.0,0.0,0.0,0,0.0,-1.0,-1.0,0.0,0.0,1578642401465271,252406075610, HMD, -0.07257, 1.18416, 0.39040, 0.00070, -0.01289, 0.99802, -0.06155
3765757,1578642401462839,0,0,1,1,0,0,0,1,1,0,0.0,0.0,0.0,0.0,0.0,0.0,0.0,0.0,0.0,0.0,0.0,0.0,0,0.0,-1.0,-1.0,0.0,0.0,1578642401465271,252406075610, HMD, -0.07257, 1.18416, 0.39040, 0.00070, -0.01289, 0.99802, -0.06155
3765765,1578642401466796,0,0,1,1,0,0,0,1,1,0,0.0,0.0,0.0,0.0,0.0,0.0,0.0,0.0,0.0,0.0,0.0,0.0,0,0.0,-1.0,-1.0,0.0,0.0,1578642401466838,252406091230, HMD, -0.07259, 1.18416, 0.39041, 0.00075, -0.01289, 0.99802, -0.06152
3765765,1578642401470801,0,0,1,1,0,0,0,1,1,0,0.0,0.0,0.0,0.0,0.0,0.0,0.0,0.0,0.0,0.0,0.0,0.0,0,0.0,-1.0,-1.0,0.0,0.0,1578642401469246,252406115305, HMD, -0.07260, 1.18415, 0.39042, 0.00082, -0.01291, 0.99802, -0.06148
3765774,1578642401474846,0,0,1,0,0,0,0,1,1,0,0.0,0.0,0.0,0.0,0.0,0.0,0.0,0.0,0.0,0.0,0.0,0.0,0,0.0,-1.0,-1.0,0.0,0.0,1578642401469246,252406115305, HMD, -0.07260, 1.18415, 0.39042, 0.00082, -0.01291, 0.99802, -0.06148
3765782,1578642401481803,0,0,1,0,0,0,0,1,1,0,0.0,0.0,0.0,0.0,0.0,0.0,0.0,0.0,0.0,0.0,0.0,0.0,0,0.0,-1.0,-1.0,0.0,0.0,1578642401469246,252406115305, HMD, -0.07260, 1.18415, 0.39042, 0.00082, -0.01291, 0.99802, -0.06148
3765782,1578642401485788,0,0,1,0,0,0,0,1,1,0,0.0,0.0,0.0,0.0,0.0,0.0,0.0,0.0,0.0,0.0,0.0,0.0,0,0.0,-1.0,-1.0,0.0,0.0,1578642401469246,252406115305, HMD, -0.07260, 1.18415, 0.39042, 0.00082, -0.01291, 0.99802, -0.06148
3765790,1578642401489781,0,0,1,0,0,0,0,1,1,0,0.0,0.0,0.0,0.0,0.0,0.0,0.0,0.0,0.0,0.0,0.0,0.0,0,0.0,-1.0,-1.0,0.0,0.0,1578642401469246,252406115305, HMD, -0.07260, 1.18415, 0.39042, 0.00082, -0.01291, 0.99802, -0.06148
3765799,1578642401499289,0,0,1,0,0,0,0,1,0,0,0.0,0.0,0.0,0.0,0.0,0.0,0.0,0.0,0.0,0.0,0.0,0.0,0,0.0,-1.0,-1.0,0.0,0.0,1578642401469246,252406115305, HMD, -0.07260, 1.18415, 0.39042, 0.00082, -0.01291, 0.99802, -0.06148
3765799,1578642401503300,0,0,1,0,0,0,0,1,0,0,0.0,0.0,0.0,0.0,0.0,0.0,0.0,0.0,0.0,0.0,0.0,0.0,0,0.0,-1.0,-1.0,0.0,0.0,1578642401530096,252406723837, HMD, -0.07313, 1.18394, 0.39054, 0.00224, -0.01335, 0.99807, -0.06062
3765807,1578642401512403,0,0,1,1,0,0,0,1,0,0,0.0,0.0,0.0,0.0,0.0,0.0,0.0,0.0,0.0,0.0,0.0,0.0,0,0.0,-1.0,-1.0,0.0,0.0,1578642401530096,252406723837, HMD, -0.07313, 1.18394, 0.39054, 0.00224, -0.01335, 0.99807, -0.06062
3765815,1578642401515919,0,0,1,1,0,0,0,1,0,0,0.0,0.0,0.0,0.0,0.0,0.0,0.0,0.0,0.0,0.0,0.0,0.0,0,0.0,-1.0,-1.0,0.0,0.0,1578642401530096,252406723837, HMD, -0.07313, 1.18394, 0.39054, 0.00224, -0.01335, 0.99807, -0.06062
3765815,1578642401519940,0,0,1,1,0,0,0,1,0,0,0.0,0.0,0.0,0.0,0.0,0.0,0.0,0.0,0.0,0.0,0.0,0.0,0,0.0,-1.0,-1.0,0.0,0.0,1578642401530096,252406723837, HMD, -0.07313, 1.18394, 0.39054, 0.00224, -0.01335, 0.99807, -0.06062
3765832,1578642401532207,0,0,1,1,0,0,0,1,0,0,0.0,0.0,0.0,0.0,0.0,0.0,0.0,0.0,0.0,0.0,0.0,0.0,0,0.0,-1.0,-1.0,0.0,0.0,1578642401532237,252406745216, HMD, -0.07316, 1.18391, 0.39052, 0.00229, -0.01337, 0.99807, -0.06060
3765832,1578642401536193,0,0,1,1,0,0,0,1,0,0,0.0,0.0,0.0,0.0,0.0,0.0,0.0,0.0,0.0,0.0,0.0,0.0,0,0.0,-1.0,-1.0,0.0,0.0,1578642401533670,252406759541, HMD, -0.07317, 1.18390, 0.39053, 0.00231, -0.01338, 0.99807, -0.06058
3765840,1578642401543416,0,0,1,0,0,0,0,1,0,0,0.0,0.0,0.0,0.0,0.0,0.0,0.0,0.0,0.0,0.0,0.0,0.0,0,0.0,-1.0,-1.0,0.0,0.0,1578642401547985,252406902792, HMD, -0.07330, 1.18389, 0.39055, 0.00254, -0.01354, 0.99808, -0.06041
3765849,1578642401547803,0,0,1,0,0,0,0,1,1,0,0.0,0.0,0.0,0.0,0.0,0.0,0.0,0.0,0.0,0.0,0.0,0.0,0,0.0,-1.0,-1.0,0.0,0.0,1578642401547985,252406902792, HMD, -0.07330, 1.18389, 0.39055, 0.00254, -0.01354, 0.99808, -0.06041
3765849,1578642401553772,0,0,1,0,0,0,0,1,1,0,0.0,0.0,0.0,0.0,0.0,0.0,0.0,0.0,0.0,0.0,0.0,0.0,0,0.0,-1.0,-1.0,0.0,0.0,1578642401552245,252406945296, HMD, -0.07333, 1.18387, 0.39056, 0.00260, -0.01359, 0.99808, -0.06034
3765857,1578642401557777,0,0,1,0,0,0,0,1,1,0,0.0,0.0,0.0,0.0,0.0,0.0,0.0,0.0,0.0,0.0,0.0,0.0,0,0.0,-1.0,-1.0,0.0,0.0,1578642401552245,252406945296, HMD, -0.07333, 1.18387, 0.39056, 0.00260, -0.01359, 0.99808, -0.06034
3765857,1578642401561525,0,0,1,0,0,0,0,1,1,0,0.0,0.0,0.0,0.0,0.0,0.0,0.0,0.0,0.0,0.0,0.0,0.0,0,0.0,-1.0,-1.0,0.0,0.0,1578642401569295,252407115830, HMD, -0.07348, 1.18381, 0.39060, 0.00280, -0.01378, 0.99809, -0.06008
3765865,1578642401566087,0,0,1,0,0,0,0,1,1,0,0.0,0.0,0.0,0.0,0.0,0.0,0.0,0.0,0.0,0.0,0.0,0.0,0,0.0,-1.0,-1.0,0.0,0.0,1578642401569295,252407115830, HMD, -0.07348, 1.18381, 0.39060, 0.00280, -0.01378, 0.99809, -0.06008
3765865,1578642401570096,0,0,1,0,0,0,0,1,1,0,0.0,0.0,0.0,0.0,0.0,0.0,0.0,0.0,0.0,0.0,0.0,0.0,0,0.0,-1.0,-1.0,0.0,0.0,1578642401570153,252407124375, HMD, -0.07349, 1.18380, 0.39060, 0.00282, -0.01380, 0.99810, -0.06007
3765874,1578642401576605,0,0,1,0,0,0,0,1,1,0,0.0,0.0,0.0,0.0,0.0,0.0,0.0,0.0,0.0,0.0,0.0,0.0,0,0.0,-1.0,-1.0,0.0,0.0,1578642401573889,252407161737, HMD, -0.07351, 1.18378, 0.39060, 0.00285, -0.01384, 0.99810, -0.06000
3765874,1578642401580629,0,0,1,0,0,0,0,1,1,0,0.0,0.0,0.0,0.0,0.0,0.0,0.0,0.0,0.0,0.0,0.0,0.0,0,0.0,-1.0,-1.0,0.0,0.0,1578642401573889,252407161737, HMD, -0.07351, 1.18378, 0.39060, 0.00285, -0.01384, 0.99810, -0.06000
3765882,1578642401588400,0,0,1,0,0,0,0,1,1,0,0.0,0.0,0.0,0.0,0.0,0.0,0.0,0.0,0.0,0.0,0.0,0.0,0,0.0,-1.0,-1.0,0.0,0.0,1578642401590940,252407332304, HMD, -0.07365, 1.18372, 0.39062, 0.00301, -0.01403, 0.99812, -0.05964
3765890,1578642401592431,0,0,1,0,0,0,0,1,1,0,0.0,0.0,0.0,0.0,0.0,0.0,0.0,0.0,0.0,0.0,0.0,0.0,0,0.0,-1.0,-1.0,0.0,0.0,1578642401592444,252407347285, HMD, -0.07366, 1.18371, 0.39062, 0.00302, -0.01405, 0.99812, -0.05961
3765899,1578642401598390,0,0,1,0,0,0,0,1,1,0,0.0,0.0,0.0,0.0,0.0,0.0,0.0,0.0,0.0,0.0,0.0,0.0,0,0.0,-1.0,-1.0,0.0,0.0,1578642401594542,252407368272, HMD, -0.07366, 1.18369, 0.39062, 0.00303, -0.01407, 0.99812, -0.05956
3765899,1578642401602391,0,0,1,0,0,0,0,1,1,0,0.0,0.0,0.0,0.0,0.0,0.0,0.0,0.0,0.0,0.0,0.0,0.0,0,0.0,-1.0,-1.0,0.0,0.0,1578642401594542,252407368272, HMD, -0.07366, 1.18369, 0.39062, 0.00303, -0.01407, 0.99812, -0.05956
3765907,1578642401606393,0,0,1,0,0,0,0,1,1,0,0.0,0.0,0.0,0.0,0.0,0.0,0.0,0.0,0.0,0.0,0.0,0.0,0,0.0,-1.0,-1.0,0.0,0.0,1578642401612344,252407546309, HMD, -0.07378, 1.18362, 0.39062, 0.00319, -0.01427, 0.99814, -0.05913
3765907,1578642401610393,0,0,1,0,0,0,0,1,1,0,0.0,0.0,0.0,0.0,0.0,0.0,0.0,0.0,0.0,0.0,0.0,0.0,0,0.0,-1.0,-1.0,0.0,0.0,1578642401612344,252407546309, HMD, -0.07378, 1.18362, 0.39062, 0.00319, -0.01427, 0.99814, -0.05913
3765915,1578642401614387,0,0,1,0,0,0,0,1,1,0,0.0,0.0,0.0,0.0,0.0,0.0,0.0,0.0,0.0,0.0,0.0,0.0,0,0.0,-1.0,-1.0,0.0,0.0,1578642401614337,252407566217, HMD, -0.07383, 1.18362, 0.39063, 0.00320, -0.01428, 0.99815, -0.05908
3765915,1578642401621387,0,0,1,0,0,0,0,1,1,0,0.0,0.0,0.0,0.0,0.0,0.0,0.0,0.0,0.0,0.0,0.0,0.0,0,0.0,-1.0,-1.0,0.0,0.0,1578642401616330,252407586146, HMD, -0.07383, 1.18362, 0.39061, 0.00321, -0.01430, 0.99815, -0.05904
3765924,1578642401625385,0,0,1,1,0,0,0,1,1,0,0.0,0.0,0.0,0.0,0.0,0.0,0.0,0.0,0.0,0.0,0.0,0.0,0,0.0,-1.0,-1.0,0.0,0.0,1578642401631652,252407739431, HMD, -0.07393, 1.18354, 0.39062, 0.00328, -0.01445, 0.99817, -0.05870
3765924,1578642401631374,0,0,1,1,0,0,0,1,1,0,0.0,0.0,0.0,0.0,0.0,0.0,0.0,0.0,0.0,0.0,0.0,0.0,0,0.0,-1.0,-1.0,0.0,0.0,1578642401631652,252407739431, HMD, -0.07393, 1.18354, 0.39062, 0.00328, -0.01445, 0.99817, -0.05870
3765932,1578642401635395,0,0,1,1,0,0,0,1,1,0,0.0,0.0,0.0,0.0,0.0,0.0,0.0,0.0,0.0,0.0,0.0,0.0,0,0.0,-1.0,-1.0,0.0,0.0,1578642401635037,252407773212, HMD, -0.07397, 1.18356, 0.39062, 0.00329, -0.01448, 0.99817, -0.05862
3765940,1578642401638796,0,0,1,1,0,0,0,1,1,0,0.0,0.0,0.0,0.0,0.0,0.0,0.0,0.0,0.0,0.0,0.0,0.0,0,0.0,-1.0,-1.0,0.0,0.0,1578642401635037,252407773212, HMD, -0.07397, 1.18356, 0.39062, 0.00329, -0.01448, 0.99817, -0.05862
3765940,1578642401643939,0,0,1,1,0,0,0,1,1,0,0.0,0.0,0.0,0.0,0.0,0.0,0.0,0.0,0.0,0.0,0.0,0.0,0,0.0,-1.0,-1.0,0.0,0.0,1578642401635037,252407773212, HMD, -0.07397, 1.18356, 0.39062, 0.00329, -0.01448, 0.99817, -0.05862
3765940,1578642401647960,0,0,1,1,0,0,0,1,1,0,0.0,0.0,0.0,0.0,0.0,0.0,0.0,0.0,0.0,0.0,0.0,0.0,0,0.0,-1.0,-1.0,0.0,0.0,1578642401659418,252408017057, HMD, -0.07411, 1.18348, 0.39064, 0.00344, -0.01477, 0.99819, -0.05820
3765949,1578642401653202,0,0,1,1,0,0,0,1,1,0,0.0,0.0,0.0,0.0,0.0,0.0,0.0,0.0,0.0,0.0,0.0,0.0,0,0.0,-1.0,-1.0,0.0,0.0,1578642401659418,252408017057, HMD, -0.07411, 1.18348, 0.39064, 0.00344, -0.01477, 0.99819, -0.05820
3765957,1578642401657217,0,0,1,1,0,0,0,1,1,0,0.0,0.0,0.0,0.0,0.0,0.0,0.0,0.0,0.0,0.0,0.0,0.0,0,0.0,-1.0,-1.0,0.0,0.0,1578642401659418,252408017057, HMD, -0.07411, 1.18348, 0.39064, 0.00344, -0.01477, 0.99819, -0.05820
3765957,1578642401661237,0,0,1,1,0,0,0,1,1,0,0.0,0.0,0.0,0.0,0.0,0.0,0.0,0.0,0.0,0.0,0.0,0.0,0,0.0,-1.0,-1.0,0.0,0.0,1578642401661283,252408035679, HMD, -0.07413, 1.18348, 0.39064, 0.00344, -0.01479, 0.99819, -0.05817
3765965,1578642401664987,0,0,1,1,0,0,0,1,0,0,0.0,0.0,0.0,0.0,0.0,0.0,0.0,0.0,0.0,0.0,0.0,0.0,0,0.0,-1.0,-1.0,0.0,0.0,1578642401663307,252408055915, HMD, -0.07414, 1.18347, 0.39064, 0.00346, -0.01482, 0.99819, -0.05814
3765965,1578642401669228,0,0,1,1,0,0,0,1,0,0,0.0,0.0,0.0,0.0,0.0,0.0,0.0,0.0,0.0,0.0,0.0,0.0,0,0.0,-1.0,-1.0,0.0,0.0,1578642401663307,252408055915, HMD, -0.07414, 1.18347, 0.39064, 0.00346, -0.01482, 0.99819, -0.05814
3765974,1578642401673491,0,0,1,1,0,0,0,1,0,0,0.0,0.0,0.0,0.0,0.0,0.0,0.0,0.0,0.0,0.0,0.0,0.0,0,0.0,-1.0,-1.0,0.0,0.0,1578642401679335,252408216211, HMD, -0.07426, 1.18343, 0.39064, 0.00353, -0.01504, 0.99820, -0.05791
3765974,1578642401678037,0,0,1,1,0,0,0,1,0,0,0.0,0.0,0.0,0.0,0.0,0.0,0.0,0.0,0.0,0.0,0.0,0.0,0,0.0,-1.0,-1.0,0.0,0.0,1578642401679335,252408216211, HMD, -0.07426, 1.18343, 0.39064, 0.00353, -0.01504, 0.99820, -0.05791
3765982,1578642401682515,0,0,1,1,0,0,0,1,1,0,0.0,0.0,0.0,0.0,0.0,0.0,0.0,0.0,0.0,0.0,0.0,0.0,0,0.0,-1.0,-1.0,0.0,0.0,1578642401682547,252408248318, HMD, -0.07428, 1.18342, 0.39064, 0.00354, -0.01508, 0.99820, -0.05788
3765982,1578642401686067,0,0,1,1,0,0,0,1,1,0,0.0,0.0,0.0,0.0,0.0,0.0,0.0,0.0,0.0,0.0,0.0,0.0,0,0.0,-1.0,-1.0,0.0,0.0,1578642401683168,252408254519, HMD, -0.07429, 1.18342, 0.39064, 0.00354, -0.01508, 0.99820, -0.05787
3765990,1578642401690107,0,0,1,0,0,0,0,1,1,0,0.0,0.0,0.0,0.0,0.0,0.0,0.0,0.0,0.0,0.0,0.0,0.0,0,0.0,-1.0,-1.0,0.0,0.0,1578642401683168,252408254519, HMD, -0.07429, 1.18342, 0.39064, 0.00354, -0.01508, 0.99820, -0.05787
3765990,1578642401694444,0,0,1,0,0,0,0,1,1,0,0.0,0.0,0.0,0.0,0.0,0.0,0.0,0.0,0.0,0.0,0.0,0.0,0,0.0,-1.0,-1.0,0.0,0.0,1578642401700747,252408430390, HMD, -0.07436, 1.18337, 0.39061, 0.00360, -0.01527, 0.99821, -0.05772
3765999,1578642401699425,0,0,1,0,0,0,0,1,1,0,0.0,0.0,0.0,0.0,0.0,0.0,0.0,0.0,0.0,0.0,0.0,0.0,0,0.0,-1.0,-1.0,0.0,0.0,1578642401700747,252408430390, HMD, -0.07436, 1.18337, 0.39061, 0.00360, -0.01527, 0.99821, -0.05772
3765999,1578642401703439,0,0,1,0,0,0,0,1,1,0,0.0,0.0,0.0,0.0,0.0,0.0,0.0,0.0,0.0,0.0,0.0,0.0,0,0.0,-1.0,-1.0,0.0,0.0,1578642401703398,252408456825, HMD, -0.07438, 1.18337, 0.39061, 0.00362, -0.01530, 0.99821, -0.05771
3766007,1578642401706993,0,0,1,0,0,0,0,1,1,0,0.0,0.0,0.0,0.0,0.0,0.0,0.0,0.0,0.0,0.0,0.0,0.0,0,0.0,-1.0,-1.0,0.0,0.0,1578642401704266,252408465500, HMD, -0.07438, 1.18336, 0.39061, 0.00363, -0.01531, 0.99821, -0.05770
3766007,1578642401711963,0,0,1,0,0,0,0,1,1,0,0.0,0.0,0.0,0.0,0.0,0.0,0.0,0.0,0.0,0.0,0.0,0.0,0,0.0,-1.0,-1.0,0.0,0.0,1578642401704266,252408465500, HMD, -0.07438, 1.18336, 0.39061, 0.00363, -0.01531, 0.99821, -0.05770
3766032,1578642401729823,0,0,1,1,0,0,0,1,1,0,0.0,0.0,0.0,0.0,0.0,0.0,0.0,0.0,0.0,0.0,0.0,0.0,0,0.0,-1.0,-1.0,0.0,0.0,1578642401733639,252408759310, HMD, -0.07454, 1.18333, 0.39054, 0.00372, -0.01555, 0.99822, -0.05751
3766032,1578642401733882,0,0,1,1,0,0,0,1,1,0,0.0,0.0,0.0,0.0,0.0,0.0,0.0,0.0,0.0,0.0,0.0,0.0,0,0.0,-1.0,-1.0,0.0,0.0,1578642401733952,252408762366, HMD, -0.07454, 1.18333, 0.39054, 0.00372, -0.01555, 0.99822, -0.05751
3766040,1578642401739835,0,0,1,0,0,0,0,1,1,0,0.0,0.0,0.0,0.0,0.0,0.0,0.0,0.0,0.0,0.0,0.0,0.0,0,0.0,-1.0,-1.0,0.0,0.0,1578642401739820,252408821041, HMD, -0.07459, 1.18336, 0.39053, 0.00375, -0.01561, 0.99822, -0.05746
3766040,1578642401743816,0,0,1,0,0,0,0,1,1,0,0.0,0.0,0.0,0.0,0.0,0.0,0.0,0.0,0.0,0.0,0.0,0.0,0,0.0,-1.0,-1.0,0.0,0.0,1578642401739969,252408822538, HMD, -0.07459, 1.18336, 0.39053, 0.00374, -0.01562, 0.99822, -0.05746
3766049,1578642401747830,0,0,1,0,0,0,0,1,0,0,0.0,0.0,0.0,0.0,0.0,0.0,0.0,0.0,0.0,0.0,0.0,0.0,0,0.0,-1.0,-1.0,0.0,0.0,1578642401739969,252408822538, HMD, -0.07459, 1.18336, 0.39053, 0.00374, -0.01562, 0.99822, -0.05746
3766049,1578642401751806,0,0,1,0,0,0,0,1,0,0,0.0,0.0,0.0,0.0,0.0,0.0,0.0,0.0,0.0,0.0,0.0,0.0,0,0.0,-1.0,-1.0,0.0,0.0,1578642401739969,252408822538, HMD, -0.07459, 1.18336, 0.39053, 0.00374, -0.01562, 0.99822, -0.05746
3766049,1578642401755806,0,0,1,0,0,0,0,1,0,0,0.0,0.0,0.0,0.0,0.0,0.0,0.0,0.0,0.0,0.0,0.0,0.0,0,0.0,-1.0,-1.0,0.0,0.0,1578642401739969,252408822538, HMD, -0.07459, 1.18336, 0.39053, 0.00374, -0.01562, 0.99822, -0.05746
3766057,1578642401761828,0,0,1,0,0,0,0,1,0,0,0.0,0.0,0.0,0.0,0.0,0.0,0.0,0.0,0.0,0.0,0.0,0.0,0,0.0,-1.0,-1.0,0.0,0.0,1578642401739969,252408822538, HMD, -0.07459, 1.18336, 0.39053, 0.00374, -0.01562, 0.99822, -0.05746
3766065,1578642401765807,0,0,1,0,0,0,0,1,1,0,0.0,0.0,0.0,0.0,0.0,0.0,0.0,0.0,0.0,0.0,0.0,0.0,0,0.0,-1.0,-1.0,0.0,0.0,1578642401787865,252409301536, HMD, -0.07495, 1.18337, 0.39053, 0.00417, -0.01593, 0.99822, -0.05739
3766074,1578642401771820,0,0,1,0,0,0,0,1,1,0,0.0,0.0,0.0,0.0,0.0,0.0,0.0,0.0,0.0,0.0,0.0,0.0,0,0.0,-1.0,-1.0,0.0,0.0,1578642401787865,252409301536, HMD, -0.07495, 1.18337, 0.39053, 0.00417, -0.01593, 0.99822, -0.05739
3766074,1578642401775795,0,0,1,0,0,0,0,1,1,0,0.0,0.0,0.0,0.0,0.0,0.0,0.0,0.0,0.0,0.0,0.0,0.0,0,0.0,-1.0,-1.0,0.0,0.0,1578642401787865,252409301536, HMD, -0.07495, 1.18337, 0.39053, 0.00417, -0.01593, 0.99822, -0.05739
3766082,1578642401783786,0,0,1,0,0,0,0,1,1,0,0.0,0.0,0.0,0.0,0.0,0.0,0.0,0.0,0.0,0.0,0.0,0.0,0,0.0,-1.0,-1.0,0.0,0.0,1578642401787865,252409301536, HMD, -0.07495, 1.18337, 0.39053, 0.00417, -0.01593, 0.99822, -0.05739
3766082,1578642401787807,0,0,1,0,0,0,0,1,1,0,0.0,0.0,0.0,0.0,0.0,0.0,0.0,0.0,0.0,0.0,0.0,0.0,0,0.0,-1.0,-1.0,0.0,0.0,1578642401787865,252409301536, HMD, -0.07495, 1.18337, 0.39053, 0.00417, -0.01593, 0.99822, -0.05739
3766090,1578642401793960,0,0,1,0,0,0,0,1,1,0,0.0,0.0,0.0,0.0,0.0,0.0,0.0,0.0,0.0,0.0,0.0,0.0,0,0.0,-1.0,-1.0,0.0,0.0,1578642401793849,252409361339, HMD, -0.07495, 1.18339, 0.39054, 0.00423, -0.01595, 0.99821, -0.05742
3766090,1578642401798793,0,0,1,0,0,0,0,1,1,0,0.0,0.0,0.0,0.0,0.0,0.0,0.0,0.0,0.0,0.0,0.0,0.0,0,0.0,-1.0,-1.0,0.0,0.0,1578642401794983,252409372674, HMD, -0.07495, 1.18338, 0.39055, 0.00425, -0.01593, 0.99821, -0.05743
3766107,1578642401810789,0,0,1,1,0,0,0,1,1,0,0.0,0.0,0.0,0.0,0.0,0.0,0.0,0.0,0.0,0.0,0.0,0.0,0,0.0,-1.0,-1.0,0.0,0.0,1578642401820128,252409624149, HMD, -0.07515, 1.18340, 0.39059, 0.00461, -0.01599, 0.99820, -0.05758
3766115,1578642401814792,0,0,1,1,0,0,0,1,1,0,0.0,0.0,0.0,0.0,0.0,0.0,0.0,0.0,0.0,0.0,0.0,0.0,0,0.0,-1.0,-1.0,0.0,0.0,1578642401820128,252409624149, HMD, -0.07515, 1.18340, 0.39059, 0.00461, -0.01599, 0.99820, -0.05758
3766115,1578642401818787,0,0,1,1,0,0,0,1,1,0,0.0,0.0,0.0,0.0,0.0,0.0,0.0,0.0,0.0,0.0,0.0,0.0,0,0.0,-1.0,-1.0,0.0,0.0,1578642401820128,252409624149, HMD, -0.07515, 1.18340, 0.39059, 0.00461, -0.01599, 0.99820, -0.05758
3766115,1578642401822776,0,0,1,1,0,0,0,1,1,0,0.0,0.0,0.0,0.0,0.0,0.0,0.0,0.0,0.0,0.0,0.0,0.0,0,0.0,-1.0,-1.0,0.0,0.0,1578642401822779,252409650631, HMD, -0.07517, 1.18340, 0.39059, 0.00465, -0.01598, 0.99820, -0.05760
3766124,1578642401826309,0,0,1,1,0,0,0,1,1,0,0.0,0.0,0.0,0.0,0.0,0.0,0.0,0.0,0.0,0.0,0.0,0.0,0,0.0,-1.0,-1.0,0.0,0.03777967,1578642401823319,252409656036, HMD, -0.07517, 1.18340, 0.39059, 0.00467, -0.01598, 0.99820, -0.05760
3766132,1578642401832303,0,0,1,1,0,0,0,1,1,0,0.0,0.0,0.0,0.0,0.0,0.0,0.0,0.0,0.0,0.0,0.0,0.0,0,0.0,-1.0,-1.0,0.0,0.03777967,1578642401823319,252409656036, HMD, -0.07517, 1.18340, 0.39059, 0.00467, -0.01598, 0.99820, -0.05760
3766132,1578642401836327,0,0,1,1,0,0,0,1,1,0,0.0,0.0,0.0,0.0,0.0,0.0,0.0,0.0,0.0,0.0,0.0,0.0,0,0.0,-1.0,-1.0,0.0,0.03777967,1578642401823319,252409656036, HMD, -0.07517, 1.18340, 0.39059, 0.00467, -0.01598, 0.99820, -0.05760
3766140,1578642401845301,0,0,1,1,0,0,0,1,1,0,0.0,0.0,0.0,0.0,0.0,0.0,0.0,0.0,0.0,0.0,0.0,0.0,0,0.0,-1.0,-1.0,0.06392954,0.0,1578642401859049,252410013430, HMD, -0.07545, 1.18340, 0.39058, 0.00526, -0.01611, 0.99820, -0.05761
3766149,1578642401849332,0,0,1,1,0,0,0,1,1,0,0.0,0.0,0.0,0.0,0.0,0.0,0.0,0.0,0.0,0.0,0.0,0.0,0,0.0,-1.0,-1.0,0.06392954,0.0,1578642401859049,252410013430, HMD, -0.07545, 1.18340, 0.39058, 0.00526, -0.01611, 0.99820, -0.05761
3766157,1578642401857296,0,0,1,1,0,1,1,1,1,0,0.0,0.0,0.0,-0.12998962,-0.39770508,0.9082489,0.0,0.0,0.0,-26.3540802,-0.01817322,-27.79727173,0,0.0,-1.0,-1.0,0.21492128,0.0,1578642401859049,252410013430, HMD, -0.07545, 1.18340, 0.39058, 0.00526, -0.01611, 0.99820, -0.05761
3766157,1578642401861286,0,0,1,1,0,1,1,1,1,0,0.0,0.0,0.0,-0.12998962,-0.39770508,0.9082489,0.0,0.0,0.0,-26.3540802,-0.01817322,-27.79727173,0,0.0,-1.0,-1.0,0.21492128,0.0,1578642401861391,252410036754, HMD, -0.07547, 1.18340, 0.39058, 0.00531, -0.01613, 0.99820, -0.05759
3766157,1578642401865313,1,1,1,1,0,0,0,1,1,0,-0.06037903,-0.44818115,0.89189148,0.0,0.0,0.0,32.63519287,-1.23667908,-28.81619263,0.0,0.0,0.0,0,0.0,3.86306763,3.86306763,0.21492128,0.0,1578642401865161,252410074481, HMD, -0.07550, 1.18341, 0.39058, 0.00538, -0.01615, 0.99820, -0.05756
3766165,1578642401869301,1,1,1,1,0,0,0,1,1,0,-0.06037903,-0.44818115,0.89189148,0.0,0.0,0.0,32.63519287,-1.23667908,-28.81619263,0.0,0.0,0.0,0,0.0,3.86306763,3.86306763,0.12039877,0.0,1578642401865161,252410074481, HMD, -0.07550, 1.18341, 0.39058, 0.00538, -0.01615, 0.99820, -0.05756
3766165,1578642401874284,0,0,1,1,0,1,1,1,1,0,0.0,0.0,0.0,-0.08882141,-0.43888855,0.89413452,0.0,0.0,0.0,-26.56869507,0.07792664,-25.77656555,0,0.0,-1.0,-1.0,0.12039877,0.0,1578642401865161,252410074481, HMD, -0.07550, 1.18341, 0.39058, 0.00538, -0.01615, 0.99820, -0.05756
3766182,1578642401886342,1,1,1,1,0,1,1,1,1,0,-0.10054016,-0.40843201,0.90722656,-0.02119446,-0.46522522,0.88491821,32.80166626,0.24765015,-33.90782166,-26.74969482,-0.41152954,-23.68016052,0,0.0,3.92463684,3.92463684,0.21607035,0.06807153,1578642401900779,252410430676, HMD, -0.07564, 1.18336, 0.39062, 0.00610, -0.01629, 0.99820, -0.05737
3766182,1578642401890344,1,1,1,1,0,0,0,1,1,0,-0.05363464,-0.42085266,0.90553284,0.0,0.0,0.0,32.63858032,-0.80221558,-30.30931091,0.0,0.0,0.0,0,0.0,3.84182739,3.84182739,0.21607035,0.06807153,1578642401900779,252410430676, HMD, -0.07564, 1.18336, 0.39062, 0.00610, -0.01629, 0.99820, -0.05737
3766190,1578642401896350,1,1,1,1,0,0,0,1,1,0,-0.05363464,-0.42085266,0.90553284,0.0,0.0,0.0,32.63858032,-0.80221558,-30.30931091,0.0,0.0,0.0,0,0.0,3.84182739,3.84182739,0.30212504,0.11897466,1578642401900779,252410430676, HMD, -0.07564, 1.18336, 0.39062, 0.00610, -0.01629, 0.99820, -0.05737
3766199,1578642401900342,0,0,1,1,0,1,1,1,1,0,0.0,0.0,0.0,-0.0249176,-0.4503479,0.89248657,0.0,0.0,0.0,-26.73608398,-0.36935425,-23.82157898,0,0.0,-1.0,-1.0,0.30212504,0.11897466,1578642401900779,252410430676, HMD, -0.07564, 1.18336, 0.39062, 0.00610, -0.01629, 0.99820, -0.05737
3766199,1578642401904355,0,0,1,1,0,1,1,1,1,0,0.0,0.0,0.0,-0.0249176,-0.4503479,0.89248657,0.0,0.0,0.0,-26.73608398,-0.36935425,-23.82157898,0,0.0,-1.0,-1.0,0.30212504,0.11897466,1578642401904381,252410466654, HMD, -0.07566, 1.18336, 0.39062, 0.00616, -0.01629, 0.99820, -0.05735
3766207,1578642401908355,1,1,1,1,0,0,0,1,1,0,-0.05014038,-0.41796875,0.90705872,0.0,0.0,0.0,32.65280151,-1.05136108,-29.74014282,0.0,0.0,0.0,0,0.0,3.94316101,3.94316101,0.39113063,0.17253129,1578642401906570,252410488545, HMD, -0.07567, 1.18336, 0.39062, 0.00621, -0.01629, 0.99820, -0.05735
3766207,1578642401912337,1,1,1,1,0,0,0,1,1,0,-0.05014038,-0.41796875,0.90705872,0.0,0.0,0.0,32.65280151,-1.05136108,-29.74014282,0.0,0.0,0.0,0,0.0,3.94316101,3.94316101,0.39113063,0.17253129,1578642401906570,252410488545, HMD, -0.07567, 1.18336, 0.39062, 0.00621, -0.01629, 0.99820, -0.05735
3766215,1578642401921329,0,0,1,1,0,1,1,1,1,0,0.0,0.0,0.0,-0.18730164,-0.4569397,0.86953735,0.0,0.0,0.0,-25.9956665,-2.45129395,-15.56169128,0,0.0,-1.0,-1.0,0.39113063,0.17253129,1578642401935468,252410777550, HMD, -0.07580, 1.18334, 0.39060, 0.00665, -0.01610, 0.99821, -0.05721
3766224,1578642401925864,0,0,1,1,0,0,0,1,1,0,0.0,0.0,0.0,0.0,0.0,0.0,0.0,0.0,0.0,0.0,0.0,0.0,0,0.0,-1.0,-1.0,0.4536483,0.25400105,1578642401935468,252410777550, HMD, -0.07580, 1.18334, 0.39060, 0.00665, -0.01610, 0.99821, -0.05721
3766224,1578642401930854,0,0,1,1,0,0,0,1,1,0,0.0,0.0,0.0,0.0,0.0,0.0,0.0,0.0,0.0,0.0,0.0,0.0,0,0.0,-1.0,-1.0,0.4536483,0.25400105,1578642401935468,252410777550, HMD, -0.07580, 1.18334, 0.39060, 0.00665, -0.01610, 0.99821, -0.05721
3766232,1578642401934496,1,1,1,1,0,1,1,1,1,0,-0.0881958,-0.39994812,0.91227722,-0.12940979,-0.47558594,0.87008667,32.7766571,-0.0514679,-33.10163879,-26.21304321,-1.72296143,-17.93792725,0,0.0,3.84448242,3.84448242,0.4536483,0.25400105,1578642401935468,252410777550, HMD, -0.07580, 1.18334, 0.39060, 0.00665, -0.01610, 0.99821, -0.05721
3766232,1578642401938467,1,1,1,1,0,1,1,1,1,0,-0.0881958,-0.39994812,0.91227722,-0.12940979,-0.47558594,0.87008667,32.7766571,-0.0514679,-33.10163879,-26.21304321,-1.72296143,-17.93792725,0,0.0,3.84448242,3.84448242,0.4536483,0.25400105,1578642401938709,252410809981, HMD, -0.07582, 1.18334, 0.39060, 0.00671, -0.01610, 0.99821, -0.05720
3766232,1578642401942488,1,1,1,1,0,1,1,1,1,0,-0.0622406,-0.38867188,0.91926575,-0.1386261,-0.46488953,0.87443542,32.6856842,-0.45774841,-31.67581177,-26.20547485,-1.73828125,-17.92674255,0,0.0,3.99429321,3.99429321,0.4536483,0.25400105,1578642401940414,252410826981, HMD, -0.07582, 1.18333, 0.39060, 0.00674, -0.01609, 0.99821, -0.05719
3766240,1578642401946481,1,1,1,1,0,1,1,1,1,0,-0.0622406,-0.38867188,0.91926575,-0.1386261,-0.46488953,0.87443542,32.6856842,-0.45774841,-31.67581177,-26.20547485,-1.73828125,-17.92674255,0,0.0,3.99429321,3.99429321,0.50740635,0.2950297,1578642401940414,252410826981, HMD, -0.07582, 1.18333, 0.39060, 0.00674, -0.01609, 0.99821, -0.05719
3766257,1578642401961478,1,1,1,1,0,1,1,1,1,0,-0.05195618,-0.37557983,0.92532349,-0.01472473,-0.43017578,0.90261841,32.62989807,-1.10467529,-29.58709717,-26.79188538,-0.01565552,-25.16896057,0,0.0,4.05558777,4.05558777,0.53887826,0.35341758,1578642401963973,252411062587, HMD, -0.07590, 1.18323, 0.39054, 0.00706, -0.01605, 0.99822, -0.05709
3766265,1578642401965477,1,1,1,1,0,1,1,1,1,0,-0.05056763,-0.37942505,0.92382813,-0.08764648,-0.4708252,0.87785339,32.63696289,-1.05285645,-29.75198364,-26.31344604,-1.40435791,-19.70252991,0,0.0,4.09994507,4.09994507,0.53887826,0.35341758,1578642401965487,252411077715, HMD, -0.07591, 1.18323, 0.39053, 0.00708, -0.01605, 0.99822, -0.05708
3766265,1578642401970479,1,1,1,1,0,1,1,1,1,0,-0.05056763,-0.37942505,0.92382813,-0.08764648,-0.4708252,0.87785339,32.63696289,-1.05285645,-29.75198364,-26.31344604,-1.40435791,-19.70252991,0,0.0,4.09994507,4.09994507,0.53887826,0.35341758,1578642401967107,252411093917, HMD, -0.07591, 1.18322, 0.39053, 0.00711, -0.01605, 0.99822, -0.05707
3766274,1578642401974473,1,1,1,1,0,1,1,1,1,0,-0.0559845,-0.38166809,0.92259216,-0.13020325,-0.49856567,0.85700989,32.64379883,-1.00511169,-29.9127655,-26.1534729,-1.9050293,-17.34259033,0,0.0,4.05285645,4.05285645,0.56227028,0.38276207,1578642401977890,252411201754, HMD, -0.07594, 1.18320, 0.39053, 0.00726, -0.01608, 0.99822, -0.05702
3766274,1578642401979463,1,1,1,1,0,1,1,1,1,0,-0.0559845,-0.38166809,0.92259216,-0.13020325,-0.49856567,0.85700989,32.64379883,-1.00511169,-29.9127655,-26.1534729,-1.9050293,-17.34259033,0,0.0,4.05285645,4.05285645,0.56227028,0.38276207,1578642401979412,252411216963, HMD, -0.07594, 1.18319, 0.39053, 0.00728, -0.01609, 0.99822, -0.05701
3766282,1578642401983476,1,1,1,1,0,1,1,1,1,0,-0.0511322,-0.38887024,0.91986084,-0.07901001,-0.44146729,0.89378357,32.63993835,-1.00306702,-29.91481018,-26.41384888,-1.1545105,-20.67694092,0,0.0,4.01231384,4.01231384,0.56227028,0.38276207,1578642401981264,252411235494, HMD, -0.07595, 1.18319, 0.39053, 0.00730, -0.01610, 0.99822, -0.05700
3766282,1578642401987467,1,1,1,1,0,1,1,1,1,0,-0.0511322,-0.38887024,0.91986084,-0.07901001,-0.44146729,0.89378357,32.63993835,-1.00306702,-29.91481018,-26.41384888,-1.1545105,-20.67694092,0,0.0,4.01231384,4.01231384,0.56227028,0.38276207,1578642401991901,252411341896, HMD, -0.07598, 1.18317, 0.39052, 0.00743, -0.01613, 0.99822, -0.05693
3766282,1578642401991459,1,1,1,1,0,1,1,1,1,0,-0.05065918,-0.39152527,0.91876221,-0.03372192,-0.36543274,0.9302063,32.63609314,-1.0010376,-29.91685486,-26.67419434,-0.46728516,-24.0112915,0,0.0,3.98156738,3.98156738,0.56227028,0.38276207,1578642401991901,252411341896, HMD, -0.07598, 1.18317, 0.39052, 0.00743, -0.01613, 0.99822, -0.05693
3766290,1578642401995460,1,1,1,1,0,1,1,1,1,0,-0.05065918,-0.39152527,0.91876221,-0.03372192,-0.36543274,0.9302063,32.63609314,-1.0010376,-29.91685486,-26.67419434,-0.46728516,-24.0112915,0,0.0,3.98156738,3.98156738,0.58553147,0.41595453,1578642401995418,252411377025, HMD, -0.07601, 1.18319, 0.39053, 0.00749, -0.01617, 0.99822, -0.05693
3766307,1578642402007448,1,1,1,1,0,1,1,1,1,0,-0.0484314,-0.39042664,0.91934204,-0.03826904,-0.3377533,0.94044495,32.63386536,-1.0010376,-29.91685486,-26.66159058,-0.46728516,-24.0112915,0,0.0,4.01547241,4.01547241,0.59189045,0.41794577,1578642402015368,252411576537, HMD, -0.07609, 1.18316, 0.39052, 0.00773, -0.01624, 0.99822, -0.05686
3766307,1578642402011455,1,1,1,1,0,1,1,1,1,0,-0.0484314,-0.39042664,0.91934204,-0.03826904,-0.3377533,0.94044495,32.63386536,-1.0010376,-29.91685486,-26.66159058,-0.46728516,-24.0112915,0,0.0,4.01547241,4.01547241,0.59189045,0.41794577,1578642402015368,252411576537, HMD, -0.07609, 1.18316, 0.39052, 0.00773, -0.01624, 0.99822, -0.05686
3766315,1578642402016464,1,1,1,1,0,1,1,1,1,0,-0.04763794,-0.38612366,0.92120361,-0.03788757,-0.34519958,0.9377594,32.63188171,-1.00306702,-29.91481018,-26.65863037,-0.46929932,-23.99656677,0,0.0,4.03370667,4.03370667,0.59189045,0.41794577,1578642402016514,252411587988, HMD, -0.07609, 1.18316, 0.39052, 0.00775, -0.01624, 0.99822, -0.05686
3766315,1578642402020454,1,1,1,1,0,1,1,1,1,0,-0.04763794,-0.38612366,0.92120361,-0.03788757,-0.34519958,0.9377594,32.63188171,-1.00306702,-29.91481018,-26.65863037,-0.46929932,-23.99656677,0,0.0,4.03370667,4.03370667,0.59189045,0.41794577,1578642402018446,252411607308, HMD, -0.07609, 1.18316, 0.39052, 0.00777, -0.01624, 0.99822, -0.05685
3766324,1578642402025447,1,1,1,1,0,1,1,1,1,0,-0.04862976,-0.3818512,0.92292786,-0.04637146,-0.33634949,0.94058228,32.63386536,-1.00511169,-29.9127655,-26.59825134,-0.54820251,-23.8157959,0,0.0,4.05255127,4.05255127,0.60040724,0.43884748,1578642402027491,252411697759, HMD, -0.07612, 1.18316, 0.39052, 0.00787, -0.01626, 0.99822, -0.05684
3766324,1578642402029454,1,1,1,1,0,1,1,1,1,0,-0.04862976,-0.3818512,0.92292786,-0.04637146,-0.33634949,0.94058228,32.63386536,-1.00511169,-29.9127655,-26.59825134,-0.54820251,-23.8157959,0,0.0,4.05255127,4.05255127,0.60040724,0.43884748,1578642402029484,252411717688, HMD, -0.07613, 1.18316, 0.39052, 0.00789, -0.01627, 0.99822, -0.05683
3766332,1578642402035469,1,1,1,1,0,1,1,1,1,0,-0.05342102,-0.36683655,0.92874146,-0.02827454,-0.32409668,0.94558716,32.63278198,-1.04649353,-29.78579712,-26.70472717,-0.32325745,-24.47917175,0,0.0,4.26017761,4.26017761,0.60040724,0.43884748,1578642402030680,252411729646, HMD, -0.07612, 1.18316, 0.39052, 0.00791, -0.01626, 0.99822, -0.05683
3766332,1578642402039461,1,1,1,1,0,1,1,1,1,0,-0.05342102,-0.36683655,0.92874146,-0.02827454,-0.32409668,0.94558716,32.63278198,-1.04649353,-29.78579712,-26.70472717,-0.32325745,-24.47917175,0,0.0,4.26017761,4.26017761,0.60040724,0.43884748,1578642402042546,252411848338, HMD, -0.07616, 1.18319, 0.39052, 0.00805, -0.01629, 0.99822, -0.05683
3766340,1578642402044426,1,1,1,1,0,1,1,1,1,0,-0.04257202,-0.37841797,0.92463684,-0.02639771,-0.33630371,0.94137573,32.62786865,-0.97795105,-30.11941528,-26.70259094,-0.29527283,-24.57099915,0,0.0,4.10643005,4.10643005,0.6123457,0.45300612,1578642402044460,252411867442, HMD, -0.07617, 1.18319, 0.39052, 0.00807, -0.01629, 0.99822, -0.05684
3766349,1578642402048428,1,1,1,1,0,1,1,1,1,0,-0.04257202,-0.37841797,0.92463684,-0.02639771,-0.33630371,0.94137573,32.62786865,-0.97795105,-30.11941528,-26.70259094,-0.29527283,-24.57099915,0,0.0,4.10643005,4.10643005,0.6123457,0.45300612,1578642402045896,252411881799, HMD, -0.07617, 1.18319, 0.39052, 0.00808, -0.01630, 0.99822, -0.05683
3766349,1578642402052427,1,1,1,1,0,1,1,1,1,0,-0.03790283,-0.38864136,0.92059326,-0.02357483,-0.34767151,0.93731689,32.62808228,-0.97769165,-30.10931396,-26.70043945,-0.32325745,-24.47917175,0,0.0,4.02735901,4.02735901,0.6123457,0.45300612,1578642402055506,252411977914, HMD, -0.07622, 1.18321, 0.39051, 0.00821, -0.01631, 0.99822, -0.05685
3766349,1578642402056427,1,1,1,1,0,1,1,1,1,0,-0.03790283,-0.38864136,0.92059326,-0.02357483,-0.34767151,0.93731689,32.62808228,-0.97769165,-30.10931396,-26.70043945,-0.32325745,-24.47917175,0,0.0,4.02735901,4.02735901,0.6123457,0.45300612,1578642402056354,252411986380, HMD, -0.07623, 1.18321, 0.39051, 0.00821, -0.01631, 0.99822, -0.05686
3766357,1578642402060450,1,1,1,1,0,1,1,1,1,0,-0.03816223,-0.3787384,0.92469788,-0.0213623,-0.36418152,0.93107605,32.62786865,-0.97741699,-30.11508179,-26.67492676,-0.37339783,-24.26367188,0,0.0,4.10523987,4.10523987,0.62602383,0.48062888,1578642402058825,252412011092, HMD, -0.07623, 1.18322, 0.39051, 0.00824, -0.01631, 0.99821, -0.05686
3766357,1578642402064449,1,1,1,1,0,1,1,1,1,0,-0.03816223,-0.3787384,0.92469788,-0.0213623,-0.36418152,0.93107605,32.62786865,-0.97741699,-30.11508179,-26.67492676,-0.37339783,-24.26367188,0,0.0,4.10523987,4.10523987,0.62602383,0.48062888,1578642402067304,252412095893, HMD, -0.07625, 1.18323, 0.39051, 0.00833, -0.01633, 0.99821, -0.05690
3766365,1578642402068422,1,1,1,1,0,1,1,1,1,0,-0.03930664,-0.37026978,0.92808533,-0.01216125,-0.38088989,0.92453003,32.62322998,-0.97367859,-30.11021423,-26.69467163,-0.33670044,-24.35160828,0,0.0,4.12736511,4.12736511,0.62602383,0.48062888,1578642402068385,252412106690, HMD, -0.07626, 1.18323, 0.39051, 0.00835, -0.01633, 0.99821, -0.05690
3766365,1578642402072421,1,1,1,1,0,1,1,1,1,0,-0.03930664,-0.37026978,0.92808533,-0.01216125,-0.38088989,0.92453003,32.62322998,-0.97367859,-30.11021423,-26.69467163,-0.33670044,-24.35160828,0,0.0,4.12736511,4.12736511,0.62602383,0.48062888,1578642402070825,252412131091, HMD, -0.07628, 1.18323, 0.39049, 0.00837, -0.01633, 0.99821, -0.05691
3766374,1578642402076420,1,1,1,1,0,1,1,1,1,0,-0.03871155,-0.37762451,0.92514038,-0.01408386,-0.36982727,0.9289856,32.61859131,-0.97618103,-30.11508179,-26.697052,-0.33627319,-24.34970093,0,0.0,4.10543823,4.10543823,0.63560617,0.51193029,1578642402070825,252412131091, HMD, -0.07628, 1.18323, 0.39049, 0.00837, -0.01633, 0.99821, -0.05691
3766374,1578642402080426,1,1,1,1,0,1,1,1,1,0,-0.03871155,-0.37762451,0.92514038,-0.01408386,-0.36982727,0.9289856,32.61859131,-0.97618103,-30.11508179,-26.697052,-0.33627319,-24.34970093,0,0.0,4.10543823,4.10543823,0.63560617,0.51193029,1578642402083163,252412254481, HMD, -0.07627, 1.18326, 0.39047, 0.00853, -0.01630, 0.99821, -0.05697
3766382,1578642402085430,1,1,1,1,0,1,1,1,1,0,-0.03851318,-0.37261963,0.9271698,-0.01676941,-0.38066101,0.92454529,32.61494446,-0.97680664,-30.11021423,-26.69561768,-0.33670044,-24.34779358,0,0.0,4.1026001,4.1026001,0.63722229,0.51367527,1578642402085361,252412276455, HMD, -0.07627, 1.18326, 0.39047, 0.00855, -0.01630, 0.99821, -0.05698
3766382,1578642402089439,1,1,1,1,0,1,1,1,1,0,-0.03851318,-0.37261963,0.9271698,-0.01676941,-0.38066101,0.92454529,32.61494446,-0.97680664,-30.11021423,-26.69561768,-0.33670044,-24.34779358,0,0.0,4.1026001,4.1026001,0.63722229,0.51367527,1578642402086302,252412285868, HMD, -0.07627, 1.18326, 0.39047, 0.00856, -0.01629, 0.99821, -0.05699
3766390,1578642402094419,1,1,1,1,0,1,1,1,1,0,-0.03962708,-0.3531189,0.9347229,-0.01539612,-0.38037109,0.92469788,32.60865784,-1.01382446,-29.99949646,-26.69514465,-0.34495544,-24.32667542,0,0.0,4.14228821,4.14228821,0.65371287,0.52244687,1578642402095781,252412380712, HMD, -0.07627, 1.18325, 0.39046, 0.00864, -0.01626, 0.99820, -0.05702
3766390,1578642402098452,1,1,1,1,0,1,1,1,1,0,-0.03962708,-0.3531189,0.9347229,-0.01539612,-0.38037109,0.92469788,32.60865784,-1.01382446,-29.99949646,-26.69514465,-0.34495544,-24.32667542,0,0.0,4.14228821,4.14228821,0.65371287,0.52244687,1578642402098464,252412407482, HMD, -0.07627, 1.18325, 0.39046, 0.00866, -0.01626, 0.99820, -0.05704
3766399,1578642402102405,1,1,1,1,0,1,1,1,1,0,-0.04940796,-0.35299683,0.93431091,-0.01530457,-0.37983704,0.9249115,32.61489868,-1.05271912,-29.89582825,-26.69467163,-0.35321045,-24.30557251,0,0.0,4.14233398,4.14233398,0.65371287,0.52244687,1578642402098941,252412412257, HMD, -0.07627, 1.18325, 0.39046, 0.00866, -0.01626, 0.99820, -0.05704
3766399,1578642402105429,1,1,1,1,0,1,1,1,1,0,-0.04940796,-0.35299683,0.93431091,-0.01530457,-0.37983704,0.9249115,32.61489868,-1.05271912,-29.89582825,-26.69467163,-0.35321045,-24.30557251,0,0.0,4.14233398,4.14233398,0.65371287,0.52244687,1578642402098941,252412412257, HMD, -0.07627, 1.18325, 0.39046, 0.00866, -0.01626, 0.99820, -0.05704
3766407,1578642402109404,1,1,1,1,0,1,1,1,1,0,-0.04930115,-0.34559631,0.93707275,-0.0184021,-0.37374878,0.92733765,32.61714172,-1.0735321,-29.84863281,-26.68301392,-0.38838196,-24.22328186,0,0.0,4.20018005,4.20018005,0.67186922,0.5407992,1578642402115577,252412578626, HMD, -0.07624, 1.18325, 0.39044, 0.00882, -0.01622, 0.99820, -0.05708
3766407,1578642402113426,1,1,1,1,0,1,1,1,1,0,-0.04930115,-0.34559631,0.93707275,-0.0184021,-0.37374878,0.92733765,32.61714172,-1.0735321,-29.84863281,-26.68301392,-0.38838196,-24.22328186,0,0.0,4.20018005,4.20018005,0.67186922,0.5407992,1578642402115577,252412578626, HMD, -0.07624, 1.18325, 0.39044, 0.00882, -0.01622, 0.99820, -0.05708
3766415,1578642402117410,1,1,1,1,0,1,1,1,1,0,-0.05012512,-0.33578491,0.94059753,-0.03451538,-0.36256409,0.93130493,32.61489868,-1.07806396,-29.88739014,-26.6028595,-0.59138489,-23.62670898,0,0.0,4.25494385,4.25494385,0.67186922,0.5407992,1578642402117416,252412597006, HMD, -0.07624, 1.18325, 0.39044, 0.00883, -0.01621, 0.99820, -0.05709
3766415,1578642402121423,1,1,1,1,0,1,1,1,1,0,-0.05012512,-0.33578491,0.94059753,-0.03451538,-0.36256409,0.93130493,32.61489868,-1.07806396,-29.88739014,-26.6028595,-0.59138489,-23.62670898,0,0.0,4.25494385,4.25494385,0.67186922,0.5407992,1578642402118596,252412608801, HMD, -0.07624, 1.18325, 0.39044, 0.00885, -0.01621, 0.99820, -0.05709
3766424,1578642402125414,1,1,1,1,0,1,1,1,1,0,-0.05020142,-0.33758545,0.93994141,-0.03134155,-0.36740112,0.92951965,32.61474609,-1.06626892,-29.89161682,-26.60093689,-0.58000183,-23.67024231,0,0.0,4.24775696,4.24775696,0.68653607,0.5680899,1578642402127643,252412699283, HMD, -0.07625, 1.18325, 0.39044, 0.00892, -0.01619, 0.99820, -0.05709
3766424,1578642402129415,1,1,1,1,0,1,1,1,1,0,-0.05020142,-0.33758545,0.93994141,-0.03134155,-0.36740112,0.92951965,32.61474609,-1.06626892,-29.89161682,-26.60093689,-0.58000183,-23.67024231,0,0.0,4.24775696,4.24775696,0.68653607,0.5680899,1578642402129412,252412716964, HMD, -0.07625, 1.18325, 0.39044, 0.00893, -0.01619, 0.99820, -0.05708
3766432,1578642402134435,1,1,1,1,0,1,1,1,1,0,-0.04998779,-0.34048462,0.93890381,-0.03083801,-0.35516357,0.9342804,32.61460876,-1.05448914,-29.89582825,-26.59906006,-0.58140564,-23.66651917,0,0.0,4.24020386,4.24020386,0.68653607,0.5680899,1578642402130559,252412728433, HMD, -0.07624, 1.18325, 0.39044, 0.00893, -0.01618, 0.99820, -0.05708
3766432,1578642402138406,1,1,1,1,0,1,1,1,1,0,-0.04998779,-0.34048462,0.93890381,-0.03083801,-0.35516357,0.9342804,32.61460876,-1.05448914,-29.89582825,-26.59906006,-0.58140564,-23.66651917,0,0.0,4.24020386,4.24020386,0.68653607,0.5680899,1578642402140476,252412827639, HMD, -0.07627, 1.18325, 0.39048, 0.00905, -0.01616, 0.99820, -0.05708
3766440,1578642402143408,1,1,1,1,0,1,1,1,1,0,-0.04812622,-0.3447113,0.93746948,-0.03158569,-0.34284973,0.93884277,32.61170959,-1.05360413,-29.92547607,-26.59718323,-0.58213806,-23.66659546,0,0.0,4.1975708,4.1975708,0.68518621,0.58066005,1578642402143451,252412857354, HMD, -0.07627, 1.18324, 0.39048, 0.00907, -0.01615, 0.99820, -0.05708
3766440,1578642402147423,1,1,1,1,0,1,1,1,1,0,-0.04812622,-0.3447113,0.93746948,-0.03158569,-0.34284973,0.93884277,32.61170959,-1.05360413,-29.92547607,-26.59718323,-0.58213806,-23.66659546,0,0.0,4.1975708,4.1975708,0.68518621,0.58066005,1578642402143451,252412857354, HMD, -0.07627, 1.18324, 0.39048, 0.00907, -0.01615, 0.99820, -0.05708
3766449,1578642402151408,1,1,1,1,0,1,1,1,1,0,-0.04626465,-0.34890747,0.93600464,-0.03536987,-0.34638977,0.93740845,32.60881042,-1.05271912,-29.9551239,-26.59671021,-0.58247375,-23.66470337,0,0.0,4.15556335,4.15556335,0.68518621,0.58066005,1578642402156639,252412989264, HMD, -0.07628, 1.18324, 0.39048, 0.00914, -0.01612, 0.99820, -0.05703
3766449,1578642402155439,1,1,1,1,0,1,1,1,1,0,-0.04626465,-0.34890747,0.93600464,-0.03536987,-0.34638977,0.93740845,32.60881042,-1.05271912,-29.9551239,-26.59671021,-0.58247375,-23.66470337,0,0.0,4.15556335,4.15556335,0.68518621,0.58066005,1578642402156639,252412989264, HMD, -0.07628, 1.18324, 0.39048, 0.00914, -0.01612, 0.99820, -0.05703
3766457,1578642402159395,1,1,1,1,0,1,1,1,1,0,-0.04675293,-0.34373474,0.93788147,-0.03912354,-0.34812927,0.93661499,32.60601807,-1.05360413,-29.95124817,-26.59623718,-0.58280945,-23.66279602,0,0.0,4.19549561,4.19549561,0.69195598,0.59975278,1578642402159280,252413015648, HMD, -0.07628, 1.18323, 0.39048, 0.00917, -0.01611, 0.99820, -0.05703
3766457,1578642402163414,1,1,1,1,0,1,1,1,1,0,-0.04675293,-0.34373474,0.93788147,-0.03912354,-0.34812927,0.93661499,32.60601807,-1.05360413,-29.95124817,-26.59623718,-0.58280945,-23.66279602,0,0.0,4.19549561,4.19549561,0.69195598,0.59975278,1578642402160476,252413027607, HMD, -0.07628, 1.18323, 0.39048, 0.00917, -0.01610, 0.99820, -0.05702
3766465,1578642402167380,1,1,1,1,0,1,1,1,1,0,-0.04704285,-0.3487854,0.93600464,-0.03585815,-0.34593201,0.93756104,32.60321045,-1.05271912,-29.9551239,-26.59611511,-0.58247375,-23.65809631,0,0.0,4.19577026,4.19577026,0.69195598,0.59975278,1578642402167997,252413102817, HMD, -0.07628, 1.18322, 0.39049, 0.00921, -0.01606, 0.99820, -0.05700
3766465,1578642402171389,1,1,1,1,0,1,1,1,1,0,-0.04704285,-0.3487854,0.93600464,-0.03585815,-0.34593201,0.93756104,32.60321045,-1.05271912,-29.9551239,-26.59611511,-0.58247375,-23.65809631,0,0.0,4.19577026,4.19577026,0.69195598,0.59975278,1578642402171214,252413134982, HMD, -0.07628, 1.18322, 0.39049, 0.00922, -0.01604, 0.99820, -0.05699
3766474,1578642402175402,1,1,1,1,0,1,1,1,1,0,-0.04595947,-0.34893799,0.93600464,-0.03901672,-0.34272766,0.93861389,32.60253906,-1.05081177,-29.97013855,-26.59597778,-0.58280945,-23.66279602,0,0.0,4.19281006,4.19281006,0.6960386,0.59679025,1578642402171214,252413134982, HMD, -0.07628, 1.18322, 0.39049, 0.00922, -0.01604, 0.99820, -0.05699
3766474,1578642402179406,1,1,1,1,0,1,1,1,1,0,-0.04595947,-0.34893799,0.93600464,-0.03901672,-0.34272766,0.93861389,32.60253906,-1.05081177,-29.97013855,-26.59597778,-0.58280945,-23.66279602,0,0.0,4.19281006,4.19281006,0.6960386,0.59679025,1578642402182324,252413246090, HMD, -0.07627, 1.18320, 0.39050, 0.00926, -0.01597, 0.99821, -0.05695
3766482,1578642402183385,1,1,1,1,0,1,1,1,1,0,-0.04676819,-0.34754944,0.93647766,-0.03915405,-0.34111023,0.93919373,32.60185242,-1.04890442,-29.98513794,-26.59541321,-0.58424377,-23.66470337,0,0.0,4.1947937,4.1947937,0.6960386,0.59679025,1578642402183418,252413257021, HMD, -0.07627, 1.18320, 0.39050, 0.00927, -0.01596, 0.99821, -0.05695
3766482,1578642402186416,1,1,1,1,0,1,1,1,1,0,-0.04676819,-0.34754944,0.93647766,-0.03915405,-0.34111023,0.93919373,32.60185242,-1.04890442,-29.98513794,-26.59541321,-0.58424377,-23.66470337,0,0.0,4.1947937,4.1947937,0.6960386,0.59679025,1578642402185524,252413278087, HMD, -0.07627, 1.18320, 0.39050, 0.00928, -0.01594, 0.99821, -0.05694
3766482,1578642402190402,1,1,1,1,0,1,1,1,1,0,-0.04676819,-0.34754944,0.93647766,-0.03915405,-0.34111023,0.93919373,32.60185242,-1.04890442,-29.98513794,-26.59541321,-0.58424377,-23.66470337,0,0.0,4.1947937,4.1947937,0.6960386,0.59679025,1578642402185524,252413278087, HMD, -0.07627, 1.18320, 0.39050, 0.00928, -0.01594, 0.99821, -0.05694
3766499,1578642402206387,1,1,1,1,0,1,1,1,1,0,-0.04664612,-0.34706116,0.93667603,-0.03843689,-0.33912659,0.93994141,32.60012817,-1.04708862,-29.98860168,-26.5930481,-0.58456421,-23.66470337,0,0.0,4.23265076,4.23265076,0.71534425,0.6172139,1578642402208326,252413506115, HMD, -0.07622, 1.18318, 0.39052, 0.00935, -0.01578, 0.99821, -0.05693
3766507,1578642402210366,1,1,1,1,0,1,1,1,1,0,-0.04550171,-0.34767151,0.93650818,-0.0377655,-0.33836365,0.94024658,32.59986877,-1.0456543,-29.98980713,-26.59124756,-0.58566284,-23.66279602,0,0.0,4.21350098,4.21350098,0.72490257,0.6297164,1578642402210410,252413526939, HMD, -0.07621, 1.18318, 0.39052, 0.00936, -0.01576, 0.99821, -0.05693
3766507,1578642402215379,1,1,1,1,0,1,1,1,1,0,-0.04550171,-0.34767151,0.93650818,-0.0377655,-0.33836365,0.94024658,32.59986877,-1.0456543,-29.98980713,-26.59124756,-0.58566284,-23.66279602,0,0.0,4.21350098,4.21350098,0.72490257,0.6297164,1578642402211386,252413536706, HMD, -0.07621, 1.18318, 0.39052, 0.00936, -0.01576, 0.99821, -0.05693
3766515,1578642402219393,1,1,1,1,0,1,1,1,1,0,-0.04560852,-0.34757996,0.93652344,-0.03890991,-0.33853149,0.94013977,32.59959412,-1.04420471,-29.99101257,-26.59109497,-0.58813477,-23.66143799,0,0.0,4.23254395,4.23254395,0.72629321,0.63134348,1578642402220550,252413628362, HMD, -0.07618, 1.18318, 0.39053, 0.00940, -0.01571, 0.99821, -0.05693
3766524,1578642402224412,1,1,1,1,0,1,1,1,1,0,-0.04452515,-0.34761047,0.93656921,-0.03811646,-0.33740234,0.94058228,32.59902954,-1.04156494,-29.99833679,-26.59095764,-0.59059143,-23.66007996,0,0.0,4.23199463,4.23199463,0.72732604,0.64364856,1578642402223734,252413660188, HMD, -0.07618, 1.18318, 0.39053, 0.00941, -0.01570, 0.99821, -0.05693
3766524,1578642402228371,1,1,1,1,0,1,1,1,1,0,-0.04452515,-0.34761047,0.93656921,-0.03811646,-0.33740234,0.94058228,32.59902954,-1.04156494,-29.99833679,-26.59095764,-0.59059143,-23.66007996,0,0.0,4.23199463,4.23199463,0.72732604,0.64364856,1578642402223734,252413660188, HMD, -0.07618, 1.18318, 0.39053, 0.00941, -0.01570, 0.99821, -0.05693
3766532,1578642402232411,1,1,1,1,0,1,1,1,1,0,-0.0428009,-0.35014343,0.93571472,-0.03833008,-0.33692932,0.94073486,32.59585571,-1.03887939,-30.0035553,-26.58905029,-0.59111023,-23.65673828,0,0.0,4.19377136,4.19377136,0.72732604,0.64364856,1578642402234109,252413763974, HMD, -0.07612, 1.18318, 0.39051, 0.00941, -0.01562, 0.99821, -0.05693
3766532,1578642402236413,1,1,1,1,0,1,1,1,1,0,-0.0428009,-0.35014343,0.93571472,-0.03833008,-0.33692932,0.94073486,32.59585571,-1.03887939,-30.0035553,-26.58905029,-0.59111023,-23.65673828,0,0.0,4.19377136,4.19377136,0.72732604,0.64364856,1578642402236428,252413787124, HMD, -0.07612, 1.18319, 0.39052, 0.00942, -0.01562, 0.99821, -0.05693
3766532,1578642402240367,1,1,1,1,0,1,1,1,1,0,-0.0428009,-0.35014343,0.93571472,-0.03833008,-0.33692932,0.94073486,32.59585571,-1.03887939,-30.0035553,-26.58905029,-0.59111023,-23.65673828,0,0.0,4.19377136,4.19377136,0.72732604,0.64364856,1578642402237438,252413797221, HMD, -0.07612, 1.18319, 0.39052, 0.00943, -0.01561, 0.99821, -0.05694
3766540,1578642402244364,1,1,1,1,0,1,1,1,1,0,-0.03959656,-0.35020447,0.93582153,-0.03895569,-0.33642578,0.94088745,32.59339905,-1.03887939,-30.00363159,-26.58712769,-0.59162903,-23.65339661,0,0.0,4.19319153,4.19319153,0.72678769,0.65539867,1578642402237438,252413797221, HMD, -0.07612, 1.18319, 0.39052, 0.00943, -0.01561, 0.99821, -0.05694
3766540,1578642402248367,1,1,1,1,0,1,1,1,1,0,-0.03959656,-0.35020447,0.93582153,-0.03895569,-0.33642578,0.94088745,32.59339905,-1.03887939,-30.00363159,-26.58712769,-0.59162903,-23.65339661,0,0.0,4.19319153,4.19319153,0.72678769,0.65539867,1578642402251523,252413938086, HMD, -0.07608, 1.18320, 0.39054, 0.00942, -0.01553, 0.99821, -0.05691
3766549,1578642402252374,1,1,1,1,0,1,1,1,1,0,-0.03930664,-0.35017395,0.93585205,-0.03881836,-0.33396912,0.94177246,32.59251404,-1.03887939,-30.00363159,-26.5869751,-0.59486389,-23.62184143,0,0.0,4.19309998,4.19309998,0.72678769,0.65539867,1578642402252313,252413945974, HMD, -0.07607, 1.18320, 0.39054, 0.00942, -0.01552, 0.99821, -0.05691
3766549,1578642402256381,1,1,1,1,0,1,1,1,1,0,-0.03930664,-0.35017395,0.93585205,-0.03881836,-0.33396912,0.94177246,32.59251404,-1.03887939,-30.00363159,-26.5869751,-0.59486389,-23.62184143,0,0.0,4.19309998,4.19309998,0.72678769,0.65539867,1578642402254703,252413969875, HMD, -0.07607, 1.18319, 0.39054, 0.00943, -0.01552, 0.99822, -0.05689
3766557,1578642402260362,1,1,1,1,0,1,1,1,1,0,-0.03912354,-0.34899902,0.93629456,-0.03904724,-0.3319397,0.94247437,32.59092712,-1.04156494,-30.00363159,-26.5859375,-0.60575867,-23.61460876,0,0.0,4.2130127,4.2130127,0.74249321,0.66625279,1578642402263726,252414060116, HMD, -0.07605, 1.18319, 0.39055, 0.00941, -0.01547, 0.99822, -0.05688
3766557,1578642402264347,1,1,1,1,0,1,1,1,1,0,-0.03912354,-0.34899902,0.93629456,-0.03904724,-0.3319397,0.94247437,32.59092712,-1.04156494,-30.00363159,-26.5859375,-0.60575867,-23.61460876,0,0.0,4.2130127,4.2130127,0.74249321,0.66625279,1578642402264366,252414066508, HMD, -0.07604, 1.18319, 0.39055, 0.00941, -0.01546, 0.99822, -0.05688
3766565,1578642402268382,1,1,1,1,0,1,1,1,1,0,-0.04096985,-0.34735107,0.93682861,-0.03343201,-0.33198547,0.94267273,32.58786011,-1.04156494,-30.00363159,-26.58422852,-0.5773468,-23.61497498,0,0.0,4.21708679,4.21708679,0.74249321,0.66625279,1578642402266860,252414091445, HMD, -0.07604, 1.18319, 0.39055, 0.00941, -0.01545, 0.99822, -0.05688
3766565,1578642402272380,1,1,1,1,0,1,1,1,1,0,-0.04096985,-0.34735107,0.93682861,-0.03343201,-0.33198547,0.94267273,32.58786011,-1.04156494,-30.00363159,-26.58422852,-0.5773468,-23.61497498,0,0.0,4.21708679,4.21708679,0.74249321,0.66625279,1578642402266860,252414091445, HMD, -0.07604, 1.18319, 0.39055, 0.00941, -0.01545, 0.99822, -0.05688
3766574,1578642402276359,1,1,1,1,0,1,1,1,1,0,-0.03102112,-0.32583618,0.94490051,-0.04966736,-0.31517029,0.94772339,32.55702209,-1.02093506,-29.6211853,-26.56541443,-0.39472961,-23.7338562,0,0.0,4.27076721,4.27076721,0.73707551,0.67145586,1578642402278407,252414206939, HMD, -0.07599, 1.18321, 0.39056, 0.00942, -0.01540, 0.99822, -0.05689
3766574,1578642402280358,1,1,1,1,0,1,1,1,1,0,-0.03102112,-0.32583618,0.94490051,-0.04966736,-0.31517029,0.94772339,32.55702209,-1.02093506,-29.6211853,-26.56541443,-0.39472961,-23.7338562,0,0.0,4.27076721,4.27076721,0.73707551,0.67145586,1578642402280300,252414225841, HMD, -0.07599, 1.18321, 0.39056, 0.00942, -0.01539, 0.99822, -0.05689
3766590,1578642402292396,1,1,1,1,0,1,1,1,1,0,-0.02267456,-0.17489624,0.98431396,-0.04402161,-0.18708801,0.9813385,32.34729004,-0.32066345,-29.85301208,-26.34394836,0.22938538,-23.5406189,0,0.0,4.33491516,4.33491516,0.72838688,0.63802952,1578642402295533,252414378244, HMD, -0.07596, 1.18321, 0.39060, 0.00939, -0.01535, 0.99822, -0.05692
3766590,1578642402296385,1,1,1,1,0,1,1,1,1,0,-0.02267456,-0.17489624,0.98431396,-0.04402161,-0.18708801,0.9813385,32.34729004,-0.32066345,-29.85301208,-26.34394836,0.22938538,-23.5406189,0,0.0,4.33491516,4.33491516,0.72838688,0.63802952,1578642402296424,252414387085, HMD, -0.07596, 1.18321, 0.39060, 0.00940, -0.01535, 0.99822, -0.05693
3766599,1578642402300395,1,1,1,1,0,1,1,1,1,0,-0.03672791,-0.10043335,0.9942627,-0.03045654,-0.09353638,0.99514771,32.30940247,0.07012939,-29.91877747,-26.25440979,0.70228577,-23.88214111,0,0.0,4.33500671,4.33500671,0.72838688,0.63802952,1578642402298809,252414410938, HMD, -0.07595, 1.18321, 0.39060, 0.00939, -0.01534, 0.99822, -0.05694
3766607,1578642402314401,1,1,1,1,0,1,1,1,1,0,-0.015625,-0.02598572,0.99952698,-0.03041077,-0.04066467,0.998703,32.32669067,0.38517761,-30.11984253,-26.12382507,0.94877625,-23.48669434,0,0.0,4.33546448,4.33546448,0.83933622,0.69711167,1578642402318882,252414611697, HMD, -0.07588, 1.18325, 0.39063, 0.00937, -0.01530, 0.99821, -0.05704
3766615,1578642402318406,1,1,1,1,0,1,1,1,1,0,-0.00502014,0.02035522,0.99977112,-0.02351379,0.02249146,0.99946594,32.38729858,0.64071655,-30.17576599,-26.06684875,1.16012573,-23.42190552,0,0.0,4.31427002,4.31427002,0.83933622,0.69711167,1578642402318882,252414611697, HMD, -0.07588, 1.18325, 0.39063, 0.00937, -0.01530, 0.99821, -0.05704
3766615,1578642402322397,1,1,1,1,0,1,1,1,1,0,-0.00502014,0.02035522,0.99977112,-0.02351379,0.02249146,0.99946594,32.38729858,0.64071655,-30.17576599,-26.06684875,1.16012573,-23.42190552,0,0.0,4.31427002,4.31427002,0.83933622,0.69711167,1578642402321959,252414642438, HMD, -0.07587, 1.18325, 0.39064, 0.00937, -0.01530, 0.99821, -0.05707
3766624,1578642402326428,1,1,1,1,0,1,1,1,1,0,-0.00271606,0.0745697,0.99720764,-0.00177002,0.08648682,0.99624634,32.45747375,0.64013672,-29.77964783,-26.0173645,1.23840332,-23.00737,0,0.0,4.20915222,4.20915222,0.89925307,0.81148279,1578642402330838,252414731231, HMD, -0.07585, 1.18325, 0.39064, 0.00935, -0.01527, 0.99821, -0.05711
3766624,1578642402330366,1,1,1,1,0,1,1,1,1,0,-0.00271606,0.0745697,0.99720764,-0.00177002,0.08648682,0.99624634,32.45747375,0.64013672,-29.77964783,-26.0173645,1.23840332,-23.00737,0,0.0,4.20915222,4.20915222,0.89925307,0.81148279,1578642402330838,252414731231, HMD, -0.07585, 1.18325, 0.39064, 0.00935, -0.01527, 0.99821, -0.05711
3766632,1578642402334398,1,1,1,1,0,1,1,1,1,0,0.00996399,0.09632874,0.99528503,0.00082397,0.13890076,0.99029541,32.52049255,0.65705872,-29.55064392,-25.98152161,1.22816467,-22.75567627,0,0.0,4.23908997,4.23908997,0.89925307,0.81148279,1578642402333841,252414761251, HMD, -0.07584, 1.18325, 0.39065, 0.00934, -0.01527, 0.99821, -0.05711
3766632,1578642402338363,1,1,1,1,0,1,1,1,1,0,0.00996399,0.09632874,0.99528503,0.00082397,0.13890076,0.99029541,32.52049255,0.65705872,-29.55064392,-25.98152161,1.22816467,-22.75567627,0,0.0,4.23908997,4.23908997,0.89925307,0.81148279,1578642402333841,252414761251, HMD, -0.07584, 1.18325, 0.39065, 0.00934, -0.01527, 0.99821, -0.05711
3766640,1578642402343414,1,1,1,1,0,1,1,1,1,0,0.01472473,0.12232971,0.99237061,0.01023865,0.14047241,0.99002075,32.56758118,0.71209717,-29.60115051,-25.97459412,1.46928406,-23.32229614,0,0.0,4.28871155,4.28871155,0.94244075,0.92883235,1578642402348112,252414903999, HMD, -0.07580, 1.18323, 0.39066, 0.00930, -0.01526, 0.99821, -0.05713
3766640,1578642402347384,1,1,1,1,0,1,1,1,1,0,0.01472473,0.12232971,0.99237061,0.01023865,0.14047241,0.99002075,32.56758118,0.71209717,-29.60115051,-25.97459412,1.46928406,-23.32229614,0,0.0,4.28871155,4.28871155,0.94244075,0.92883235,1578642402348112,252414903999, HMD, -0.07580, 1.18323, 0.39066, 0.00930, -0.01526, 0.99821, -0.05713
3766648,1578642402350942,1,1,1,1,0,1,1,1,1,0,0.00863647,0.13764954,0.99043274,0.01313782,0.14875793,0.98878479,32.6104126,0.70869446,-29.61871338,-26.01698303,1.4460907,-23.20411682,0,0.0,4.21153259,4.21153259,0.94281846,0.9292925,1578642402350976,252414932603, HMD, -0.07579, 1.18323, 0.39067, 0.00930, -0.01525, 0.99821, -0.05713
3766657,1578642402365477,1,1,1,1,0,1,1,1,1,0,0.01074219,0.12538147,0.99203491,0.01029968,0.14926147,0.98873901,32.65223694,0.65162659,-29.53582764,-26.04827881,1.38215637,-23.04692078,0,0.0,4.27203369,4.27203369,1.0,1.0,1578642402352348,252414946321, HMD, -0.07578, 1.18322, 0.39067, 0.00930, -0.01524, 0.99821, -0.05713
3766665,1578642402369453,1,1,1,1,0,1,1,1,1,0,0.01445007,0.12937927,0.9914856,0.01074219,0.13980103,0.9901123,32.66870117,0.64608765,-29.56703186,-26.07411194,1.38235474,-23.102005,0,0.0,4.18147278,4.18147278,1.0,1.0,1578642402379460,252415217470, HMD, -0.07576, 1.18318, 0.39073, 0.00916, -0.01521, 0.99822, -0.05691
3766673,1578642402376471,1,1,1,1,0,1,1,1,1,0,0.02096558,0.1322937,0.99098206,0.0115509,0.14347839,0.98957825,32.68891907,0.63142395,-29.55012512,-26.09921265,1.44094849,-23.309021,0,0.0,4.23522949,4.23522949,1.0,1.0,1578642402379460,252415217470, HMD, -0.07576, 1.18318, 0.39073, 0.00916, -0.01521, 0.99822, -0.05691
3766673,1578642402380445,1,1,1,1,0,1,1,1,1,0,0.02096558,0.1322937,0.99098206,0.0115509,0.14347839,0.98957825,32.68891907,0.63142395,-29.55012512,-26.09921265,1.44094849,-23.309021,0,0.0,4.23522949,4.23522949,1.0,1.0,1578642402380482,252415227663, HMD, -0.07576, 1.18318, 0.39073, 0.00915, -0.01521, 0.99822, -0.05690
3766682,1578642402383978,1,1,1,1,0,1,1,1,1,0,0.00912476,0.12275696,0.99238586,0.01048279,0.14099121,0.98994446,32.70863342,0.58180237,-29.40512085,-26.10801697,1.45053101,-23.33755493,0,0.0,4.21582031,4.21582031,1.0,1.0,1578642402383760,252415260444, HMD, -0.07575, 1.18317, 0.39074, 0.00913, -0.01521, 0.99822, -0.05687
3766682,1578642402396618,1,1,1,1,0,1,1,1,1,0,0.00912476,0.12275696,0.99238586,0.01048279,0.14099121,0.98994446,32.70863342,0.58180237,-29.40512085,-26.10801697,1.45053101,-23.33755493,0,0.0,4.21582031,4.21582031,1.0,1.0,1578642402383760,252415260444, HMD, -0.07575, 1.18317, 0.39074, 0.00913, -0.01521, 0.99822, -0.05687
3766698,1578642402407339,1,1,1,1,0,1,1,1,1,0,0.01119995,0.13298035,0.99104309,0.00212097,0.13768005,0.99046326,32.75926208,0.59683228,-29.44374084,-26.13513184,1.45121765,-23.31639099,0,0.0,4.27861023,4.27861023,1.0,1.0,1578642402428441,252415707342, HMD, -0.07561, 1.18310, 0.39087, 0.00889, -0.01504, 0.99825, -0.05645
3766707,1578642402411786,1,1,1,1,0,1,1,1,1,0,0.01119995,0.13298035,0.99104309,0.00212097,0.13768005,0.99046326,32.75926208,0.59683228,-29.44374084,-26.13513184,1.45121765,-23.31639099,0,0.0,4.27861023,4.27861023,1.0,1.0,1578642402428441,252415707342, HMD, -0.07561, 1.18310, 0.39087, 0.00889, -0.01504, 0.99825, -0.05645
3766715,1578642402421341,1,1,1,1,0,1,1,1,1,0,0.00610352,0.12849426,0.99168396,0.00471497,0.1388092,0.99029541,32.76716614,0.59375,-29.43501282,-26.14744568,1.45172119,-23.31269836,0,0.0,4.26712036,4.26712036,1.0,1.0,1578642402428441,252415707342, HMD, -0.07561, 1.18310, 0.39087, 0.00889, -0.01504, 0.99825, -0.05645
3766715,1578642402425499,1,1,1,1,0,1,1,1,1,0,0.00392151,0.1260376,0.99200439,0.0071106,0.13829041,0.99035645,32.77033997,0.59915161,-29.4548645,-26.15977478,1.45222473,-23.31639099,0,0.0,4.27203369,4.27203369,1.0,1.0,1578642402428441,252415707342, HMD, -0.07561, 1.18310, 0.39087, 0.00889, -0.01504, 0.99825, -0.05645
3766723,1578642402430494,1,1,1,1,0,1,1,1,1,0,0.00392151,0.1260376,0.99200439,0.0071106,0.13829041,0.99035645,32.77033997,0.59915161,-29.4548645,-26.15977478,1.45222473,-23.31639099,0,0.0,4.27203369,4.27203369,1.0,1.0,1578642402430424,252415727084, HMD, -0.07562, 1.18309, 0.39087, 0.00888, -0.01503, 0.99825, -0.05644
3766732,1578642402434465,1,1,1,1,0,1,1,1,1,0,0.00442505,0.12860107,0.99168396,0.00834656,0.13905334,0.99023438,32.77349854,0.60455322,-29.47470093,-26.17141724,1.45501709,-23.32473755,0,0.0,4.26557922,4.26557922,1.0,1.0,1578642402433214,252415754988, HMD, -0.07564, 1.18310, 0.39088, 0.00886, -0.01502, 0.99825, -0.05642
3766732,1578642402441450,1,1,1,1,0,1,1,1,1,0,0.00456238,0.12913513,0.99160767,0.009552,0.13813782,0.99035645,32.77760315,0.61479187,-29.51164246,-26.18305969,1.45779419,-23.33309937,0,0.0,4.23524475,4.23524475,1.0,1.0,1578642402433214,252415754988, HMD, -0.07564, 1.18310, 0.39088, 0.00886, -0.01502, 0.99825, -0.05642
3766740,1578642402444923,1,1,1,1,0,1,1,1,1,0,0.00456238,0.12913513,0.99160767,0.009552,0.13813782,0.99035645,32.77760315,0.61479187,-29.51164246,-26.18305969,1.45779419,-23.33309937,0,0.0,4.23524475,4.23524475,1.0,1.0,1578642402433214,252415754988, HMD, -0.07564, 1.18310, 0.39088, 0.00886, -0.01502, 0.99825, -0.05642
3766740,1578642402448887,1,1,1,1,0,1,1,1,1,0,0.00469971,0.12841797,0.99169922,0.00932312,0.13832092,0.99034119,32.7816925,0.62208557,-29.54858398,-26.19322205,1.45895386,-23.34249878,0,0.0,4.20437622,4.20437622,1.0,1.0,1578642402461105,252416033905, HMD, -0.07552, 1.18307, 0.39093, 0.00876, -0.01489, 0.99826, -0.05633
3766748,1578642402455702,1,1,1,1,0,1,1,1,1,0,0.00469971,0.12841797,0.99169922,0.00932312,0.13832092,0.99034119,32.7816925,0.62208557,-29.54858398,-26.19322205,1.45895386,-23.34249878,0,0.0,4.20437622,4.20437622,1.0,1.0,1578642402461105,252416033905, HMD, -0.07552, 1.18307, 0.39093, 0.00876, -0.01489, 0.99826, -0.05633
3766757,1578642402459690,1,1,1,1,0,1,1,1,1,0,0.00616455,0.12641907,0.99194336,0.00907898,0.13853455,0.99031067,32.78439331,0.62271118,-29.55509949,-26.20339966,1.46011353,-23.35188293,0,0.0,4.22138977,4.22138977,1.0,1.0,1578642402461105,252416033905, HMD, -0.07552, 1.18307, 0.39093, 0.00876, -0.01489, 0.99826, -0.05633
3766757,1578642402464532,1,1,1,1,0,1,1,1,1,0,0.00616455,0.12641907,0.99194336,0.00907898,0.13853455,0.99031067,32.78439331,0.62271118,-29.55509949,-26.20339966,1.46011353,-23.35188293,0,0.0,4.22138977,4.22138977,1.0,1.0,1578642402464588,252416068726, HMD, -0.07551, 1.18307, 0.39094, 0.00875, -0.01488, 0.99826, -0.05633
3766765,1578642402468425,1,1,1,1,0,1,1,1,1,0,0.00749207,0.12962341,0.99153137,0.00970459,0.13781738,0.99040222,32.78709412,0.62333679,-29.56161499,-26.21179199,1.46513367,-23.35899353,0,0.0,4.24107361,4.24107361,1.0,1.0,1578642402464588,252416068726, HMD, -0.07551, 1.18307, 0.39094, 0.00875, -0.01488, 0.99826, -0.05633
3766765,1578642402472467,1,1,1,1,0,1,1,1,1,0,0.00749207,0.12962341,0.99153137,0.00970459,0.13781738,0.99040222,32.78709412,0.62333679,-29.56161499,-26.21179199,1.46513367,-23.35899353,0,0.0,4.24107361,4.24107361,1.0,1.0,1578642402464588,252416068726, HMD, -0.07551, 1.18307, 0.39094, 0.00875, -0.01488, 0.99826, -0.05633
3766765,1578642402476431,1,1,1,1,0,1,1,1,1,0,0.00695801,0.12937927,0.99156189,0.01026917,0.13699341,0.99050903,32.78938293,0.62417603,-29.56416321,-26.22018433,1.47016907,-23.36608887,0,0.0,4.24595642,4.24595642,1.0,1.0,1578642402484627,252416269231, HMD, -0.07541, 1.18307, 0.39097, 0.00873, -0.01483, 0.99826, -0.05635
3766773,1578642402480462,1,1,1,1,0,1,1,1,1,0,0.00695801,0.12937927,0.99156189,0.01026917,0.13699341,0.99050903,32.78938293,0.62417603,-29.56416321,-26.22018433,1.47016907,-23.36608887,0,0.0,4.24595642,4.24595642,1.0,1.0,1578642402484627,252416269231, HMD, -0.07541, 1.18307, 0.39097, 0.00873, -0.01483, 0.99826, -0.05635
3766782,1578642402484419,1,1,1,1,0,1,1,1,1,0,0.00648499,0.12954712,0.99154663,0.01068115,0.13621521,0.99061584,32.79167175,0.62503052,-29.56669617,-26.22502136,1.47686768,-23.3835907,0,0.0,4.24118042,4.24118042,1.0,1.0,1578642402484627,252416269231, HMD, -0.07541, 1.18307, 0.39097, 0.00873, -0.01483, 0.99826, -0.05635
3766782,1578642402488440,1,1,1,1,0,1,1,1,1,0,0.00648499,0.12954712,0.99154663,0.01068115,0.13621521,0.99061584,32.79167175,0.62503052,-29.56669617,-26.22502136,1.47686768,-23.3835907,0,0.0,4.24118042,4.24118042,1.0,1.0,1578642402488534,252416308185, HMD, -0.07540, 1.18307, 0.39098, 0.00872, -0.01482, 0.99826, -0.05636
3766790,1578642402492648,1,1,1,1,0,1,1,1,1,0,0.00593567,0.13021851,0.99145508,0.01124573,0.13658142,0.99055481,32.79396057,0.62680054,-29.56738281,-26.2298584,1.47016907,-23.36608887,0,0.0,4.2464447,4.2464447,1.0,1.0,1578642402489893,252416321774, HMD, -0.07539, 1.18308, 0.39099, 0.00871, -0.01481, 0.99826, -0.05636
3766798,1578642402502413,1,1,1,1,0,1,1,1,1,0,0.00537109,0.12875366,0.99165344,0.01177979,0.13642883,0.99057007,32.79624939,0.62857056,-29.56806946,-26.23538208,1.47016907,-23.36608887,0,0.0,4.24049377,4.24049377,1.0,1.0,1578642402489893,252416321774, HMD, -0.07539, 1.18308, 0.39099, 0.00871, -0.01481, 0.99826, -0.05636
3766798,1578642402506420,1,1,1,1,0,1,1,1,1,0,0.00537109,0.12875366,0.99165344,0.01177979,0.13642883,0.99057007,32.79624939,0.62857056,-29.56806946,-26.23538208,1.47016907,-23.36608887,0,0.0,4.24049377,4.24049377,1.0,1.0,1578642402489893,252416321774, HMD, -0.07539, 1.18308, 0.39099, 0.00871, -0.01481, 0.99826, -0.05636
3766807,1578642402515399,1,1,1,1,0,1,1,1,1,0,0.00479126,0.12905884,0.99162292,0.01264954,0.13586426,0.9906311,32.79826355,0.63546753,-29.60015869,-26.24009705,1.47016907,-23.3613739,0,0.0,4.24447632,4.24447632,1.0,1.0,1578642402531021,252416733088, HMD, -0.07525, 1.18309, 0.39098, 0.00867, -0.01485, 0.99826, -0.05642
3766815,1578642402519475,1,1,1,1,0,1,1,1,1,0,0.00427246,0.12918091,0.99160767,0.01235962,0.13574219,0.99066162,32.80027771,0.6423645,-29.63226318,-26.24209595,1.47016907,-23.3613739,0,0.0,4.23866272,4.23866272,1.0,1.0,1578642402531021,252416733088, HMD, -0.07525, 1.18309, 0.39098, 0.00867, -0.01485, 0.99826, -0.05642
3766823,1578642402531692,1,1,1,1,0,1,1,1,1,0,0.00422668,0.12876892,0.99165344,0.01177979,0.13470459,0.99081421,32.80162048,0.64802551,-29.65078735,-26.24751282,1.47016907,-23.3613739,0,0.0,4.23165894,4.23165894,1.0,1.0,1578642402531634,252416739187, HMD, -0.07525, 1.18309, 0.39098, 0.00867, -0.01486, 0.99826, -0.05642
3766832,1578642402535668,1,1,1,1,0,1,1,1,1,0,0.00418091,0.12831116,0.99171448,0.01287842,0.13645935,0.99055481,32.80297852,0.65367126,-29.66932678,-26.25259399,1.47016907,-23.38926697,0,0.0,4.22489929,4.22489929,1.0,1.0,1578642402534559,252416768434, HMD, -0.07520, 1.18308, 0.39096, 0.00866, -0.01486, 0.99826, -0.05644
3766840,1578642402544897,1,1,1,1,0,1,1,1,1,0,0.03779602,0.14108276,0.98927307,0.04191589,0.15811157,0.98652649,32.97363281,0.6600647,-29.58595276,-26.04667664,1.42134094,-23.09144592,0,0.0,4.1547699,4.1547699,1.0,1.0,1578642402534559,252416768434, HMD, -0.07520, 1.18308, 0.39096, 0.00866, -0.01486, 0.99826, -0.05644
3766840,1578642402548888,1,1,1,1,0,1,1,1,1,0,0.03779602,0.14108276,0.98927307,0.04191589,0.15811157,0.98652649,32.97363281,0.6600647,-29.58595276,-26.04667664,1.42134094,-23.09144592,0,0.0,4.1547699,4.1547699,1.0,1.0,1578642402558048,252417003400, HMD, -0.07516, 1.18308, 0.39099, 0.00863, -0.01491, 0.99826, -0.05647
3766848,1578642402552883,1,1,1,1,0,1,1,1,1,0,0.08737183,0.18510437,0.9788208,0.07788086,0.17668152,0.98117065,33.11512756,0.63247681,-29.28929138,-25.73641968,1.52935791,-23.1078949,0,0.0,4.17643738,4.17643738,1.0,1.0,1578642402558048,252417003400, HMD, -0.07516, 1.18308, 0.39099, 0.00863, -0.01491, 0.99826, -0.05647
3766848,1578642402556892,1,1,1,1,0,1,1,1,1,0,0.08737183,0.18510437,0.9788208,0.07788086,0.17668152,0.98117065,33.11512756,0.63247681,-29.28929138,-25.73641968,1.52935791,-23.1078949,0,0.0,4.17643738,4.17643738,1.0,1.0,1578642402558048,252417003400, HMD, -0.07516, 1.18308, 0.39099, 0.00863, -0.01491, 0.99826, -0.05647
3766857,1578642402560877,1,1,1,1,0,1,1,1,1,0,0.13856506,0.2121582,0.96734619,0.15539551,0.20358276,0.96662903,33.27711487,0.31214905,-28.19926453,-25.51269531,1.29437256,-22.31761169,0,0.0,4.16546631,4.16546631,1.0,1.0,1578642402560925,252417032101, HMD, -0.07516, 1.18307, 0.39100, 0.00862, -0.01491, 0.99826, -0.05648
3766865,1578642402568137,1,1,1,1,0,1,1,1,1,0,0.18022156,0.22627258,0.95722961,0.15489197,0.19464111,0.96855164,33.42764282,0.02017212,-27.2469635,-25.19483948,1.68952942,-23.29153442,0,0.0,4.24775696,4.24775696,1.0,1.0,1578642402562881,252417051655, HMD, -0.07515, 1.18307, 0.39101, 0.00862, -0.01492, 0.99826, -0.05647
3766865,1578642402572226,1,1,1,1,0,1,1,1,1,0,0.18022156,0.22627258,0.95722961,0.15489197,0.19464111,0.96855164,33.42764282,0.02017212,-27.2469635,-25.19483948,1.68952942,-23.29153442,0,0.0,4.24775696,4.24775696,1.0,1.0,1578642402575611,252417179020, HMD, -0.07514, 1.18307, 0.39100, 0.00856, -0.01495, 0.99826, -0.05647
3766873,1578642402576182,1,1,1,1,0,1,1,1,1,0,0.20022583,0.23025513,0.95230103,0.31288147,0.45007324,0.83636475,33.50871277,0.03590393,-27.18322754,-25.59066772,0.02891541,-20.5892334,0,0.0,4.26039124,4.26039124,1.0,1.0,1578642402576234,252417185185, HMD, -0.07514, 1.18307, 0.39100, 0.00856, -0.01495, 0.99826, -0.05647
3766873,1578642402582208,1,1,1,1,0,1,1,1,1,0,0.20022583,0.23025513,0.95230103,0.31288147,0.45007324,0.83636475,33.50871277,0.03590393,-27.18322754,-25.59066772,0.02891541,-20.5892334,0,0.0,4.26039124,4.26039124,1.0,1.0,1578642402580320,252417226049, HMD, -0.07512, 1.18305, 0.39100, 0.00855, -0.01495, 0.99826, -0.05648
3766873,1578642402586155,1,1,1,1,0,1,1,1,1,0,0.18135071,0.22131348,0.95817566,0.17633057,0.20657349,0.96240234,33.57192993,0.22955322,-27.81304932,-25.06625366,1.50535583,-22.58502197,0,0.0,4.17100525,4.17100525,1.0,1.0,1578642402580320,252417226049, HMD, -0.07512, 1.18305, 0.39100, 0.00855, -0.01495, 0.99826, -0.05648
3766890,1578642402592682,1,1,1,1,0,1,1,1,1,0,0.18760681,0.21810913,0.9577179,0.17726135,0.20658875,0.96221924,33.56718445,0.17886353,-27.64779663,-25.09750366,1.53163147,-22.67097473,0,0.0,4.1776123,4.1776123,1.0,1.0,1578642402604129,252417464169, HMD, -0.07510, 1.18302, 0.39101, 0.00845, -0.01502, 0.99826, -0.05643
3766890,1578642402596689,1,1,1,1,0,1,1,1,1,0,0.18760681,0.21810913,0.9577179,0.17726135,0.20658875,0.96221924,33.56718445,0.17886353,-27.64779663,-25.09750366,1.53163147,-22.67097473,0,0.0,4.1776123,4.1776123,1.0,1.0,1578642402604129,252417464169, HMD, -0.07510, 1.18302, 0.39101, 0.00845, -0.01502, 0.99826, -0.05643
3766898,1578642402600678,1,1,1,1,0,1,1,1,1,0,0.18737793,0.21838379,0.95768738,0.18119812,0.20788574,0.96121216,33.56643677,0.15959167,-27.58093262,-25.12875366,1.55789185,-22.7565918,0,0.0,4.17063904,4.17063904,1.0,1.0,1578642402604129,252417464169, HMD, -0.07510, 1.18302, 0.39101, 0.00845, -0.01502, 0.99826, -0.05643
3766898,1578642402604683,1,1,1,1,0,1,1,1,1,0,0.18737793,0.21838379,0.95768738,0.18119812,0.20788574,0.96121216,33.56643677,0.15959167,-27.58093262,-25.12875366,1.55789185,-22.7565918,0,0.0,4.17063904,4.17063904,1.0,1.0,1578642402604655,252417469400, HMD, -0.07510, 1.18301, 0.39101, 0.00845, -0.01503, 0.99826, -0.05643
3766907,1578642402608675,1,1,1,1,0,1,1,1,1,0,0.18843079,0.21827698,0.95751953,0.18003845,0.20823669,0.96134949,33.56718445,0.14030457,-27.5140686,-25.13934326,1.53924561,-22.67906189,0,0.0,4.16381836,4.16381836,1.0,1.0,1578642402607631,252417499157, HMD, -0.07509, 1.18301, 0.39102, 0.00845, -0.01505, 0.99826, -0.05640
3766907,1578642402612693,1,1,1,1,0,1,1,1,1,0,0.18843079,0.21827698,0.95751953,0.18003845,0.20823669,0.96134949,33.56718445,0.14030457,-27.5140686,-25.13934326,1.53924561,-22.67906189,0,0.0,4.16381836,4.16381836,1.0,1.0,1578642402607631,252417499157, HMD, -0.07509, 1.18301, 0.39102, 0.00845, -0.01505, 0.99826, -0.05640
3766915,1578642402616090,1,1,1,1,0,1,1,1,1,0,0.18711853,0.21853638,0.95770264,0.17909241,0.20735168,0.9617157,33.5692749,0.13841248,-27.50691223,-25.14993286,1.52059937,-22.60151672,0,0.0,4.17198181,4.17198181,1.0,1.0,1578642402620554,252417628428, HMD, -0.07510, 1.18304, 0.39104, 0.00845, -0.01518, 0.99826, -0.05635
3766915,1578642402620750,1,1,1,1,0,1,1,1,1,0,0.18711853,0.21853638,0.95770264,0.17909241,0.20735168,0.9617157,33.5692749,0.13841248,-27.50691223,-25.14993286,1.52059937,-22.60151672,0,0.0,4.17198181,4.17198181,1.0,1.0,1578642402620554,252417628428, HMD, -0.07510, 1.18304, 0.39104, 0.00845, -0.01518, 0.99826, -0.05635
3766923,1578642402624614,1,1,1,1,0,1,1,1,1,0,0.18676758,0.21879578,0.9577179,0.18121338,0.20925903,0.96090698,33.57136536,0.13652039,-27.49975586,-25.15943909,1.51298523,-22.59327698,0,0.0,4.1771698,4.1771698,1.0,1.0,1578642402624464,252417667485, HMD, -0.07510, 1.18304, 0.39105, 0.00847, -0.01521, 0.99826, -0.05633
3766923,1578642402628035,1,1,1,1,0,1,1,1,1,0,0.18676758,0.21879578,0.9577179,0.18121338,0.20925903,0.96090698,33.57136536,0.13652039,-27.49975586,-25.15943909,1.51298523,-22.59327698,0,0.0,4.1771698,4.1771698,1.0,1.0,1578642402624464,252417667485, HMD, -0.07510, 1.18304, 0.39105, 0.00847, -0.01521, 0.99826, -0.05633
3766948,1578642402654451,1,1,1,1,0,1,1,1,1,0,0.18742371,0.21932983,0.95747375,0.17280579,0.20550537,0.96327209,33.57870483,0.15333557,-27.54910278,-25.18281555,1.50375366,-22.50950623,0,0.0,4.1408844,4.1408844,1.0,1.0,1578642402664859,252418071477, HMD, -0.07518, 1.18306, 0.39105, 0.00864, -0.01535, 0.99826, -0.05631
3766957,1578642402658463,1,1,1,1,0,1,1,1,1,0,0.18533325,0.21914673,0.95791626,0.17523193,0.2052002,0.96289063,33.57893372,0.16636658,-27.5841217,-25.18771362,1.50456238,-22.50187683,0,0.0,4.1166687,4.1166687,1.0,1.0,1578642402664859,252418071477, HMD, -0.07518, 1.18306, 0.39105, 0.00864, -0.01535, 0.99826, -0.05631
3766957,1578642402664461,1,1,1,1,0,1,1,1,1,0,0.18533325,0.21914673,0.95791626,0.17523193,0.2052002,0.96289063,33.57893372,0.16636658,-27.5841217,-25.18771362,1.50456238,-22.50187683,0,0.0,4.1166687,4.1166687,1.0,1.0,1578642402664859,252418071477, HMD, -0.07518, 1.18306, 0.39105, 0.00864, -0.01535, 0.99826, -0.05631
3766965,1578642402668467,1,1,1,1,0,1,1,1,1,0,0.18513489,0.22090149,0.95755005,0.17585754,0.20483398,0.96286011,33.58389282,0.17262268,-27.6159668,-25.19261169,1.50535583,-22.49424744,0,0.0,4.11000061,4.11000061,1.0,1.0,1578642402668264,252418105481, HMD, -0.07520, 1.18304, 0.39103, 0.00865, -0.01534, 0.99826, -0.05631
3766965,1578642402672446,1,1,1,1,0,1,1,1,1,0,0.18513489,0.22090149,0.95755005,0.17585754,0.20483398,0.96286011,33.58389282,0.17262268,-27.6159668,-25.19261169,1.50535583,-22.49424744,0,0.0,4.11000061,4.11000061,1.0,1.0,1578642402668264,252418105481, HMD, -0.07520, 1.18304, 0.39103, 0.00865, -0.01534, 0.99826, -0.05631
3766973,1578642402678458,1,1,1,1,0,1,1,1,1,0,0.18499756,0.22018433,0.95774841,0.31558228,0.4493866,0.83572388,33.58885193,0.17886353,-27.64779663,-25.74674988,0.09802246,-20.71786499,0,0.0,4.104599,4.104599,1.0,1.0,1578642402687892,252418301796, HMD, -0.07524, 1.18302, 0.39101, 0.00874, -0.01524, 0.99826, -0.05634
3766973,1578642402683527,1,1,1,1,0,1,1,1,1,0,0.18469238,0.21829224,0.95823669,0.25430298,0.32592773,0.91053772,33.5927124,0.1895752,-27.66822815,-25.48970032,0.79936218,-21.55674744,0,0.0,4.10809326,4.10809326,1.0,1.0,1578642402687892,252418301796, HMD, -0.07524, 1.18302, 0.39101, 0.00874, -0.01524, 0.99826, -0.05634
3766982,1578642402687443,1,1,1,1,0,1,1,1,1,0,0.18469238,0.21829224,0.95823669,0.25430298,0.32592773,0.91053772,33.5927124,0.1895752,-27.66822815,-25.48970032,0.79936218,-21.55674744,0,0.0,4.10809326,4.10809326,1.0,1.0,1578642402687892,252418301796, HMD, -0.07524, 1.18302, 0.39101, 0.00874, -0.01524, 0.99826, -0.05634
3766990,1578642402691487,1,1,1,1,0,1,1,1,1,0,0.18438721,0.21762085,0.95845032,0.18984985,0.20098877,0.96101379,33.59657288,0.20028687,-27.68865967,-25.25067139,1.50068665,-22.39564514,0,0.0,4.10137939,4.10137939,1.0,1.0,1578642402691494,252418337789, HMD, -0.07525, 1.18302, 0.39100, 0.00876, -0.01523, 0.99826, -0.05633
3766990,1578642402695450,1,1,1,1,0,1,1,1,1,0,0.18438721,0.21762085,0.95845032,0.18984985,0.20098877,0.96101379,33.59657288,0.20028687,-27.68865967,-25.25067139,1.50068665,-22.39564514,0,0.0,4.10137939,4.10137939,1.0,1.0,1578642402691989,252418342739, HMD, -0.07525, 1.18302, 0.39100, 0.00876, -0.01523, 0.99826, -0.05633
3766990,1578642402699436,1,1,1,1,0,1,1,1,1,0,0.17578125,0.21188354,0.96134949,0.18083191,0.20605469,0.96168518,33.63731384,0.49545288,-28.48980713,-25.2623291,1.60931396,-22.68859863,0,0.0,3.95001221,3.95001221,1.0,1.0,1578642402691989,252418342739, HMD, -0.07525, 1.18302, 0.39100, 0.00876, -0.01523, 0.99826, -0.05633
3766998,1578642402703452,1,1,1,1,0,1,1,1,1,0,0.17578125,0.21188354,0.96134949,0.18083191,0.20605469,0.96168518,33.63731384,0.49545288,-28.48980713,-25.2623291,1.60931396,-22.68859863,0,0.0,3.95001221,3.95001221,1.0,1.0,1578642402691989,252418342739, HMD, -0.07525, 1.18302, 0.39100, 0.00876, -0.01523, 0.99826, -0.05633
3766998,1578642402707448,1,1,1,1,0,1,1,1,1,0,0.17962646,0.21044922,0.96095276,0.18356323,0.21641541,0.95887756,33.65579224,0.5544281,-28.58175659,-25.27043152,1.67205811,-22.82261658,0,0.0,3.96810913,3.96810913,1.0,1.0,1578642402691989,252418342739, HMD, -0.07525, 1.18302, 0.39100, 0.00876, -0.01523, 0.99826, -0.05633
3766998,1578642402711438,1,1,1,1,0,1,1,1,1,0,0.17962646,0.21044922,0.96095276,0.18356323,0.21641541,0.95887756,33.65579224,0.5544281,-28.58175659,-25.27043152,1.67205811,-22.82261658,0,0.0,3.96810913,3.96810913,1.0,1.0,1578642402691989,252418342739, HMD, -0.07525, 1.18302, 0.39100, 0.00876, -0.01523, 0.99826, -0.05633
3767007,1578642402715431,1,1,1,1,0,1,1,1,1,0,0.17730713,0.20018005,0.96357727,0.18171692,0.22729492,0.95671082,33.68312073,0.80984497,-29.17950439,-25.28565979,1.72723389,-22.93537903,0,0.0,3.99571228,3.99571228,1.0,1.0,1578642402736437,252418787239, HMD, -0.07532, 1.18296, 0.39089, 0.00902, -0.01539, 0.99826, -0.05622
3767015,1578642402719033,1,1,1,1,0,1,1,1,1,0,0.17730713,0.20018005,0.96357727,0.18171692,0.22729492,0.95671082,33.68312073,0.80984497,-29.17950439,-25.28565979,1.72723389,-22.93537903,0,0.0,3.99571228,3.99571228,1.0,1.0,1578642402736437,252418787239, HMD, -0.07532, 1.18296, 0.39089, 0.00902, -0.01539, 0.99826, -0.05622
3767032,1578642402738038,1,1,1,1,0,1,1,1,1,0,0.20532227,0.10591125,0.97294617,0.20115662,0.14065552,0.96939087,33.67877197,0.85057068,-28.64593506,-25.65232849,0.95698547,-19.77659607,0,0.0,3.59861755,3.59861755,0.77582335,1.0,1578642402738179,252418804635, HMD, -0.07533, 1.18296, 0.39089, 0.00903, -0.01540, 0.99826, -0.05621
3767040,1578642402742037,1,1,1,1,0,0,0,1,1,0,0.03575134,0.01965332,0.99916077,0.0,0.0,0.0,33.49765015,1.70729065,-34.57215881,0.0,0.0,0.0,0,0.0,3.70391846,3.70391846,0.47004163,0.68566447,1578642402740751,252418830358, HMD, -0.07534, 1.18296, 0.39088, 0.00904, -0.01541, 0.99826, -0.05620
3767048,1578642402748637,0,0,1,1,0,0,0,1,1,0,0.0,0.0,0.0,0.0,0.0,0.0,0.0,0.0,0.0,0.0,0.0,0.0,0,0.0,-1.0,-1.0,0.47004163,0.68566447,1578642402740751,252418830358, HMD, -0.07534, 1.18296, 0.39088, 0.00904, -0.01541, 0.99826, -0.05620
3767048,1578642402751979,0,0,1,1,0,0,0,1,1,0,0.0,0.0,0.0,0.0,0.0,0.0,0.0,0.0,0.0,0.0,0.0,0.0,0,0.0,-1.0,-1.0,0.47004163,0.68566447,1578642402740751,252418830358, HMD, -0.07534, 1.18296, 0.39088, 0.00904, -0.01541, 0.99826, -0.05620
3767048,1578642402756031,0,0,1,1,0,1,1,1,1,0,0.0,0.0,0.0,-0.0848999,-0.25479126,0.96325684,0.0,0.0,0.0,-27.4309082,-2.74397278,-17.58947754,0,0.0,-1.0,-1.0,0.47004163,0.68566447,1578642402764611,252419069050, HMD, -0.07539, 1.18292, 0.39080, 0.00917, -0.01553, 0.99826, -0.05615
3767057,1578642402760008,0,0,1,1,0,1,1,1,1,0,0.0,0.0,0.0,-0.0848999,-0.25479126,0.96325684,0.0,0.0,0.0,-27.4309082,-2.74397278,-17.58947754,0,0.0,-1.0,-1.0,0.0643704,0.11303757,1578642402764611,252419069050, HMD, -0.07539, 1.18292, 0.39080, 0.00917, -0.01553, 0.99826, -0.05615
3767057,1578642402763970,0,0,1,1,0,1,1,1,1,0,0.0,0.0,0.0,-0.0848999,-0.25479126,0.96325684,0.0,0.0,0.0,-27.4309082,-2.74397278,-17.58947754,0,0.0,-1.0,-1.0,0.0643704,0.11303757,1578642402764611,252419069050, HMD, -0.07539, 1.18292, 0.39080, 0.00917, -0.01553, 0.99826, -0.05615
3767073,1578642402779469,0,0,1,1,0,0,0,1,1,0,0.0,0.0,0.0,0.0,0.0,0.0,0.0,0.0,0.0,0.0,0.0,0.0,0,0.0,-1.0,-1.0,0.0,0.0,1578642402769075,252419113599, HMD, -0.07539, 1.18292, 0.39080, 0.00919, -0.01555, 0.99826, -0.05615
3767082,1578642402783465,0,0,1,1,0,0,0,1,1,0,0.0,0.0,0.0,0.0,0.0,0.0,0.0,0.0,0.0,0.0,0.0,0.0,0,0.0,-1.0,-1.0,0.0,0.0,1578642402796859,252419391480, HMD, -0.07542, 1.18289, 0.39073, 0.00933, -0.01569, 0.99825, -0.05622
3767090,1578642402791190,0,0,1,1,0,0,0,1,1,0,0.0,0.0,0.0,0.0,0.0,0.0,0.0,0.0,0.0,0.0,0.0,0.0,0,0.0,-1.0,-1.0,0.0,0.0,1578642402796859,252419391480, HMD, -0.07542, 1.18289, 0.39073, 0.00933, -0.01569, 0.99825, -0.05622
3767090,1578642402794851,0,0,1,1,0,0,0,1,1,0,0.0,0.0,0.0,0.0,0.0,0.0,0.0,0.0,0.0,0.0,0.0,0.0,0,0.0,-1.0,-1.0,0.0,0.0,1578642402796859,252419391480, HMD, -0.07542, 1.18289, 0.39073, 0.00933, -0.01569, 0.99825, -0.05622
3767098,1578642402801696,0,0,1,1,0,0,0,1,1,0,0.0,0.0,0.0,0.0,0.0,0.0,0.0,0.0,0.0,0.0,0.0,0.0,0,0.0,-1.0,-1.0,0.0,0.0,1578642402801151,252419434351, HMD, -0.07543, 1.18289, 0.39071, 0.00935, -0.01572, 0.99825, -0.05623
3767098,1578642402805673,0,0,1,1,0,0,0,1,1,0,0.0,0.0,0.0,0.0,0.0,0.0,0.0,0.0,0.0,0.0,0.0,0.0,0,0.0,-1.0,-1.0,0.0,0.0,1578642402801151,252419434351, HMD, -0.07543, 1.18289, 0.39071, 0.00935, -0.01572, 0.99825, -0.05623
3767107,1578642402809732,0,0,1,1,0,0,0,1,1,0,0.0,0.0,0.0,0.0,0.0,0.0,0.0,0.0,0.0,0.0,0.0,0.0,0,0.0,-1.0,-1.0,0.0,0.0,1578642402801151,252419434351, HMD, -0.07543, 1.18289, 0.39071, 0.00935, -0.01572, 0.99825, -0.05623
3767107,1578642402813696,0,0,1,1,0,0,0,1,1,0,0.0,0.0,0.0,0.0,0.0,0.0,0.0,0.0,0.0,0.0,0.0,0.0,0,0.0,-1.0,-1.0,0.0,0.0,1578642402825906,252419682015, HMD, -0.07547, 1.18296, 0.39066, 0.00945, -0.01586, 0.99824, -0.05628
3767115,1578642402817694,0,0,1,1,0,0,0,1,1,0,0.0,0.0,0.0,0.0,0.0,0.0,0.0,0.0,0.0,0.0,0.0,0.0,0,0.0,-1.0,-1.0,0.0,0.0,1578642402825906,252419682015, HMD, -0.07547, 1.18296, 0.39066, 0.00945, -0.01586, 0.99824, -0.05628
3767123,1578642402824675,0,0,1,1,0,0,0,1,1,0,0.0,0.0,0.0,0.0,0.0,0.0,0.0,0.0,0.0,0.0,0.0,0.0,0,0.0,-1.0,-1.0,0.0,0.0,1578642402825906,252419682015, HMD, -0.07547, 1.18296, 0.39066, 0.00945, -0.01586, 0.99824, -0.05628
3767123,1578642402828679,0,0,1,1,0,0,0,1,1,0,0.0,0.0,0.0,0.0,0.0,0.0,0.0,0.0,0.0,0.0,0.0,0.0,0,0.0,-1.0,-1.0,0.0,0.0,1578642402828757,252419710418, HMD, -0.07548, 1.18296, 0.39066, 0.00946, -0.01587, 0.99824, -0.05629
3767132,1578642402832693,0,0,1,1,0,0,0,1,1,0,0.0,0.0,0.0,0.0,0.0,0.0,0.0,0.0,0.0,0.0,0.0,0.0,0,0.0,-1.0,-1.0,0.0,0.0,1578642402831724,252419740086, HMD, -0.07549, 1.18296, 0.39066, 0.00946, -0.01587, 0.99824, -0.05630
3767140,1578642402844673,0,0,1,1,0,0,0,1,1,0,0.0,0.0,0.0,0.0,0.0,0.0,0.0,0.0,0.0,0.0,0.0,0.0,0,0.0,-1.0,-1.0,0.0,0.0,1578642402831724,252419740086, HMD, -0.07549, 1.18296, 0.39066, 0.00946, -0.01587, 0.99824, -0.05630
3767148,1578642402848666,0,0,1,1,0,0,0,1,1,0,0.0,0.0,0.0,0.0,0.0,0.0,0.0,0.0,0.0,0.0,0.0,0.0,0,0.0,-1.0,-1.0,0.0,0.0,1578642402859189,252420014805, HMD, -0.07555, 1.18298, 0.39064, 0.00952, -0.01592, 0.99823, -0.05647
3767148,1578642402854678,0,0,1,1,0,0,0,1,1,0,0.0,0.0,0.0,0.0,0.0,0.0,0.0,0.0,0.0,0.0,0.0,0.0,0,0.0,-1.0,-1.0,0.0,0.0,1578642402859189,252420014805, HMD, -0.07555, 1.18298, 0.39064, 0.00952, -0.01592, 0.99823, -0.05647
3767157,1578642402859667,0,0,1,1,0,0,0,1,1,0,0.0,0.0,0.0,0.0,0.0,0.0,0.0,0.0,0.0,0.0,0.0,0.0,0,0.0,-1.0,-1.0,0.0,0.0,1578642402859674,252420019587, HMD, -0.07555, 1.18298, 0.39063, 0.00953, -0.01592, 0.99823, -0.05648
3767165,1578642402868693,0,0,1,1,0,0,0,1,1,0,0.0,0.0,0.0,0.0,0.0,0.0,0.0,0.0,0.0,0.0,0.0,0.0,0,0.0,-1.0,-1.0,0.0,0.0,1578642402864330,252420066144, HMD, -0.07556, 1.18299, 0.39063, 0.00953, -0.01593, 0.99823, -0.05652
3767173,1578642402872673,0,0,1,1,0,0,0,1,1,0,0.0,0.0,0.0,0.0,0.0,0.0,0.0,0.0,0.0,0.0,0.0,0.0,0,0.0,-1.0,-1.0,0.0,0.0,1578642402864330,252420066144, HMD, -0.07556, 1.18299, 0.39063, 0.00953, -0.01593, 0.99823, -0.05652
3767173,1578642402876675,0,0,1,1,0,0,0,1,1,0,0.0,0.0,0.0,0.0,0.0,0.0,0.0,0.0,0.0,0.0,0.0,0.0,0,0.0,-1.0,-1.0,0.0,0.0,1578642402864330,252420066144, HMD, -0.07556, 1.18299, 0.39063, 0.00953, -0.01593, 0.99823, -0.05652
3767198,1578642402901610,0,0,1,1,0,0,0,1,1,0,0.0,0.0,0.0,0.0,0.0,0.0,0.0,0.0,0.0,0.0,0.0,0.0,0,0.0,-1.0,-1.0,0.0,0.0,1578642402903308,252420456017, HMD, -0.07565, 1.18305, 0.39062, 0.00954, -0.01617, 0.99821, -0.05678
3767198,1578642402905605,0,0,1,1,0,0,0,1,1,0,0.0,0.0,0.0,0.0,0.0,0.0,0.0,0.0,0.0,0.0,0.0,0.0,0,0.0,-1.0,-1.0,0.0,0.0,1578642402905655,252420479398, HMD, -0.07566, 1.18306, 0.39062, 0.00954, -0.01619, 0.99821, -0.05680
3767207,1578642402914628,0,0,1,1,0,0,0,1,1,0,0.0,0.0,0.0,0.0,0.0,0.0,0.0,0.0,0.0,0.0,0.0,0.0,0,0.0,-1.0,-1.0,0.0,0.0,1578642402906681,252420489658, HMD, -0.07568, 1.18304, 0.39060, 0.00955, -0.01620, 0.99821, -0.05681
3767215,1578642402918644,0,0,1,1,0,0,0,1,1,0,0.0,0.0,0.0,0.0,0.0,0.0,0.0,0.0,0.0,0.0,0.0,0.0,0,0.0,-1.0,-1.0,0.0,0.0,1578642402906681,252420489658, HMD, -0.07568, 1.18304, 0.39060, 0.00955, -0.01620, 0.99821, -0.05681
3767223,1578642402924609,0,0,1,1,0,0,0,1,1,0,0.0,0.0,0.0,0.0,0.0,0.0,0.0,0.0,0.0,0.0,0.0,0.0,0,0.0,-1.0,-1.0,0.0,0.0,1578642402935694,252420779862, HMD, -0.07575, 1.18307, 0.39058, 0.00959, -0.01630, 0.99820, -0.05692
3767223,1578642402928625,0,0,1,1,0,0,0,1,1,0,0.0,0.0,0.0,0.0,0.0,0.0,0.0,0.0,0.0,0.0,0.0,0.0,0,0.0,-1.0,-1.0,0.0,0.0,1578642402935694,252420779862, HMD, -0.07575, 1.18307, 0.39058, 0.00959, -0.01630, 0.99820, -0.05692
3767232,1578642402932668,0,0,1,1,0,0,0,1,1,0,0.0,0.0,0.0,0.0,0.0,0.0,0.0,0.0,0.0,0.0,0.0,0.0,0,0.0,-1.0,-1.0,0.0,0.0,1578642402935694,252420779862, HMD, -0.07575, 1.18307, 0.39058, 0.00959, -0.01630, 0.99820, -0.05692
3767232,1578642402936656,0,0,1,1,0,0,0,1,1,0,0.0,0.0,0.0,0.0,0.0,0.0,0.0,0.0,0.0,0.0,0.0,0.0,0,0.0,-1.0,-1.0,0.0,0.0,1578642402936702,252420789871, HMD, -0.07576, 1.18307, 0.39058, 0.00959, -0.01630, 0.99820, -0.05692
3767240,1578642402940648,0,0,1,1,0,0,0,1,1,0,0.0,0.0,0.0,0.0,0.0,0.0,0.0,0.0,0.0,0.0,0.0,0.0,0,0.0,-1.0,-1.0,0.0,0.0,1578642402940536,252420828209, HMD, -0.07577, 1.18307, 0.39059, 0.00959, -0.01631, 0.99820, -0.05693
3767248,1578642402949610,0,0,1,1,0,0,0,1,1,0,0.0,0.0,0.0,0.0,0.0,0.0,0.0,0.0,0.0,0.0,0.0,0.0,0,0.0,-1.0,-1.0,0.0,0.0,1578642402956741,252420990277, HMD, -0.07581, 1.18304, 0.39060, 0.00965, -0.01630, 0.99820, -0.05694
3767248,1578642402953607,0,0,1,1,0,0,0,1,1,0,0.0,0.0,0.0,0.0,0.0,0.0,0.0,0.0,0.0,0.0,0.0,0.0,0,0.0,-1.0,-1.0,0.0,0.0,1578642402956741,252420990277, HMD, -0.07581, 1.18304, 0.39060, 0.00965, -0.01630, 0.99820, -0.05694
3767257,1578642402959620,0,0,1,1,0,0,0,1,1,0,0.0,0.0,0.0,0.0,0.0,0.0,0.0,0.0,0.0,0.0,0.0,0.0,0,0.0,-1.0,-1.0,0.0,0.0,1578642402959569,252421018538, HMD, -0.07582, 1.18304, 0.39061, 0.00964, -0.01630, 0.99820, -0.05694
3767265,1578642402963729,0,0,1,1,0,0,0,1,0,0,0.0,0.0,0.0,0.0,0.0,0.0,0.0,0.0,0.0,0.0,0.0,0.0,0,0.0,-1.0,-1.0,0.0,0.0,1578642402961390,252421036749, HMD, -0.07582, 1.18304, 0.39061, 0.00965, -0.01630, 0.99820, -0.05694
3767265,1578642402967730,0,0,1,1,0,0,0,1,0,0,0.0,0.0,0.0,0.0,0.0,0.0,0.0,0.0,0.0,0.0,0.0,0.0,0,0.0,-1.0,-1.0,0.0,0.0,1578642402961390,252421036749, HMD, -0.07582, 1.18304, 0.39061, 0.00965, -0.01630, 0.99820, -0.05694
3767273,1578642402971722,0,0,1,1,0,0,0,1,0,0,0.0,0.0,0.0,0.0,0.0,0.0,0.0,0.0,0.0,0.0,0.0,0.0,0,0.0,-1.0,-1.0,0.0,0.0,1578642402974651,252421169372, HMD, -0.07585, 1.18304, 0.39062, 0.00970, -0.01632, 0.99820, -0.05697
3767273,1578642402975736,0,0,1,1,0,0,0,1,0,0,0.0,0.0,0.0,0.0,0.0,0.0,0.0,0.0,0.0,0.0,0.0,0.0,0,0.0,-1.0,-1.0,0.0,0.0,1578642402975827,252421181112, HMD, -0.07585, 1.18305, 0.39061, 0.00971, -0.01633, 0.99820, -0.05697
3767282,1578642402979716,0,0,1,1,0,0,0,1,1,0,0.0,0.0,0.0,0.0,0.0,0.0,0.0,0.0,0.0,0.0,0.0,0.0,0,0.0,-1.0,-1.0,0.0,0.0,1578642402979074,252421213586, HMD, -0.07586, 1.18305, 0.39061, 0.00972, -0.01634, 0.99819, -0.05698
3767282,1578642402983727,0,0,1,1,0,0,0,1,1,0,0.0,0.0,0.0,0.0,0.0,0.0,0.0,0.0,0.0,0.0,0.0,0.0,0,0.0,-1.0,-1.0,0.0,0.0,1578642402979074,252421213586, HMD, -0.07586, 1.18305, 0.39061, 0.00972, -0.01634, 0.99819, -0.05698
3767282,1578642402987751,0,0,1,1,0,0,0,1,1,0,0.0,0.0,0.0,0.0,0.0,0.0,0.0,0.0,0.0,0.0,0.0,0.0,0,0.0,-1.0,-1.0,0.0,0.0,1578642402991890,252421341797, HMD, -0.07592, 1.18304, 0.39062, 0.00976, -0.01641, 0.99819, -0.05700
3767282,1578642402991721,0,0,1,1,0,0,0,1,1,0,0.0,0.0,0.0,0.0,0.0,0.0,0.0,0.0,0.0,0.0,0.0,0.0,0,0.0,-1.0,-1.0,0.0,0.0,1578642402991890,252421341797, HMD, -0.07592, 1.18304, 0.39062, 0.00976, -0.01641, 0.99819, -0.05700
3767290,1578642402995700,0,0,1,1,0,0,0,1,1,0,0.0,0.0,0.0,0.0,0.0,0.0,0.0,0.0,0.0,0.0,0.0,0.0,0,0.0,-1.0,-1.0,0.02264757,0.0,1578642402995579,252421378630, HMD, -0.07591, 1.18304, 0.39060, 0.00977, -0.01642, 0.99819, -0.05702
3767298,1578642402999690,0,0,1,1,0,0,0,1,1,0,0.0,0.0,0.0,0.0,0.0,0.0,0.0,0.0,0.0,0.0,0.0,0.0,0,0.0,-1.0,-1.0,0.02264757,0.0,1578642402995579,252421378630, HMD, -0.07591, 1.18304, 0.39060, 0.00977, -0.01642, 0.99819, -0.05702
3767307,1578642403006697,0,0,1,1,0,1,1,1,1,0,0.0,0.0,0.0,0.0456543,-0.56051636,0.82687378,0.0,0.0,0.0,-26.9513855,-2.40249634,-18.78933716,0,0.0,-1.0,-1.0,0.16310383,0.0,1578642403010650,252421529358, HMD, -0.07595, 1.18304, 0.39062, 0.00986, -0.01652, 0.99819, -0.05706
3767307,1578642403010692,0,0,1,1,0,1,1,1,1,0,0.0,0.0,0.0,0.0456543,-0.56051636,0.82687378,0.0,0.0,0.0,-26.9513855,-2.40249634,-18.78933716,0,0.0,-1.0,-1.0,0.16310383,0.0,1578642403010650,252421529358, HMD, -0.07595, 1.18304, 0.39062, 0.00986, -0.01652, 0.99819, -0.05706
3767315,1578642403014697,0,0,1,1,0,1,1,1,1,0,0.0,0.0,0.0,0.21498108,-0.49414063,0.84237671,0.0,0.0,0.0,-26.61204529,-2.88491821,-17.4704895,0,0.0,-1.0,-1.0,0.16310383,0.0,1578642403013738,252421560227, HMD, -0.07595, 1.18304, 0.39062, 0.00989, -0.01655, 0.99818, -0.05707
3767315,1578642403018695,0,0,1,1,0,1,1,1,1,0,0.0,0.0,0.0,0.21498108,-0.49414063,0.84237671,0.0,0.0,0.0,-26.61204529,-2.88491821,-17.4704895,0,0.0,-1.0,-1.0,0.16310383,0.0,1578642403022360,252421646451, HMD, -0.07598, 1.18305, 0.39063, 0.00995, -0.01661, 0.99818, -0.05709
3767315,1578642403022698,0,0,1,1,0,1,1,1,1,0,0.0,0.0,0.0,0.21498108,-0.49414063,0.84237671,0.0,0.0,0.0,-26.61204529,-2.88491821,-17.4704895,0,0.0,-1.0,-1.0,0.16310383,0.0,1578642403022732,252421650165, HMD, -0.07598, 1.18305, 0.39063, 0.00995, -0.01662, 0.99818, -0.05709
3767323,1578642403026685,0,0,1,1,0,1,1,1,1,0,0.0,0.0,0.0,0.2040863,-0.48666382,0.84939575,0.0,0.0,0.0,-26.66906738,-2.9307251,-16.74583435,0,0.0,-1.0,-1.0,0.24741822,0.0,1578642403025835,252421681197, HMD, -0.07599, 1.18305, 0.39064, 0.00996, -0.01664, 0.99818, -0.05710
3767323,1578642403030698,0,0,1,1,0,1,1,1,1,0,0.0,0.0,0.0,0.2040863,-0.48666382,0.84939575,0.0,0.0,0.0,-26.66906738,-2.9307251,-16.74583435,0,0.0,-1.0,-1.0,0.24741822,0.0,1578642403025835,252421681197, HMD, -0.07599, 1.18305, 0.39064, 0.00996, -0.01664, 0.99818, -0.05710
3767332,1578642403035687,0,0,1,1,0,0,0,1,1,0,0.0,0.0,0.0,0.0,0.0,0.0,0.0,0.0,0.0,0.0,0.0,0.0,0,0.0,-1.0,-1.0,0.24741822,0.0,1578642403035678,252421779647, HMD, -0.07601, 1.18306, 0.39067, 0.01003, -0.01669, 0.99818, -0.05714
3767332,1578642403039685,0,0,1,1,0,0,0,1,1,0,0.0,0.0,0.0,0.0,0.0,0.0,0.0,0.0,0.0,0.0,0.0,0.0,0,0.0,-1.0,-1.0,0.24741822,0.0,1578642403039266,252421815507, HMD, -0.07602, 1.18306, 0.39067, 0.01005, -0.01672, 0.99818, -0.05714
3767340,1578642403043677,0,0,1,1,0,0,0,1,1,0,0.0,0.0,0.0,0.0,0.0,0.0,0.0,0.0,0.0,0.0,0.0,0.0,0,0.0,-1.0,-1.0,0.3237246,0.03770343,1578642403039266,252421815507, HMD, -0.07602, 1.18306, 0.39067, 0.01005, -0.01672, 0.99818, -0.05714
3767348,1578642403047731,0,0,1,1,0,0,0,1,1,0,0.0,0.0,0.0,0.0,0.0,0.0,0.0,0.0,0.0,0.0,0.0,0.0,0,0.0,-1.0,-1.0,0.3237246,0.03770343,1578642403052460,252421947455, HMD, -0.07607, 1.18304, 0.39067, 0.01014, -0.01677, 0.99817, -0.05716
3767348,1578642403051676,0,0,1,1,0,0,0,1,1,0,0.0,0.0,0.0,0.0,0.0,0.0,0.0,0.0,0.0,0.0,0.0,0.0,0,0.0,-1.0,-1.0,0.3237246,0.03770343,1578642403052460,252421947455, HMD, -0.07607, 1.18304, 0.39067, 0.01014, -0.01677, 0.99817, -0.05716
3767348,1578642403055683,0,0,1,1,0,0,0,1,1,0,0.0,0.0,0.0,0.0,0.0,0.0,0.0,0.0,0.0,0.0,0.0,0.0,0,0.0,-1.0,-1.0,0.3237246,0.03770343,1578642403055600,252421978847, HMD, -0.07607, 1.18304, 0.39067, 0.01018, -0.01679, 0.99817, -0.05717
3767357,1578642403059683,0,0,1,1,0,1,1,1,1,0,0.0,0.0,0.0,0.10151672,-0.41804504,0.90272522,0.0,0.0,0.0,-26.15182495,0.51359558,-24.82981873,0,0.0,-1.0,-1.0,0.39325145,0.07707845,1578642403055600,252421978847, HMD, -0.07607, 1.18304, 0.39067, 0.01018, -0.01679, 0.99817, -0.05717
3767357,1578642403064672,0,0,1,1,0,1,1,1,1,0,0.0,0.0,0.0,0.10151672,-0.41804504,0.90272522,0.0,0.0,0.0,-26.15182495,0.51359558,-24.82981873,0,0.0,-1.0,-1.0,0.39325145,0.07707845,1578642403064679,252422069634, HMD, -0.07610, 1.18304, 0.39069, 0.01022, -0.01683, 0.99817, -0.05718
3767365,1578642403068673,0,0,1,1,0,1,1,1,1,0,0.0,0.0,0.0,0.07870483,-0.36231995,0.92871094,0.0,0.0,0.0,-26.09115601,-0.02835083,-23.54719543,0,0.0,-1.0,-1.0,0.39325145,0.07707845,1578642403067133,252422094175, HMD, -0.07613, 1.18302, 0.39068, 0.01023, -0.01683, 0.99817, -0.05718
3767365,1578642403072700,0,0,1,1,0,1,1,1,1,0,0.0,0.0,0.0,0.07870483,-0.36231995,0.92871094,0.0,0.0,0.0,-26.09115601,-0.02835083,-23.54719543,0,0.0,-1.0,-1.0,0.39325145,0.07707845,1578642403067133,252422094175, HMD, -0.07613, 1.18302, 0.39068, 0.01023, -0.01683, 0.99817, -0.05718
3767373,1578642403076680,1,1,1,1,0,1,1,1,1,0,0.00082397,-0.3170166,0.94841003,0.06922913,-0.37213135,0.92558289,33.14505005,-0.52198792,-30.79907227,-26.08540344,0.02333069,-23.85087585,0,0.0,4.10639954,4.10639954,0.45807624,0.15343967,1578642403067133,252422094175, HMD, -0.07613, 1.18302, 0.39068, 0.01023, -0.01683, 0.99817, -0.05718
3767373,1578642403080663,1,1,1,1,0,1,1,1,1,0,0.00082397,-0.3170166,0.94841003,0.06922913,-0.37213135,0.92558289,33.14505005,-0.52198792,-30.79907227,-26.08540344,0.02333069,-23.85087585,0,0.0,4.10639954,4.10639954,0.45807624,0.15343967,1578642403090615,252422329006, HMD, -0.07619, 1.18302, 0.39069, 0.01035, -0.01690, 0.99817, -0.05721
3767382,1578642403089691,1,1,1,1,0,1,1,1,1,0,0.02713013,-0.32391357,0.94569397,0.04963684,-0.35095215,0.93505859,33.07232666,-0.79849243,-29.60906982,-26.11331177,0.01605225,-24.00280762,0,0.0,4.10159302,4.10159302,0.45807624,0.15343967,1578642403090615,252422329006, HMD, -0.07619, 1.18302, 0.39069, 0.01035, -0.01690, 0.99817, -0.05721
3767390,1578642403093674,1,1,1,1,0,1,1,1,1,0,0.02713013,-0.32391357,0.94569397,0.04963684,-0.35095215,0.93505859,33.07232666,-0.79849243,-29.60906982,-26.11331177,0.01605225,-24.00280762,0,0.0,4.10159302,4.10159302,0.5160172,0.20441155,1578642403093681,252422359674, HMD, -0.07616, 1.18303, 0.39067, 0.01036, -0.01691, 0.99816, -0.05722
3767390,1578642403097686,1,1,1,1,0,1,1,1,1,0,0.02713013,-0.32391357,0.94569397,0.04963684,-0.35095215,0.93505859,33.07232666,-0.79849243,-29.60906982,-26.11331177,0.01605225,-24.00280762,0,0.0,4.10159302,4.10159302,0.5160172,0.20441155,1578642403094317,252422366013, HMD, -0.07615, 1.18302, 0.39066, 0.01036, -0.01691, 0.99816, -0.05723
3767398,1578642403101681,1,1,1,1,0,1,1,1,1,0,0.01808167,-0.33309937,0.94270325,0.03742981,-0.34176636,0.93902588,33.08337402,-0.74336243,-29.88417053,-26.10379028,-0.05461121,-23.73551941,0,0.0,4.16357422,4.16357422,0.5160172,0.20441155,1578642403103829,252422461153, HMD, -0.07617, 1.18301, 0.39067, 0.01041, -0.01692, 0.99816, -0.05724
3767398,1578642403104682,1,1,1,1,0,1,1,1,1,0,0.01808167,-0.33309937,0.94270325,0.03742981,-0.34176636,0.93902588,33.08337402,-0.74336243,-29.88417053,-26.10379028,-0.05461121,-23.73551941,0,0.0,4.16357422,4.16357422,0.5160172,0.20441155,1578642403104695,252422469795, HMD, -0.07618, 1.18301, 0.39067, 0.01041, -0.01692, 0.99816, -0.05724
3767407,1578642403111655,1,1,1,1,0,1,1,1,1,0,-0.00291443,-0.31930542,0.94763184,0.04882813,-0.34306335,0.93803406,33.14494324,-0.16027832,-32.00778198,-26.0894165,-0.12936401,-23.46287537,0,0.0,4.05726624,4.05726624,0.55732435,0.27265483,1578642403107090,252422493745, HMD, -0.07617, 1.18301, 0.39067, 0.01042, -0.01693, 0.99816, -0.05723
3767415,1578642403115662,1,1,1,1,0,1,1,1,1,0,0.03012085,-0.30270386,0.9526062,0.03413391,-0.34317017,0.93864441,33.09082031,-0.63369751,-30.39813232,-26.09806824,-0.12637329,-23.53996277,0,0.0,4.14421082,4.14421082,0.55732435,0.27265483,1578642403117284,252422595697, HMD, -0.07620, 1.18303, 0.39067, 0.01046, -0.01693, 0.99816, -0.05726
3767415,1578642403119661,1,1,1,1,0,1,1,1,1,0,0.03012085,-0.30270386,0.9526062,0.03413391,-0.34317017,0.93864441,33.09082031,-0.63369751,-30.39813232,-26.09806824,-0.12637329,-23.53996277,0,0.0,4.14421082,4.14421082,0.55732435,0.27265483,1578642403119619,252422619033, HMD, -0.07621, 1.18302, 0.39068, 0.01046, -0.01693, 0.99816, -0.05726
3767415,1578642403123677,1,1,1,1,0,1,1,1,1,0,0.03012085,-0.30270386,0.9526062,0.03413391,-0.34317017,0.93864441,33.09082031,-0.63369751,-30.39813232,-26.09806824,-0.12637329,-23.53996277,0,0.0,4.14421082,4.14421082,0.55732435,0.27265483,1578642403120423,252422627073, HMD, -0.07621, 1.18302, 0.39068, 0.01046, -0.01693, 0.99816, -0.05726
3767423,1578642403127662,1,1,1,1,0,1,1,1,1,0,0.02290344,-0.32104492,0.94677734,0.04855347,-0.31480408,0.94790649,33.07208252,-0.79554749,-29.87828064,-26.10119629,-0.12384033,-23.58853149,0,0.0,3.9934845,3.9934845,0.59091693,0.31931624,1578642403128920,252422712055, HMD, -0.07621, 1.18303, 0.39069, 0.01046, -0.01693, 0.99816, -0.05725
3767432,1578642403131649,1,1,1,1,0,1,1,1,1,0,0.02290344,-0.32104492,0.94677734,0.04855347,-0.31480408,0.94790649,33.07208252,-0.79554749,-29.87828064,-26.10119629,-0.12384033,-23.58853149,0,0.0,3.9934845,3.9934845,0.59091693,0.31931624,1578642403131655,252422739394, HMD, -0.07621, 1.18303, 0.39069, 0.01047, -0.01693, 0.99816, -0.05724
3767432,1578642403135668,1,1,1,1,0,1,1,1,1,0,0.02311707,-0.31112671,0.95007324,0.05039978,-0.31230164,0.94863892,33.07998657,-0.71867371,-30.06726074,-26.11300659,-0.0831604,-23.78936768,0,0.0,4.08273315,4.08273315,0.59091693,0.31931624,1578642403131945,252422742295, HMD, -0.07621, 1.18303, 0.39069, 0.01047, -0.01693, 0.99816, -0.05724
3767432,1578642403139650,1,1,1,1,0,1,1,1,1,0,0.02311707,-0.31112671,0.95007324,0.05039978,-0.31230164,0.94863892,33.07998657,-0.71867371,-30.06726074,-26.11300659,-0.0831604,-23.78936768,0,0.0,4.08273315,4.08273315,0.59091693,0.31931624,1578642403141217,252422835055, HMD, -0.07621, 1.18304, 0.39070, 0.01049, -0.01693, 0.99816, -0.05725
3767440,1578642403143693,1,1,1,1,0,1,1,1,1,0,0.02537537,-0.28720093,0.95751953,0.05752563,-0.311203,0.94859314,33.08000183,-0.78588867,-29.87965393,-26.11956787,-0.08047485,-23.82777405,0,0.0,4.23271179,4.23271179,0.6206944,0.36276749,1578642403143747,252422860315, HMD, -0.07621, 1.18304, 0.39071, 0.01049, -0.01693, 0.99816, -0.05724
3767440,1578642403147668,1,1,1,1,0,1,1,1,1,0,0.02537537,-0.28720093,0.95751953,0.05752563,-0.311203,0.94859314,33.08000183,-0.78588867,-29.87965393,-26.11956787,-0.08047485,-23.82777405,0,0.0,4.23271179,4.23271179,0.6206944,0.36276749,1578642403144540,252422868246, HMD, -0.07621, 1.18304, 0.39071, 0.01049, -0.01693, 0.99816, -0.05724
3767457,1578642403157656,1,1,1,1,0,1,1,1,1,0,0.02656555,-0.31283569,0.94943237,0.06037903,-0.27928162,0.95829773,33.08026123,-0.84440613,-29.74745178,-26.24003601,0.27322388,-25.36325073,0,0.0,4.07885742,4.07885742,0.64181203,0.40499479,1578642403157574,252422998587, HMD, -0.07623, 1.18300, 0.39071, 0.01044, -0.01695, 0.99816, -0.05722
3767457,1578642403161654,1,1,1,1,0,1,1,1,1,0,0.02656555,-0.31283569,0.94943237,0.06037903,-0.27928162,0.95829773,33.08026123,-0.84440613,-29.74745178,-26.24003601,0.27322388,-25.36325073,0,0.0,4.07885742,4.07885742,0.64181203,0.40499479,1578642403157574,252422998587, HMD, -0.07623, 1.18300, 0.39071, 0.01044, -0.01695, 0.99816, -0.05722
3767465,1578642403165660,1,1,1,1,0,1,1,1,1,0,0.02093506,-0.32333374,0.94604492,0.03405762,-0.31384277,0.94885254,33.0745697,-0.78971863,-29.91493225,-26.09819031,-0.16714478,-23.6282196,0,0.0,4.04556274,4.04556274,0.64181203,0.40499479,1578642403166711,252423089963, HMD, -0.07621, 1.18301, 0.39073, 0.01039, -0.01694, 0.99817, -0.05718
3767465,1578642403169641,1,1,1,1,0,1,1,1,1,0,0.02093506,-0.32333374,0.94604492,0.03405762,-0.31384277,0.94885254,33.0745697,-0.78971863,-29.91493225,-26.09819031,-0.16714478,-23.6282196,0,0.0,4.04556274,4.04556274,0.64181203,0.40499479,1578642403169689,252423119735, HMD, -0.07621, 1.18301, 0.39073, 0.01037, -0.01694, 0.99817, -0.05716
3767473,1578642403173714,1,1,1,1,0,1,1,1,1,0,0.01878357,-0.33145142,0.94326782,0.0390625,-0.30358887,0.95199585,33.07003784,-0.71626282,-30.09643555,-26.09596252,-0.18136597,-23.5690155,0,0.0,4.19281006,4.19281006,0.6551944,0.42684007,1578642403170045,252423123297, HMD, -0.07621, 1.18301, 0.39073, 0.01037, -0.01694, 0.99817, -0.05716
3767473,1578642403177663,1,1,1,1,0,1,1,1,1,0,0.01878357,-0.33145142,0.94326782,0.0390625,-0.30358887,0.95199585,33.07003784,-0.71626282,-30.09643555,-26.09596252,-0.18136597,-23.5690155,0,0.0,4.19281006,4.19281006,0.6551944,0.42684007,1578642403185056,252423273448, HMD, -0.07623, 1.18302, 0.39074, 0.01030, -0.01695, 0.99817, -0.05709
3767482,1578642403181656,1,1,1,1,0,1,1,1,1,0,0.02438354,-0.30091858,0.95332336,0.04296875,-0.28634644,0.95715332,33.07701111,-0.78082275,-29.9377594,-26.07687378,-0.2795105,-23.45767212,0,0.0,4.16830444,4.16830444,0.6551944,0.42684007,1578642403185056,252423273448, HMD, -0.07623, 1.18302, 0.39074, 0.01030, -0.01695, 0.99817, -0.05709
3767482,1578642403186673,1,1,1,1,0,1,1,1,1,0,0.02438354,-0.30091858,0.95332336,0.04296875,-0.28634644,0.95715332,33.07701111,-0.78082275,-29.9377594,-26.07687378,-0.2795105,-23.45767212,0,0.0,4.16830444,4.16830444,0.6551944,0.42684007,1578642403186689,252423289767, HMD, -0.07623, 1.18302, 0.39074, 0.01029, -0.01695, 0.99817, -0.05709
3767482,1578642403190656,1,1,1,1,0,1,1,1,1,0,0.02438354,-0.30091858,0.95332336,0.04296875,-0.28634644,0.95715332,33.07701111,-0.78082275,-29.9377594,-26.07687378,-0.2795105,-23.45767212,0,0.0,4.16830444,4.16830444,0.6551944,0.42684007,1578642403188318,252423306027, HMD, -0.07623, 1.18302, 0.39074, 0.01027, -0.01695, 0.99817, -0.05707
3767498,1578642403203658,1,1,1,1,0,1,1,1,1,0,0.02339172,-0.31771851,0.94789124,0.04063416,-0.28965759,0.95625305,33.08360291,-0.78778076,-29.94120789,-26.07048035,-0.30172729,-23.36764526,0,0.0,4.2308197,4.2308197,0.67282206,0.46045467,1578642403204893,252423471787, HMD, -0.07624, 1.18301, 0.39073, 0.01015, -0.01697, 0.99818, -0.05699
3767507,1578642403207634,1,1,1,1,0,1,1,1,1,0,0.01771545,-0.32484436,0.94558716,0.04530334,-0.29026794,0.95585632,33.08432007,-0.77078247,-30.07910156,-26.07170105,-0.30166626,-23.3861084,0,0.0,4.19036865,4.19036865,0.69191915,0.48349845,1578642403207672,252423499559, HMD, -0.07625, 1.18300, 0.39072, 0.01013, -0.01697, 0.99818, -0.05697
3767515,1578642403217629,1,1,1,1,0,1,1,1,1,0,0.03807068,-0.30609131,0.95123291,0.04425049,-0.28825378,0.95652771,33.06364441,-0.89659119,-29.65887451,-26.07383728,-0.30172729,-23.38827515,0,0.0,4.32327271,4.32327271,0.69191915,0.48349845,1578642403219442,252423617266, HMD, -0.07625, 1.18300, 0.39072, 0.01004, -0.01698, 0.99818, -0.05691
3767515,1578642403221630,1,1,1,1,0,1,1,1,1,0,0.03807068,-0.30609131,0.95123291,0.04425049,-0.28825378,0.95652771,33.06364441,-0.89659119,-29.65887451,-26.07383728,-0.30172729,-23.38827515,0,0.0,4.32327271,4.32327271,0.69191915,0.48349845,1578642403221613,252423638969, HMD, -0.07625, 1.18300, 0.39071, 0.01002, -0.01697, 0.99819, -0.05690
3767523,1578642403225638,1,1,1,1,0,1,1,1,1,0,0.02983093,-0.30891418,0.9506073,0.04312134,-0.29005432,0.95602417,33.05172729,-0.86198425,-29.74597168,-26.07597351,-0.30178833,-23.3861084,0,0.0,4.4021759,4.4021759,0.71286088,0.51307678,1578642403222654,252423649388, HMD, -0.07625, 1.18300, 0.39071, 0.01001, -0.01697, 0.99819, -0.05690
3767523,1578642403229632,1,1,1,1,0,1,1,1,1,0,0.02983093,-0.30891418,0.9506073,0.04312134,-0.29005432,0.95602417,33.05172729,-0.86198425,-29.74597168,-26.07597351,-0.30178833,-23.3861084,0,0.0,4.4021759,4.4021759,0.71286088,0.51307678,1578642403231574,252423738621, HMD, -0.07624, 1.18301, 0.39071, 0.00994, -0.01697, 0.99819, -0.05687
3767532,1578642403233644,1,1,1,1,0,1,1,1,1,0,0.03266907,-0.3082428,0.95074463,0.04081726,-0.29014587,0.95610046,33.04722595,-0.84793091,-29.77622986,-26.07675171,-0.30587769,-23.37643433,0,0.0,4.37553406,4.37553406,0.71286088,0.51307678,1578642403233593,252423758778, HMD, -0.07623, 1.18299, 0.39071, 0.00993, -0.01696, 0.99819, -0.05689
3767532,1578642403237631,1,1,1,1,0,1,1,1,1,0,0.03266907,-0.3082428,0.95074463,0.04081726,-0.29014587,0.95610046,33.04722595,-0.84793091,-29.77622986,-26.07675171,-0.30587769,-23.37643433,0,0.0,4.37553406,4.37553406,0.71286088,0.51307678,1578642403234600,252423768840, HMD, -0.07623, 1.18299, 0.39071, 0.00993, -0.01697, 0.99819, -0.05689
3767532,1578642403241898,1,1,1,1,0,1,1,1,1,0,0.02908325,-0.31048584,0.95011902,0.03829956,-0.28973389,0.95632935,33.04698181,-0.85673523,-29.76373291,-26.07752991,-0.30284119,-23.3861084,0,0.0,4.3692627,4.3692627,0.71286088,0.51307678,1578642403245975,252423882605, HMD, -0.07621, 1.18300, 0.39071, 0.00983, -0.01695, 0.99819, -0.05686
3767540,1578642403246870,1,1,1,1,0,1,1,1,1,0,0.02908325,-0.31048584,0.95011902,0.03829956,-0.28973389,0.95632935,33.04698181,-0.85673523,-29.76373291,-26.07752991,-0.30284119,-23.3861084,0,0.0,4.3692627,4.3692627,0.72850686,0.5325163,1578642403246804,252423890881, HMD, -0.07621, 1.18300, 0.39071, 0.00982, -0.01696, 0.99819, -0.05685
3767548,1578642403250870,1,1,1,1,0,1,1,1,1,0,0.03196716,-0.30604553,0.95147705,0.0378418,-0.28787231,0.95690918,33.04672241,-0.86552429,-29.75123596,-26.07891846,-0.30232239,-23.38827515,0,0.0,4.36564636,4.36564636,0.72850686,0.5325163,1578642403249567,252423918511, HMD, -0.07620, 1.18300, 0.39071, 0.00980, -0.01696, 0.99819, -0.05685
3767548,1578642403254904,1,1,1,1,0,1,1,1,1,0,0.03196716,-0.30604553,0.95147705,0.0378418,-0.28787231,0.95690918,33.04672241,-0.86552429,-29.75123596,-26.07891846,-0.30232239,-23.38827515,0,0.0,4.36564636,4.36564636,0.72850686,0.5325163,1578642403258419,252424007042, HMD, -0.07620, 1.18300, 0.39071, 0.00974, -0.01695, 0.99819, -0.05686
3767557,1578642403258903,1,1,1,1,0,1,1,1,1,0,0.03263855,-0.30540466,0.95166016,0.0375061,-0.28581238,0.95753479,33.04615784,-0.87342834,-29.7334137,-26.08029175,-0.30284119,-23.39044189,0,0.0,4.3719635,4.3719635,0.74647611,0.56021601,1578642403258850,252424011342, HMD, -0.07620, 1.18300, 0.39071, 0.00974, -0.01695, 0.99819, -0.05685
3767557,1578642403262980,1,1,1,1,0,1,1,1,1,0,0.03263855,-0.30540466,0.95166016,0.0375061,-0.28581238,0.95753479,33.04615784,-0.87342834,-29.7334137,-26.08029175,-0.30284119,-23.39044189,0,0.0,4.3719635,4.3719635,0.74647611,0.56021601,1578642403261598,252424038819, HMD, -0.07620, 1.18300, 0.39071, 0.00972, -0.01695, 0.99819, -0.05685
3767565,1578642403266961,1,1,1,1,0,1,1,1,1,0,0.03338623,-0.30493164,0.95178223,0.03805542,-0.27758789,0.95993042,33.04559326,-0.88134766,-29.71560669,-26.07891846,-0.30641174,-23.39863586,0,0.0,4.36752319,4.36752319,0.74647611,0.56021601,1578642403261598,252424038819, HMD, -0.07620, 1.18300, 0.39071, 0.00972, -0.01695, 0.99819, -0.05685
3767565,1578642403270982,1,1,1,1,0,1,1,1,1,0,0.03338623,-0.30493164,0.95178223,0.03805542,-0.27758789,0.95993042,33.04559326,-0.88134766,-29.71560669,-26.07891846,-0.30641174,-23.39863586,0,0.0,4.36752319,4.36752319,0.74647611,0.56021601,1578642403261598,252424038819, HMD, -0.07620, 1.18300, 0.39071, 0.00972, -0.01695, 0.99819, -0.05685
3767573,1578642403277064,1,1,1,1,0,1,1,1,1,0,0.03390503,-0.30760193,0.95089722,0.03796387,-0.27003479,0.96209717,33.04545593,-0.90089417,-29.66104126,-26.08029175,-0.3099823,-23.39682007,0,0.0,4.35829163,4.35829163,0.75665528,0.58971393,1578642403283144,252424254293, HMD, -0.07619, 1.18301, 0.39067, 0.00960, -0.01695, 0.99819, -0.05683
3767573,1578642403281048,1,1,1,1,0,1,1,1,1,0,0.03390503,-0.30760193,0.95089722,0.03796387,-0.27003479,0.96209717,33.04545593,-0.90089417,-29.66104126,-26.08029175,-0.3099823,-23.39682007,0,0.0,4.35829163,4.35829163,0.75665528,0.58971393,1578642403283144,252424254293, HMD, -0.07619, 1.18301, 0.39067, 0.00960, -0.01695, 0.99819, -0.05683
3767582,1578642403286058,1,1,1,1,0,1,1,1,1,0,0.0308075,-0.31663513,0.94804382,0.03317261,-0.22904968,0.97283936,33.02888489,-0.92134094,-29.60707092,-26.09109497,-0.32946777,-23.48268127,0,0.0,4.34597778,4.34597778,0.75793904,0.59140271,1578642403286101,252424283856, HMD, -0.07619, 1.18301, 0.39067, 0.00959, -0.01696, 0.99819, -0.05682
3767590,1578642403290064,1,1,1,1,0,1,1,1,1,0,0.0308075,-0.31663513,0.94804382,0.03317261,-0.22904968,0.97283936,33.02888489,-0.92134094,-29.60707092,-26.09109497,-0.32946777,-23.48268127,0,0.0,4.34597778,4.34597778,0.78022105,0.59727913,1578642403286395,252424286793, HMD, -0.07619, 1.18301, 0.39067, 0.00959, -0.01696, 0.99819, -0.05682
3767590,1578642403294068,1,1,1,1,0,1,1,1,1,0,0.04203796,-0.32566833,0.9445343,0.04315186,-0.24232483,0.96922302,33.03216553,-0.96272278,-29.50982666,-26.08630371,-0.36581421,-23.40982056,0,0.0,4.24177551,4.24177551,0.78022105,0.59727913,1578642403297242,252424395311, HMD, -0.07614, 1.18298, 0.39063, 0.00956, -0.01694, 0.99820, -0.05680
3767590,1578642403298076,1,1,1,1,0,1,1,1,1,0,0.04203796,-0.32566833,0.9445343,0.04315186,-0.24232483,0.96922302,33.03216553,-0.96272278,-29.50982666,-26.08630371,-0.36581421,-23.40982056,0,0.0,4.24177551,4.24177551,0.78022105,0.59727913,1578642403298002,252424402862, HMD, -0.07613, 1.18298, 0.39063, 0.00956, -0.01694, 0.99820, -0.05680
3767598,1578642403301557,1,1,1,1,0,1,1,1,1,0,0.02407837,-0.29499817,0.95518494,0.034729,-0.24124146,0.96983337,33.03875732,-0.96717834,-29.56480408,-26.08378601,-0.37760925,-23.29934692,0,0.0,4.35269165,4.35269165,0.78022105,0.59727913,1578642403300745,252424430290, HMD, -0.07613, 1.18298, 0.39063, 0.00955, -0.01694, 0.99820, -0.05680
3767598,1578642403306113,1,1,1,1,0,1,1,1,1,0,0.02407837,-0.29499817,0.95518494,0.034729,-0.24124146,0.96983337,33.03875732,-0.96717834,-29.56480408,-26.08378601,-0.37760925,-23.29934692,0,0.0,4.35269165,4.35269165,0.78022105,0.59727913,1578642403311157,252424534418, HMD, -0.07612, 1.18298, 0.39060, 0.00952, -0.01693, 0.99820, -0.05677
3767607,1578642403310128,1,1,1,1,0,1,1,1,1,0,0.02853394,-0.30186462,0.95291138,0.02772522,-0.24819946,0.9683075,33.03302002,-0.97189331,-29.56446838,-26.08616638,-0.37475586,-23.31034851,0,0.0,4.37016296,4.37016296,0.78974611,0.62369341,1578642403311157,252424534418, HMD, -0.07612, 1.18298, 0.39060, 0.00952, -0.01693, 0.99820, -0.05677
3767607,1578642403314113,1,1,1,1,0,1,1,1,1,0,0.02853394,-0.30186462,0.95291138,0.02772522,-0.24819946,0.9683075,33.03302002,-0.97189331,-29.56446838,-26.08616638,-0.37475586,-23.31034851,0,0.0,4.37016296,4.37016296,0.78974611,0.62369341,1578642403314073,252424563577, HMD, -0.07611, 1.18298, 0.39060, 0.00951, -0.01692, 0.99820, -0.05676
3767615,1578642403318105,1,1,1,1,0,1,1,1,1,0,0.0266571,-0.30407715,0.95227051,0.03114319,-0.2480011,0.96824646,33.02728271,-0.96717834,-29.56480408,-26.08688354,-0.37440491,-23.31742859,0,0.0,4.3888092,4.3888092,0.78974611,0.62369341,1578642403314637,252424569210, HMD, -0.07611, 1.18298, 0.39060, 0.00953, -0.01693, 0.99820, -0.05676
3767615,1578642403321618,1,1,1,1,0,1,1,1,1,0,0.0266571,-0.30407715,0.95227051,0.03114319,-0.2480011,0.96824646,33.02728271,-0.96717834,-29.56480408,-26.08688354,-0.37440491,-23.31742859,0,0.0,4.3888092,4.3888092,0.78974611,0.62369341,1578642403324184,252424664691, HMD, -0.07610, 1.18297, 0.39058, 0.00951, -0.01691, 0.99820, -0.05673
3767623,1578642403325626,1,1,1,1,0,1,1,1,1,0,0.02539063,-0.31399536,0.94908142,0.03152466,-0.24775696,0.96829224,33.01831055,-0.94432068,-29.67073059,-26.08616638,-0.37475586,-23.32452393,0,0.0,4.16583252,4.16583252,0.7958861,0.62881434,1578642403325566,252424678500, HMD, -0.07611, 1.18297, 0.39057, 0.00951, -0.01691, 0.99820, -0.05672
3767623,1578642403329596,1,1,1,1,0,1,1,1,1,0,0.02539063,-0.31399536,0.94908142,0.03152466,-0.24775696,0.96829224,33.01831055,-0.94432068,-29.67073059,-26.08616638,-0.37475586,-23.32452393,0,0.0,4.16583252,4.16583252,0.7958861,0.62881434,1578642403327316,252424696004, HMD, -0.07610, 1.18297, 0.39056, 0.00951, -0.01691, 0.99820, -0.05671
3767632,1578642403333612,1,1,1,1,0,1,1,1,1,0,0.02680969,-0.28753662,0.9573822,0.03231812,-0.25431824,0.96656799,33.03707886,-0.92910767,-29.61929321,-26.08454895,-0.37664795,-23.31742859,0,0.0,4.39256287,4.39256287,0.7958861,0.62881434,1578642403334911,252424771964, HMD, -0.07608, 1.18295, 0.39054, 0.00952, -0.01688, 0.99820, -0.05669
3767632,1578642403337620,1,1,1,1,0,1,1,1,1,0,0.02680969,-0.28753662,0.9573822,0.03231812,-0.25431824,0.96656799,33.03707886,-0.92910767,-29.61929321,-26.08454895,-0.37664795,-23.31742859,0,0.0,4.39256287,4.39256287,0.7958861,0.62881434,1578642403337605,252424798891, HMD, -0.07607, 1.18295, 0.39054, 0.00952, -0.01686, 0.99820, -0.05669
3767640,1578642403341488,1,1,1,1,0,1,1,1,1,0,0.05152893,-0.2538147,0.96586609,0.0463562,-0.24874878,0.967453,33.08076477,-0.81054688,-29.67686462,-25.98187256,-0.23519897,-23.35343933,0,0.0,4.42866516,4.42866516,0.80744368,0.67034554,1578642403338650,252424809346, HMD, -0.07607, 1.18295, 0.39053, 0.00952, -0.01686, 0.99820, -0.05668
3767648,1578642403349542,1,1,1,1,0,1,1,1,1,0,0.05368042,-0.23820496,0.96972656,0.07946777,-0.20646667,0.97520447,33.10400391,-0.65362549,-29.46508789,-25.85110474,0.04771423,-23.54066467,0,0.0,4.38565063,4.38565063,0.80744368,0.67034554,1578642403338650,252424809346, HMD, -0.07607, 1.18295, 0.39053, 0.00952, -0.01686, 0.99820, -0.05668
3767648,1578642403353489,1,1,1,1,0,1,1,1,1,0,0.05368042,-0.23820496,0.96972656,0.07946777,-0.20646667,0.97520447,33.10400391,-0.65362549,-29.46508789,-25.85110474,0.04771423,-23.54066467,0,0.0,4.38565063,4.38565063,0.80744368,0.67034554,1578642403364593,252425068788, HMD, -0.07606, 1.18295, 0.39049, 0.00953, -0.01674, 0.99821, -0.05662
3767657,1578642403363479,1,1,1,1,0,1,1,1,1,0,0.08209229,-0.16952515,0.98208618,0.08068848,-0.14468384,0.98617554,33.10910034,-0.19950867,-30.05378723,-25.65660095,0.25747681,-23.43218994,0,0.0,4.51885986,4.51885986,0.82753855,0.66632473,1578642403364593,252425068788, HMD, -0.07606, 1.18295, 0.39049, 0.00953, -0.01674, 0.99821, -0.05662
3767665,1578642403367474,1,1,1,1,0,1,1,1,1,0,0.08818054,-0.10163879,0.9908905,0.09162903,-0.09661865,0.99108887,33.17268372,0.04656982,-30.23399353,-25.46723938,0.43751526,-23.25804138,0,0.0,4.50549316,4.50549316,0.82753855,0.66632473,1578642403367440,252425097242, HMD, -0.07607, 1.18295, 0.39050, 0.00951, -0.01674, 0.99821, -0.05661
3767665,1578642403371489,1,1,1,1,0,1,1,1,1,0,0.08818054,-0.10163879,0.9908905,0.09162903,-0.09661865,0.99108887,33.17268372,0.04656982,-30.23399353,-25.46723938,0.43751526,-23.25804138,0,0.0,4.50549316,4.50549316,0.82753855,0.66632473,1578642403367662,252425099461, HMD, -0.07607, 1.18295, 0.39050, 0.00951, -0.01674, 0.99821, -0.05662
3767673,1578642403375762,1,1,1,1,0,1,1,1,1,0,0.10429382,-0.05941772,0.99276733,0.10316467,-0.04048157,0.99383545,33.22024536,0.04389954,-29.73036194,-25.34288025,0.59616089,-23.24519348,0,0.0,4.56213379,4.56213379,0.87942684,0.68989974,1578642403379218,252425215036, HMD, -0.07603, 1.18293, 0.39048, 0.00953, -0.01667, 0.99821, -0.05663
3767673,1578642403379734,1,1,1,1,0,1,1,1,1,0,0.10429382,-0.05941772,0.99276733,0.10316467,-0.04048157,0.99383545,33.22024536,0.04389954,-29.73036194,-25.34288025,0.59616089,-23.24519348,0,0.0,4.56213379,4.56213379,0.87942684,0.68989974,1578642403379697,252425219810, HMD, -0.07603, 1.18293, 0.39048, 0.00953, -0.01667, 0.99821, -0.05663
3767682,1578642403383336,1,1,1,1,0,1,1,1,1,0,0.11305237,-0.01873779,0.9934082,0.13288879,-0.04806519,0.98995972,33.25370789,0.03213501,-29.41665649,-25.29598999,0.68579102,-23.23603821,0,0.0,4.59854126,4.59854126,0.87942684,0.68989974,1578642403382837,252425251215, HMD, -0.07603, 1.18293, 0.39048, 0.00952, -0.01666, 0.99821, -0.05664
3767682,1578642403389453,1,1,1,1,0,1,1,1,1,0,0.11305237,-0.01873779,0.9934082,0.13288879,-0.04806519,0.98995972,33.25370789,0.03213501,-29.41665649,-25.29598999,0.68579102,-23.23603821,0,0.0,4.59854126,4.59854126,0.87942684,0.68989974,1578642403382837,252425251215, HMD, -0.07603, 1.18293, 0.39048, 0.00952, -0.01666, 0.99821, -0.05664
3767690,1578642403402340,1,1,1,1,0,1,1,1,1,0,0.10221863,-0.03797913,0.99403381,0.12670898,-0.03070068,0.99145508,33.31794739,0.02598572,-29.64326477,-25.33169556,0.52792358,-22.70736694,0,0.0,4.41398621,4.41398621,0.95257103,0.81252354,1578642403410258,252425525442, HMD, -0.07603, 1.18290, 0.39047, 0.00944, -0.01661, 0.99821, -0.05660
3767698,1578642403406325,1,1,1,1,0,1,1,1,1,0,0.10221863,-0.03797913,0.99403381,0.12670898,-0.03070068,0.99145508,33.31794739,0.02598572,-29.64326477,-25.33169556,0.52792358,-22.70736694,0,0.0,4.41398621,4.41398621,0.95257103,0.81252354,1578642403410258,252425525442, HMD, -0.07603, 1.18290, 0.39047, 0.00944, -0.01661, 0.99821, -0.05660
3767707,1578642403412540,1,1,1,1,0,1,1,1,1,0,0.11286926,-0.03926086,0.99282837,0.12738037,-0.02124023,0.99162292,33.33457947,0.04452515,-29.75637817,-25.34922791,0.49508667,-22.58131409,0,0.0,4.53935242,4.53935242,1.0,1.0,1578642403412487,252425547715, HMD, -0.07602, 1.18289, 0.39047, 0.00943, -0.01661, 0.99821, -0.05660
3767707,1578642403416519,1,1,1,1,0,1,1,1,1,0,0.10818481,-0.03471375,0.99351501,0.12069702,-0.01559448,0.99255371,33.35491943,0.01681519,-29.72483826,-25.36242676,0.48272705,-22.61628723,0,0.0,4.53672791,4.53672791,1.0,1.0,1578642403413963,252425562474, HMD, -0.07602, 1.18289, 0.39047, 0.00944, -0.01660, 0.99821, -0.05660
3767715,1578642403420544,1,1,1,1,0,1,1,1,1,0,0.10818481,-0.03471375,0.99351501,0.12069702,-0.01559448,0.99255371,33.35491943,0.01681519,-29.72483826,-25.36242676,0.48272705,-22.61628723,0,0.0,4.53672791,4.53672791,1.0,1.0,1578642403413963,252425562474, HMD, -0.07602, 1.18289, 0.39047, 0.00944, -0.01660, 0.99821, -0.05660
3767723,1578642403424530,1,1,1,1,0,1,1,1,1,0,0.10192871,-0.04211426,0.99389648,0.12850952,-0.02316284,0.99142456,33.37361145,0.00036621,-29.7179718,-25.38111877,0.45776367,-22.54005432,0,0.0,4.56861877,4.56861877,1.0,1.0,1578642403431013,252425733061, HMD, -0.07599, 1.18288, 0.39046, 0.00939, -0.01666, 0.99822, -0.05650
3767723,1578642403428522,1,1,1,1,0,1,1,1,1,0,0.10192871,-0.04211426,0.99389648,0.12850952,-0.02316284,0.99142456,33.37361145,0.00036621,-29.7179718,-25.38111877,0.45776367,-22.54005432,0,0.0,4.56861877,4.56861877,1.0,1.0,1578642403431013,252425733061, HMD, -0.07599, 1.18288, 0.39046, 0.00939, -0.01666, 0.99822, -0.05650
3767732,1578642403433549,1,1,1,1,0,1,1,1,1,0,0.10229492,-0.037323,0.99404907,0.1269989,-0.02346802,0.99162292,33.38619995,0.01275635,-29.79670715,-25.39389038,0.43551636,-22.49003601,0,0.0,4.49827576,4.49827576,1.0,1.0,1578642403433524,252425758086, HMD, -0.07600, 1.18287, 0.39045, 0.00940, -0.01666, 0.99822, -0.05651
3767732,1578642403437525,1,1,1,1,0,1,1,1,1,0,0.10229492,-0.037323,0.99404907,0.1269989,-0.02346802,0.99162292,33.38619995,0.01275635,-29.79670715,-25.39389038,0.43551636,-22.49003601,0,0.0,4.49827576,4.49827576,1.0,1.0,1578642403435249,252425775338, HMD, -0.07599, 1.18287, 0.39045, 0.00940, -0.01667, 0.99822, -0.05650
3767732,1578642403441521,1,1,1,1,0,1,1,1,1,0,0.10612488,-0.03778076,0.99362183,0.12646484,-0.01335144,0.99186707,33.39080811,-0.05519104,-29.53092957,-25.41526794,0.42703247,-22.47853088,0,0.0,4.54446411,4.54446411,1.0,1.0,1578642403435249,252425775338, HMD, -0.07599, 1.18287, 0.39045, 0.00940, -0.01667, 0.99822, -0.05650
3767740,1578642403446544,1,1,1,1,0,1,1,1,1,0,0.10612488,-0.03778076,0.99362183,0.12646484,-0.01335144,0.99186707,33.39080811,-0.05519104,-29.53092957,-25.41526794,0.42703247,-22.47853088,0,0.0,4.54446411,4.54446411,1.0,1.0,1578642403435249,252425775338, HMD, -0.07599, 1.18287, 0.39045, 0.00940, -0.01667, 0.99822, -0.05650
3767748,1578642403450513,1,1,1,1,0,1,1,1,1,0,0.10946655,-0.03877258,0.9932251,0.12750244,-0.01603699,0.99169922,33.40875244,0.03800964,-29.96334839,-25.42462158,0.4243927,-22.47900391,0,0.0,4.55815125,4.55815125,1.0,1.0,1578642403435249,252425775338, HMD, -0.07599, 1.18287, 0.39045, 0.00940, -0.01667, 0.99822, -0.05650
3767773,1578642403477632,1,1,1,1,0,1,1,1,1,0,0.10334778,-0.03189087,0.99412537,0.1313324,-0.01626587,0.99119568,33.43844604,-0.02520752,-29.8057251,-25.4480896,0.42173767,-22.47949219,0,0.0,4.54885864,4.54885864,1.0,1.0,1578642403481469,252426237564, HMD, -0.07585, 1.18290, 0.39045, 0.00936, -0.01686, 0.99822, -0.05648
3767773,1578642403481616,1,1,1,1,0,1,1,1,1,0,0.10334778,-0.03189087,0.99412537,0.1313324,-0.01626587,0.99119568,33.43844604,-0.02520752,-29.8057251,-25.4480896,0.42173767,-22.47949219,0,0.0,4.54885864,4.54885864,1.0,1.0,1578642403481754,252426240382, HMD, -0.07585, 1.18290, 0.39045, 0.00936, -0.01687, 0.99822, -0.05648
3767782,1578642403486616,1,1,1,1,0,1,1,1,1,0,0.10380554,-0.03901672,0.99382019,0.13142395,-0.01667786,0.99118042,33.44593811,-0.03625488,-29.78468323,-25.4528656,0.42042542,-22.48095703,0,0.0,4.56080627,4.56080627,1.0,1.0,1578642403486220,252426285047, HMD, -0.07583, 1.18291, 0.39045, 0.00935, -0.01686, 0.99822, -0.05649
3767782,1578642403490624,1,1,1,1,0,1,1,1,1,0,0.10380554,-0.03901672,0.99382019,0.13142395,-0.01667786,0.99118042,33.44593811,-0.03625488,-29.78468323,-25.4528656,0.42042542,-22.48095703,0,0.0,4.56080627,4.56080627,1.0,1.0,1578642403486220,252426285047, HMD, -0.07583, 1.18291, 0.39045, 0.00935, -0.01686, 0.99822, -0.05649
3767790,1578642403494889,1,1,1,1,0,1,1,1,1,0,0.10940552,-0.03727722,0.99328613,0.1315155,-0.0171051,0.99116516,33.45327759,-0.05552673,-29.73200989,-25.4576416,0.4190979,-22.48243713,0,0.0,4.60821533,4.60821533,1.0,1.0,1578642403486220,252426285047, HMD, -0.07583, 1.18291, 0.39045, 0.00935, -0.01686, 0.99822, -0.05649
3767798,1578642403498608,1,1,1,1,0,1,1,1,1,0,0.10916138,-0.03710938,0.99331665,0.1320343,-0.01699829,0.99108887,33.45611572,-0.06582642,-29.70384216,-25.45985413,0.41764832,-22.48095703,0,0.0,4.6118927,4.6118927,1.0,1.0,1578642403505961,252426482471, HMD, -0.07581, 1.18295, 0.39045, 0.00931, -0.01681, 0.99821, -0.05655
3767798,1578642403502605,1,1,1,1,0,1,1,1,1,0,0.10916138,-0.03710938,0.99331665,0.1320343,-0.01699829,0.99108887,33.45611572,-0.06582642,-29.70384216,-25.45985413,0.41764832,-22.48095703,0,0.0,4.6118927,4.6118927,1.0,1.0,1578642403505961,252426482471, HMD, -0.07581, 1.18295, 0.39045, 0.00931, -0.01681, 0.99821, -0.05655
3767798,1578642403511115,1,1,1,1,0,1,1,1,1,0,0.10894775,-0.0369873,0.99334717,0.1325531,-0.01660156,0.99102783,33.4589386,-0.07611084,-29.6756897,-25.46206665,0.41619873,-22.47949219,0,0.0,4.6100769,4.6100769,1.0,1.0,1578642403511187,252426534714, HMD, -0.07579, 1.18298, 0.39044, 0.00930, -0.01680, 0.99821, -0.05659
3767815,1578642403517097,1,1,1,1,0,1,1,1,1,0,0.10795593,-0.03768921,0.99343872,0.13175964,-0.01583862,0.9911499,33.46153259,-0.07759094,-29.67530823,-25.4646759,0.41571045,-22.47930908,0,0.0,4.61222839,4.61222839,1.0,1.0,1578642403511391,252426536752, HMD, -0.07579, 1.18298, 0.39043, 0.00930, -0.01680, 0.99821, -0.05659
3767815,1578642403523127,1,1,1,1,0,1,1,1,1,0,0.10795593,-0.03768921,0.99343872,0.13175964,-0.01583862,0.9911499,33.46153259,-0.07759094,-29.67530823,-25.4646759,0.41571045,-22.47930908,0,0.0,4.61222839,4.61222839,1.0,1.0,1578642403532398,252426746849, HMD, -0.07577, 1.18299, 0.39041, 0.00930, -0.01673, 0.99821, -0.05671
3767823,1578642403527208,1,1,1,1,0,1,1,1,1,0,0.10762024,-0.03839111,0.99343872,0.13096619,-0.01504517,0.99125671,33.46412659,-0.07905579,-29.6749115,-25.46730042,0.41522217,-22.47912598,0,0.0,4.61437988,4.61437988,1.0,1.0,1578642403532398,252426746849, HMD, -0.07577, 1.18299, 0.39041, 0.00930, -0.01673, 0.99821, -0.05671
3767840,1578642403547129,1,1,1,1,0,1,1,1,1,0,0.10778809,-0.03747559,0.99345398,0.13114929,-0.01567078,0.9912262,33.46847534,-0.07905579,-29.67172241,-25.47174072,0.41413879,-22.47874451,0,0.0,4.60980225,4.60980225,1.0,1.0,1578642403535991,252426782760, HMD, -0.07575, 1.18298, 0.39040, 0.00930, -0.01672, 0.99821, -0.05673
3767848,1578642403550615,1,1,1,1,0,1,1,1,1,0,0.10673523,-0.03703308,0.99359131,0.13072205,-0.01461792,0.99130249,33.47039795,-0.07989502,-29.67082214,-25.47322083,0.41169739,-22.4786377,0,0.0,4.60505676,4.60505676,1.0,1.0,1578642403535991,252426782760, HMD, -0.07575, 1.18298, 0.39040, 0.00930, -0.01672, 0.99821, -0.05673
3767857,1578642403558621,1,1,1,1,0,1,1,1,1,0,0.11099243,-0.02949524,0.99337769,0.12872314,-0.02101135,0.99145508,33.47821045,0.01020813,-29.7984314,-25.49772644,0.47781372,-22.36849976,0,0.0,4.54547119,4.54547119,1.0,1.0,1578642403566441,252427087265, HMD, -0.07569, 1.18294, 0.39036, 0.00921, -0.01671, 0.99821, -0.05675
3767857,1578642403562628,1,1,1,1,0,1,1,1,1,0,0.11099243,-0.02949524,0.99337769,0.12872314,-0.02101135,0.99145508,33.47821045,0.01020813,-29.7984314,-25.49772644,0.47781372,-22.36849976,0,0.0,4.54547119,4.54547119,1.0,1.0,1578642403566441,252427087265, HMD, -0.07569, 1.18294, 0.39036, 0.00921, -0.01671, 0.99821, -0.05675
3767865,1578642403568606,1,1,1,1,0,1,1,1,1,0,0.11347961,0.01416016,0.99342346,0.12644958,0.03231812,0.99143982,33.41183472,0.15190125,-29.72322083,-25.45933533,0.66296387,-22.53160095,0,0.0,4.5657959,4.5657959,1.0,1.0,1578642403568607,252427108924, HMD, -0.07567, 1.18296, 0.39033, 0.00919, -0.01672, 0.99821, -0.05676
3767865,1578642403572610,1,1,1,1,0,1,1,1,1,0,0.11347961,0.01416016,0.99342346,0.12644958,0.03231812,0.99143982,33.41183472,0.15190125,-29.72322083,-25.45933533,0.66296387,-22.53160095,0,0.0,4.5657959,4.5657959,1.0,1.0,1578642403569531,252427118157, HMD, -0.07566, 1.18296, 0.39033, 0.00918, -0.01672, 0.99821, -0.05675
3767873,1578642403578632,1,1,1,1,0,1,1,1,1,0,0.11712646,0.06646729,0.99087524,0.13156128,0.07963562,0.98809814,33.31092834,0.38677979,-29.63258362,-25.38014221,0.92179871,-22.56788635,0,0.0,4.54284668,4.54284668,1.0,1.0,1578642403569531,252427118157, HMD, -0.07566, 1.18296, 0.39033, 0.00918, -0.01672, 0.99821, -0.05675
3767873,1578642403582616,1,1,1,1,0,1,1,1,1,0,0.11712646,0.06646729,0.99087524,0.13156128,0.07963562,0.98809814,33.31092834,0.38677979,-29.63258362,-25.38014221,0.92179871,-22.56788635,0,0.0,4.54284668,4.54284668,1.0,1.0,1578642403591281,252427335740, HMD, -0.07564, 1.18295, 0.39030, 0.00906, -0.01674, 0.99821, -0.05672
3767882,1578642403589609,1,1,1,1,0,1,1,1,1,0,0.11660767,0.11924744,0.98597717,0.15486145,0.16404724,0.97421265,33.26121521,0.54423523,-29.46057129,-25.39474487,1.00338745,-22.31980896,0,0.0,4.40042114,4.40042114,1.0,1.0,1578642403591281,252427335740, HMD, -0.07564, 1.18295, 0.39030, 0.00906, -0.01674, 0.99821, -0.05672
3767890,1578642403593600,1,1,1,1,0,1,1,1,1,0,0.14575195,0.17507935,0.97369385,0.15396118,0.19996643,0.96762085,33.22177124,0.29933167,-28.29660034,-25.37307739,1.26156616,-22.50282288,0,0.0,4.58921814,4.58921814,1.0,1.0,1578642403593519,252427358034, HMD, -0.07564, 1.18296, 0.39031, 0.00906, -0.01675, 0.99821, -0.05671
3767898,1578642403599599,1,1,1,1,0,1,1,1,1,0,0.14541626,0.19815063,0.96931458,0.1655426,0.22991943,0.95901489,33.23780823,0.19818115,-27.73353577,-25.38778687,1.34771729,-22.32171631,0,0.0,4.62535095,4.62535095,1.0,1.0,1578642403596596,252427388808, HMD, -0.07564, 1.18295, 0.39030, 0.00904, -0.01675, 0.99821, -0.05670
3767898,1578642403603617,1,1,1,1,0,1,1,1,1,0,0.14541626,0.19815063,0.96931458,0.1655426,0.22991943,0.95901489,33.23780823,0.19818115,-27.73353577,-25.38778687,1.34771729,-22.32171631,0,0.0,4.62535095,4.62535095,1.0,1.0,1578642403604966,252427472518, HMD, -0.07562, 1.18295, 0.39030, 0.00897, -0.01677, 0.99821, -0.05668
3767898,1578642403607595,1,1,1,1,0,1,1,1,1,0,0.15026855,0.20289612,0.96759033,0.1776886,0.22492981,0.95802307,33.26895142,0.14346313,-27.56472778,-25.40863037,1.36268616,-22.28845215,0,0.0,4.52568054,4.52568054,1.0,1.0,1578642403607560,252427498441, HMD, -0.07562, 1.18294, 0.39030, 0.00894, -0.01678, 0.99821, -0.05667
3767907,1578642403611584,1,1,1,1,0,1,1,1,1,0,0.15026855,0.20289612,0.96759033,0.1776886,0.22492981,0.95802307,33.26895142,0.14346313,-27.56472778,-25.40863037,1.36268616,-22.28845215,0,0.0,4.52568054,4.52568054,1.0,1.0,1578642403608185,252427504692, HMD, -0.07562, 1.18294, 0.39030, 0.00893, -0.01678, 0.99821, -0.05667
3767915,1578642403615614,1,1,1,1,0,1,1,1,1,0,0.14356995,0.21235657,0.96658325,0.1703949,0.21348572,0.96195984,33.29504395,0.11302185,-27.54820251,-25.43936157,1.2492218,-21.95993042,0,0.0,4.59848022,4.59848022,1.0,1.0,1578642403618248,252427605358, HMD, -0.07562, 1.18293, 0.39030, 0.00887, -0.01680, 0.99821, -0.05663
3767915,1578642403619619,1,1,1,1,0,1,1,1,1,0,0.14356995,0.21235657,0.96658325,0.1703949,0.21348572,0.96195984,33.29504395,0.11302185,-27.54820251,-25.43936157,1.2492218,-21.95993042,0,0.0,4.59848022,4.59848022,1.0,1.0,1578642403619691,252427619758, HMD, -0.07561, 1.18293, 0.39030, 0.00886, -0.01680, 0.99821, -0.05663
3767915,1578642403623607,1,1,1,1,0,1,1,1,1,0,0.14356995,0.21235657,0.96658325,0.1703949,0.21348572,0.96195984,33.29504395,0.11302185,-27.54820251,-25.43936157,1.2492218,-21.95993042,0,0.0,4.59848022,4.59848022,1.0,1.0,1578642403622797,252427650815, HMD, -0.07561, 1.18293, 0.39030, 0.00884, -0.01681, 0.99822, -0.05662
3767923,1578642403627622,1,1,1,1,0,1,1,1,1,0,0.14596558,0.21351624,0.96595764,0.16725159,0.21781921,0.96154785,33.31278992,0.06192017,-27.4733429,-25.46862793,1.19793701,-21.76455688,0,0.0,4.50495911,4.50495911,1.0,1.0,1578642403622797,252427650815, HMD, -0.07561, 1.18293, 0.39030, 0.00884, -0.01681, 0.99822, -0.05662
3767932,1578642403640605,1,1,1,1,0,1,1,1,1,0,0.14564514,0.20904541,0.96699524,0.1700592,0.21548462,0.96157837,33.33934021,0.07028198,-27.52836609,-25.47422791,1.18655396,-21.71769714,0,0.0,4.54968262,4.54968262,1.0,1.0,1578642403622797,252427650815, HMD, -0.07561, 1.18293, 0.39030, 0.00884, -0.01681, 0.99822, -0.05662
3767940,1578642403644608,1,1,1,1,0,1,1,1,1,0,0.12174988,0.19549561,0.97311401,0.1706543,0.21400452,0.96179199,33.41296387,0.50805664,-28.93588257,-25.47981262,1.18005371,-21.70582581,0,0.0,4.44497681,4.44497681,1.0,1.0,1578642403622797,252427650815, HMD, -0.07561, 1.18293, 0.39030, 0.00884, -0.01681, 0.99822, -0.05662
3767965,1578642403671708,1,1,1,1,0,1,1,1,1,0,0.12539673,0.20097351,0.9715271,0.15646362,0.20259094,0.9666748,33.43717957,0.38775635,-28.59992981,-25.45362854,1.26478577,-21.95689392,0,0.0,4.4394989,4.4394989,1.0,1.0,1578642403672608,252428148955, HMD, -0.07548, 1.18298, 0.39031, 0.00852, -0.01676, 0.99822, -0.05661
3767965,1578642403675306,1,1,1,1,0,1,1,1,1,0,0.12301636,0.1991272,0.97221375,0.15011597,0.19743347,0.96875,33.44058228,0.38980103,-28.60821533,-25.44781494,1.33163452,-22.14924622,0,0.0,4.37844849,4.37844849,1.0,1.0,1578642403675337,252428176231, HMD, -0.07547, 1.18297, 0.39031, 0.00853, -0.01674, 0.99822, -0.05667
3767973,1578642403679316,1,1,1,1,0,1,1,1,1,0,0.12301636,0.1991272,0.97221375,0.15011597,0.19743347,0.96875,33.44058228,0.38980103,-28.60821533,-25.44781494,1.33163452,-22.14924622,0,0.0,4.37844849,4.37844849,1.0,1.0,1578642403676135,252428184197, HMD, -0.07547, 1.18297, 0.39031, 0.00853, -0.01673, 0.99822, -0.05668
3767982,1578642403683306,1,1,1,1,0,1,1,1,1,0,0.12374878,0.20071411,0.9717865,0.14892578,0.20059204,0.96827698,33.44398499,0.39186096,-28.61650085,-25.45072937,1.37310791,-22.39489746,0,0.0,4.41662598,4.41662598,1.0,1.0,1578642403689455,252428317422, HMD, -0.07545, 1.18296, 0.39032, 0.00843, -0.01667, 0.99822, -0.05672
3767982,1578642403686876,1,1,1,1,0,1,1,1,1,0,0.12374878,0.20071411,0.9717865,0.14892578,0.20059204,0.96827698,33.44398499,0.39186096,-28.61650085,-25.45072937,1.37310791,-22.39489746,0,0.0,4.41662598,4.41662598,1.0,1.0,1578642403689455,252428317422, HMD, -0.07545, 1.18296, 0.39032, 0.00843, -0.01667, 0.99822, -0.05672
3767990,1578642403691994,1,1,1,1,0,1,1,1,1,0,0.12406921,0.20033264,0.97183228,0.14764404,0.20352173,0.96786499,33.44691467,0.38980103,-28.60821533,-25.45365906,1.4145813,-22.64054871,0,0.0,4.39089966,4.39089966,1.0,1.0,1578642403691923,252428342073, HMD, -0.07544, 1.18296, 0.39033, 0.00841, -0.01665, 0.99822, -0.05673
3767990,1578642403696010,1,1,1,1,0,1,1,1,1,0,0.12406921,0.20033264,0.97183228,0.14764404,0.20352173,0.96786499,33.44691467,0.38980103,-28.60821533,-25.45365906,1.4145813,-22.64054871,0,0.0,4.39089966,4.39089966,1.0,1.0,1578642403692937,252428352215, HMD, -0.07543, 1.18295, 0.39032, 0.00842, -0.01663, 0.99821, -0.05674
3767990,1578642403700046,1,1,1,1,0,1,1,1,1,0,0.12255859,0.20075989,0.97193909,0.14480591,0.20516968,0.96794128,33.44985962,0.38775635,-28.61405945,-25.45635986,1.41755676,-22.65342712,0,0.0,4.36436462,4.36436462,1.0,1.0,1578642403692937,252428352215, HMD, -0.07543, 1.18295, 0.39032, 0.00842, -0.01663, 0.99821, -0.05674
3767998,1578642403704059,1,1,1,1,0,1,1,1,1,0,0.12255859,0.20075989,0.97193909,0.14480591,0.20516968,0.96794128,33.44985962,0.38775635,-28.61405945,-25.45635986,1.41755676,-22.65342712,0,0.0,4.36436462,4.36436462,1.0,1.0,1578642403692937,252428352215, HMD, -0.07543, 1.18295, 0.39032, 0.00842, -0.01663, 0.99821, -0.05674
3767998,1578642403707285,1,1,1,1,0,1,1,1,1,0,0.12324524,0.19929504,0.97215271,0.14199829,0.20487976,0.96842957,33.45079041,0.38980103,-28.61528015,-25.45907593,1.4145813,-22.66416931,0,0.0,4.35600281,4.35600281,1.0,1.0,1578642403692937,252428352215, HMD, -0.07543, 1.18295, 0.39032, 0.00842, -0.01663, 0.99821, -0.05674
3768007,1578642403710830,1,1,1,1,0,1,1,1,1,0,0.12324524,0.19929504,0.97215271,0.14199829,0.20487976,0.96842957,33.45079041,0.38980103,-28.61528015,-25.45907593,1.4145813,-22.66416931,0,0.0,4.35600281,4.35600281,1.0,1.0,1578642403722524,252428648116, HMD, -0.07536, 1.18294, 0.39034, 0.00825, -0.01658, 0.99822, -0.05677
3768015,1578642403722799,1,1,1,1,0,1,1,1,1,0,0.12393188,0.19781494,0.97236633,0.14173889,0.20513916,0.96839905,33.45172119,0.39186096,-28.61650085,-25.46240234,1.41247559,-22.66372681,0,0.0,4.34790039,4.34790039,1.0,1.0,1578642403722811,252428650957, HMD, -0.07535, 1.18294, 0.39034, 0.00824, -0.01658, 0.99822, -0.05677
3768023,1578642403726023,1,1,1,1,0,1,1,1,1,0,0.1232605,0.19651794,0.97271729,0.14219666,0.20541382,0.96827698,33.45378113,0.39802551,-28.64654541,-25.4657135,1.41038513,-22.6632843,0,0.0,4.33078003,4.33078003,1.0,1.0,1578642403725941,252428682271, HMD, -0.07534, 1.18294, 0.39033, 0.00822, -0.01658, 0.99822, -0.05676
3768023,1578642403730025,1,1,1,1,0,1,1,1,1,0,0.1232605,0.19651794,0.97271729,0.14219666,0.20541382,0.96827698,33.45378113,0.39802551,-28.64654541,-25.4657135,1.41038513,-22.6632843,0,0.0,4.33078003,4.33078003,1.0,1.0,1578642403726330,252428686143, HMD, -0.07534, 1.18294, 0.39033, 0.00821, -0.01658, 0.99822, -0.05676
3768032,1578642403733078,1,1,1,1,0,1,1,1,1,0,0.12277222,0.19525146,0.97302246,0.14216614,0.20516968,0.96833801,33.45585632,0.40419006,-28.67657471,-25.46688843,1.40856934,-22.65576172,0,0.0,4.31419373,4.31419373,1.0,1.0,1578642403735485,252428777701, HMD, -0.07534, 1.18295, 0.39036, 0.00816, -0.01659, 0.99822, -0.05673
3768032,1578642403737082,1,1,1,1,0,1,1,1,1,0,0.12277222,0.19525146,0.97302246,0.14216614,0.20516968,0.96833801,33.45585632,0.40419006,-28.67657471,-25.46688843,1.40856934,-22.65576172,0,0.0,4.31419373,4.31419373,1.0,1.0,1578642403737102,252428793867, HMD, -0.07534, 1.18295, 0.39036, 0.00815, -0.01659, 0.99822, -0.05673
3768040,1578642403741091,1,1,1,1,0,1,1,1,1,0,0.12219238,0.19519043,0.97311401,0.14215088,0.2049408,0.96838379,33.45898438,0.40736389,-28.68972778,-25.46806335,1.4067688,-22.64823914,0,0.0,4.31173706,4.31173706,1.0,1.0,1578642403738719,252428810029, HMD, -0.07534, 1.18295, 0.39036, 0.00814, -0.01660, 0.99822, -0.05672
3768040,1578642403745101,1,1,1,1,0,1,1,1,1,0,0.12219238,0.19519043,0.97311401,0.14215088,0.2049408,0.96838379,33.45898438,0.40736389,-28.68972778,-25.46806335,1.4067688,-22.64823914,0,0.0,4.31173706,4.31173706,1.0,1.0,1578642403747272,252428895576, HMD, -0.07532, 1.18293, 0.39037, 0.00807, -0.01658, 0.99822, -0.05668
3768048,1578642403749100,1,1,1,1,0,1,1,1,1,0,0.12161255,0.19514465,0.97319031,0.14201355,0.20465088,0.96846008,33.46212769,0.41055298,-28.7028656,-25.46806335,1.4067688,-22.64823914,0,0.0,4.30935669,4.30935669,1.0,1.0,1578642403749111,252428913953, HMD, -0.07532, 1.18293, 0.39038, 0.00805, -0.01659, 0.99822, -0.05667
3768048,1578642403753097,1,1,1,1,0,1,1,1,1,0,0.12161255,0.19514465,0.97319031,0.14201355,0.20465088,0.96846008,33.46212769,0.41055298,-28.7028656,-25.46806335,1.4067688,-22.64823914,0,0.0,4.30935669,4.30935669,1.0,1.0,1578642403750878,252428931626, HMD, -0.07531, 1.18293, 0.39038, 0.00803, -0.01658, 0.99822, -0.05666
3768048,1578642403757105,1,1,1,1,0,1,1,1,1,0,0.12139893,0.19442749,0.97337341,0.14117432,0.20350647,0.96882629,33.46525574,0.41072083,-28.70335388,-25.46806335,1.4067688,-22.64823914,0,0.0,4.29649353,4.29649353,1.0,1.0,1578642403750878,252428931626, HMD, -0.07531, 1.18293, 0.39038, 0.00803, -0.01658, 0.99822, -0.05666
3768057,1578642403761105,1,1,1,1,0,1,1,1,1,0,0.12139893,0.19442749,0.97337341,0.14117432,0.20350647,0.96882629,33.46525574,0.41072083,-28.70335388,-25.46806335,1.4067688,-22.64823914,0,0.0,4.29649353,4.29649353,1.0,1.0,1578642403763476,252429057606, HMD, -0.07529, 1.18292, 0.39039, 0.00794, -0.01652, 0.99823, -0.05661
3768065,1578642403769079,1,1,1,1,0,1,1,1,1,0,0.12115479,0.19474792,0.97332764,0.14074707,0.20304871,0.96899414,33.46838379,0.41088867,-28.70384216,-25.46806335,1.4067688,-22.64823914,0,0.0,4.28440857,4.28440857,1.0,1.0,1578642403766849,252429091338, HMD, -0.07528, 1.18292, 0.39041, 0.00791, -0.01649, 0.99823, -0.05659
3768065,1578642403773086,1,1,1,1,0,1,1,1,1,0,0.12115479,0.19474792,0.97332764,0.14074707,0.20304871,0.96899414,33.46838379,0.41088867,-28.70384216,-25.46806335,1.4067688,-22.64823914,0,0.0,4.28440857,4.28440857,1.0,1.0,1578642403766849,252429091338, HMD, -0.07528, 1.18292, 0.39041, 0.00791, -0.01649, 0.99823, -0.05659
3768073,1578642403777079,1,1,1,1,0,1,1,1,1,0,0.12014771,0.19540405,0.97332764,0.14141846,0.20222473,0.96907043,33.47036743,0.41104126,-28.71366882,-25.47186279,1.4067688,-22.64823914,0,0.0,4.28164673,4.28164673,1.0,1.0,1578642403766849,252429091338, HMD, -0.07528, 1.18292, 0.39041, 0.00791, -0.01649, 0.99823, -0.05659
3768090,1578642403793073,1,1,1,1,0,1,1,1,1,0,0.11894226,0.19552612,0.97344971,0.13769531,0.20443726,0.96913147,33.47715759,0.41442871,-28.72859192,-25.47636414,1.38923645,-22.62094116,0,0.0,4.271698,4.271698,1.0,1.0,1578642403793088,252429353724, HMD, -0.07524, 1.18287, 0.39046, 0.00772, -0.01637, 0.99824, -0.05645
3768090,1578642403796537,1,1,1,1,0,1,1,1,1,0,0.11894226,0.19552612,0.97344971,0.13769531,0.20443726,0.96913147,33.47715759,0.41442871,-28.72859192,-25.47636414,1.38923645,-22.62094116,0,0.0,4.271698,4.271698,1.0,1.0,1578642403796440,252429387248, HMD, -0.07523, 1.18286, 0.39047, 0.00771, -0.01633, 0.99824, -0.05643
3768098,1578642403800096,1,1,1,1,0,1,1,1,1,0,0.11917114,0.19487,0.97355652,0.13848877,0.20515442,0.96887207,33.47964478,0.41851807,-28.73724365,-25.47976685,1.38189697,-22.60597229,0,0.0,4.27096558,4.27096558,1.0,1.0,1578642403796440,252429387248, HMD, -0.07523, 1.18286, 0.39047, 0.00771, -0.01633, 0.99824, -0.05643
3768098,1578642403804118,1,1,1,1,0,1,1,1,1,0,0.11917114,0.19487,0.97355652,0.13848877,0.20515442,0.96887207,33.47964478,0.41851807,-28.73724365,-25.47976685,1.38189697,-22.60597229,0,0.0,4.27096558,4.27096558,1.0,1.0,1578642403809513,252429518014, HMD, -0.07521, 1.18286, 0.39050, 0.00762, -0.01632, 0.99825, -0.05640
3768098,1578642403808103,1,1,1,1,0,1,1,1,1,0,0.11894226,0.19393921,0.97377014,0.13920593,0.20439148,0.96893311,33.48144531,0.41958618,-28.74230957,-25.48324585,1.37924194,-22.59246826,0,0.0,4.26504517,4.26504517,1.0,1.0,1578642403809513,252429518014, HMD, -0.07521, 1.18286, 0.39050, 0.00762, -0.01632, 0.99825, -0.05640
3768107,1578642403813078,1,1,1,1,0,1,1,1,1,0,0.11894226,0.19393921,0.97377014,0.13920593,0.20439148,0.96893311,33.48144531,0.41958618,-28.74230957,-25.48324585,1.37924194,-22.59246826,0,0.0,4.26504517,4.26504517,1.0,1.0,1578642403813070,252429553548, HMD, -0.07524, 1.18288, 0.39051, 0.00760, -0.01632, 0.99825, -0.05639
3768115,1578642403817075,1,1,1,1,0,1,1,1,1,0,0.11863708,0.19534302,0.973526,0.13876343,0.20571899,0.96871948,33.48216248,0.42129517,-28.76876831,-25.48703003,1.37013245,-22.57835388,0,0.0,4.26147461,4.26147461,1.0,1.0,1578642403813900,252429561846, HMD, -0.07524, 1.18287, 0.39051, 0.00760, -0.01632, 0.99825, -0.05641
3768115,1578642403820766,1,1,1,1,0,1,1,1,1,0,0.11863708,0.19534302,0.973526,0.13876343,0.20571899,0.96871948,33.48216248,0.42129517,-28.76876831,-25.48703003,1.37013245,-22.57835388,0,0.0,4.26147461,4.26147461,1.0,1.0,1578642403813900,252429561846, HMD, -0.07524, 1.18287, 0.39051, 0.00760, -0.01632, 0.99825, -0.05641
3768123,1578642403824757,1,1,1,1,0,1,1,1,1,0,0.11985779,0.19555664,0.97332764,0.13754272,0.20539856,0.96894836,33.48410034,0.42207336,-28.77764893,-25.48980713,1.36985779,-22.57279968,0,0.0,4.24359131,4.24359131,1.0,1.0,1578642403835334,252429776219, HMD, -0.07520, 1.18289, 0.39057, 0.00751, -0.01635, 0.99824, -0.05644
3768123,1578642403828812,1,1,1,1,0,1,1,1,1,0,0.11985779,0.19555664,0.97332764,0.13754272,0.20539856,0.96894836,33.48410034,0.42207336,-28.77764893,-25.48980713,1.36985779,-22.57279968,0,0.0,4.24359131,4.24359131,1.0,1.0,1578642403835334,252429776219, HMD, -0.07520, 1.18289, 0.39057, 0.00751, -0.01635, 0.99824, -0.05644
3768132,1578642403835852,1,1,1,1,0,1,1,1,1,0,0.10446167,0.1774292,0.9785614,0.1378479,0.20649719,0.96867371,33.55392456,0.77780151,-29.94111633,-25.49284363,1.36203003,-22.56117249,0,0.0,4.1083374,4.1083374,1.0,1.0,1578642403835871,252429781551, HMD, -0.07520, 1.18289, 0.39057, 0.00751, -0.01635, 0.99824, -0.05644
3768132,1578642403839841,1,1,1,1,0,1,1,1,1,0,0.10446167,0.1774292,0.9785614,0.1378479,0.20649719,0.96867371,33.55392456,0.77780151,-29.94111633,-25.49284363,1.36203003,-22.56117249,0,0.0,4.1083374,4.1083374,1.0,1.0,1578642403839237,252429815213, HMD, -0.07520, 1.18289, 0.39058, 0.00750, -0.01637, 0.99824, -0.05645
3768140,1578642403843359,1,1,1,1,0,1,1,1,1,0,0.12295532,0.19116211,0.97381592,0.13447571,0.2046051,0.96955872,33.66159058,0.77003479,-29.86776733,-25.27919006,1.51249695,-23.00389099,0,0.0,4.15957642,4.15957642,1.0,1.0,1578642403839237,252429815213, HMD, -0.07520, 1.18289, 0.39058, 0.00750, -0.01637, 0.99824, -0.05645
3768140,1578642403847361,1,1,1,1,0,1,1,1,1,0,0.12295532,0.19116211,0.97381592,0.13447571,0.2046051,0.96955872,33.66159058,0.77003479,-29.86776733,-25.27919006,1.51249695,-23.00389099,0,0.0,4.15957642,4.15957642,1.0,1.0,1578642403851626,252429939115, HMD, -0.07518, 1.18291, 0.39059, 0.00745, -0.01641, 0.99824, -0.05649
3768148,1578642403851372,1,1,1,1,0,1,1,1,1,0,0.18307495,0.18222046,0.96604919,0.17451477,0.23738098,0.95559692,33.78463745,1.25906372,-31.09301758,-24.96966553,1.51301575,-23.04627991,0,0.0,4.17469788,4.17469788,1.0,1.0,1578642403851626,252429939115, HMD, -0.07518, 1.18291, 0.39059, 0.00745, -0.01641, 0.99824, -0.05649
3768148,1578642403855367,1,1,1,1,0,1,1,1,1,0,0.18307495,0.18222046,0.96604919,0.17451477,0.23738098,0.95559692,33.78463745,1.25906372,-31.09301758,-24.96966553,1.51301575,-23.04627991,0,0.0,4.17469788,4.17469788,1.0,1.0,1578642403854730,252429970147, HMD, -0.07519, 1.18291, 0.39061, 0.00747, -0.01641, 0.99824, -0.05649
3768157,1578642403859353,1,1,1,1,0,1,1,1,1,0,0.19108582,0.20166016,0.96061707,0.26628113,0.26849365,0.92573547,34.03895569,1.44128418,-31.7913208,-24.87792969,0.98338318,-21.22885132,0,0.0,4.1552887,4.1552887,1.0,1.0,1578642403854730,252429970147, HMD, -0.07519, 1.18291, 0.39061, 0.00747, -0.01641, 0.99824, -0.05649
3768157,1578642403863379,1,1,1,1,0,1,1,1,1,0,0.19108582,0.20166016,0.96061707,0.26628113,0.26849365,0.92573547,34.03895569,1.44128418,-31.7913208,-24.87792969,0.98338318,-21.22885132,0,0.0,4.1552887,4.1552887,1.0,1.0,1578642403864916,252430072025, HMD, -0.07521, 1.18291, 0.39063, 0.00744, -0.01645, 0.99824, -0.05653
3768165,1578642403867374,1,1,1,1,0,1,1,1,1,0,0.23077393,0.24110413,0.94265747,0.2064209,0.22499084,0.95223999,34.19866943,1.01902771,-30.70401001,-24.31463623,2.46434021,-26.35134888,0,0.0,4.24855042,4.24855042,1.0,1.0,1578642403867435,252430097197, HMD, -0.07521, 1.18291, 0.39063, 0.00745, -0.01646, 0.99824, -0.05653
3768165,1578642403870981,1,1,1,1,0,1,1,1,1,0,0.23077393,0.24110413,0.94265747,0.2064209,0.22499084,0.95223999,34.19866943,1.01902771,-30.70401001,-24.31463623,2.46434021,-26.35134888,0,0.0,4.24855042,4.24855042,1.0,1.0,1578642403868299,252430105835, HMD, -0.07521, 1.18291, 0.39064, 0.00745, -0.01646, 0.99824, -0.05654
3768165,1578642403875728,1,1,1,1,0,1,1,1,1,0,0.25843811,0.2171936,0.94128418,0.23152161,0.22889709,0.94551086,34.35317993,1.23516846,-31.34613037,-24.21392822,2.51977539,-26.66900635,0,0.0,4.17536926,4.17536926,1.0,1.0,1578642403879487,252430217735, HMD, -0.07526, 1.18294, 0.39068, 0.00745, -0.01653, 0.99824, -0.05654
3768173,1578642403879720,1,1,1,1,0,1,1,1,1,0,0.25843811,0.2171936,0.94128418,0.23152161,0.22889709,0.94551086,34.35317993,1.23516846,-31.34613037,-24.21392822,2.51977539,-26.66900635,0,0.0,4.17536926,4.17536926,1.0,1.0,1578642403879774,252430220587, HMD, -0.07526, 1.18294, 0.39068, 0.00745, -0.01653, 0.99824, -0.05654
3768181,1578642403883708,1,1,1,1,0,1,1,1,1,0,0.25479126,0.20742798,0.94447327,0.24569702,0.23306274,0.94090271,34.40403748,1.28060913,-31.52233887,-24.20405579,2.42877197,-26.30580139,0,0.0,4.11645508,4.11645508,1.0,1.0,1578642403883238,252430255227, HMD, -0.07526, 1.18294, 0.39069, 0.00745, -0.01654, 0.99824, -0.05654
3768181,1578642403887729,1,1,1,1,0,1,1,1,1,0,0.25479126,0.20742798,0.94447327,0.24569702,0.23306274,0.94090271,34.40403748,1.28060913,-31.52233887,-24.20405579,2.42877197,-26.30580139,0,0.0,4.11645508,4.11645508,1.0,1.0,1578642403883238,252430255227, HMD, -0.07526, 1.18294, 0.39069, 0.00745, -0.01654, 0.99824, -0.05654
3768190,1578642403891716,1,1,1,1,0,1,1,1,1,0,0.26896667,0.20747375,0.94052124,0.24035645,0.23226929,0.94247437,34.40985107,1.18511963,-31.25564575,-24.22999573,2.43237305,-26.32295227,0,0.0,4.20202637,4.20202637,1.0,1.0,1578642403892799,252430350843, HMD, -0.07526, 1.18298, 0.39070, 0.00745, -0.01657, 0.99824, -0.05653
3768190,1578642403895711,1,1,1,1,0,1,1,1,1,0,0.26896667,0.20747375,0.94052124,0.24035645,0.23226929,0.94247437,34.40985107,1.18511963,-31.25564575,-24.22999573,2.43237305,-26.32295227,0,0.0,4.20202637,4.20202637,1.0,1.0,1578642403895664,252430379480, HMD, -0.07524, 1.18297, 0.39070, 0.00744, -0.01659, 0.99824, -0.05651
3768198,1578642403899721,1,1,1,1,0,1,1,1,1,0,0.27243042,0.2097168,0.93902588,0.23535156,0.23419189,0.94326782,34.4083252,1.10325623,-31.01025391,-24.24757385,2.38642883,-26.16749573,0,0.0,4.18815613,4.18815613,1.0,1.0,1578642403895993,252430382778, HMD, -0.07524, 1.18297, 0.39070, 0.00744, -0.01660, 0.99824, -0.05651
3768198,1578642403903731,1,1,1,1,0,1,1,1,1,0,0.27243042,0.2097168,0.93902588,0.23535156,0.23419189,0.94326782,34.4083252,1.10325623,-31.01025391,-24.24757385,2.38642883,-26.16749573,0,0.0,4.18815613,4.18815613,1.0,1.0,1578642403909617,252430519028, HMD, -0.07527, 1.18296, 0.39073, 0.00745, -0.01666, 0.99824, -0.05646
3768206,1578642403907721,1,1,1,1,0,1,1,1,1,0,0.27500916,0.21499634,0.93708801,0.24081421,0.23214722,0.94238281,34.40985107,1.02139282,-30.7648468,-24.25115967,2.35902405,-26.07009888,0,0.0,4.22416687,4.22416687,1.0,1.0,1578642403909617,252430519028, HMD, -0.07527, 1.18296, 0.39073, 0.00745, -0.01666, 0.99824, -0.05646
3768206,1578642403911738,1,1,1,1,0,1,1,1,1,0,0.27500916,0.21499634,0.93708801,0.24081421,0.23214722,0.94238281,34.40985107,1.02139282,-30.7648468,-24.25115967,2.35902405,-26.07009888,0,0.0,4.22416687,4.22416687,1.0,1.0,1578642403911652,252430539363, HMD, -0.07526, 1.18296, 0.39073, 0.00748, -0.01666, 0.99824, -0.05643
3768223,1578642403924706,1,1,1,1,0,1,1,1,1,0,0.27540588,0.21566772,0.93681335,0.23434448,0.23223877,0.94400024,34.41564941,1.00933838,-30.73260498,-24.25334167,2.35902405,-26.07009888,0,0.0,4.21629333,4.21629333,1.0,1.0,1578642403924657,252430669420, HMD, -0.07526, 1.18296, 0.39077, 0.00750, -0.01671, 0.99824, -0.05639
3768223,1578642403928711,1,1,1,1,0,1,1,1,1,0,0.27540588,0.21566772,0.93681335,0.23434448,0.23223877,0.94400024,34.41564941,1.00933838,-30.73260498,-24.25334167,2.35902405,-26.07009888,0,0.0,4.21629333,4.21629333,1.0,1.0,1578642403928269,252430705532, HMD, -0.07525, 1.18296, 0.39078, 0.00750, -0.01673, 0.99824, -0.05638
3768231,1578642403933693,1,1,1,1,0,1,1,1,1,0,0.27374268,0.21414185,0.93765259,0.23735046,0.23254395,0.94316101,34.42001343,1.00732422,-30.72381592,-24.25396729,2.3633728,-26.08280945,0,0.0,4.20407104,4.20407104,1.0,1.0,1578642403936994,252430792800, HMD, -0.07519, 1.18292, 0.39078, 0.00753, -0.01674, 0.99824, -0.05635
3768231,1578642403937694,1,1,1,1,0,1,1,1,1,0,0.27374268,0.21414185,0.93765259,0.23735046,0.23254395,0.94316101,34.42001343,1.00732422,-30.72381592,-24.25396729,2.3633728,-26.08280945,0,0.0,4.20407104,4.20407104,1.0,1.0,1578642403937630,252430799144, HMD, -0.07519, 1.18292, 0.39078, 0.00753, -0.01674, 0.99824, -0.05634
3768240,1578642403942698,1,1,1,1,0,1,1,1,1,0,0.27346802,0.21548462,0.93742371,0.23750305,0.23158264,0.94335938,34.4243927,1.0052948,-30.71697998,-24.25457764,2.3677063,-26.09552002,0,0.0,4.2154541,4.2154541,1.0,1.0,1578642403940069,252430823530, HMD, -0.07519, 1.18291, 0.39078, 0.00753, -0.01675, 0.99824, -0.05634
3768240,1578642403946710,1,1,1,1,0,1,1,1,1,0,0.27346802,0.21548462,0.93742371,0.23750305,0.23158264,0.94335938,34.4243927,1.0052948,-30.71697998,-24.25457764,2.3677063,-26.09552002,0,0.0,4.2154541,4.2154541,1.0,1.0,1578642403949783,252430920693, HMD, -0.07516, 1.18292, 0.39081, 0.00752, -0.01675, 0.99824, -0.05632
3768248,1578642403950691,1,1,1,1,0,1,1,1,1,0,0.27252197,0.2166748,0.93742371,0.2394104,0.2303009,0.94319153,34.42860413,1.00732422,-30.72415161,-24.25650024,2.36875916,-26.09855652,0,0.0,4.20533752,4.20533752,1.0,1.0,1578642403950744,252430930284, HMD, -0.07516, 1.18292, 0.39081, 0.00752, -0.01674, 0.99824, -0.05632
3768248,1578642403954690,1,1,1,1,0,1,1,1,1,0,0.27252197,0.2166748,0.93742371,0.2394104,0.2303009,0.94319153,34.42860413,1.00732422,-30.72415161,-24.25650024,2.36875916,-26.09855652,0,0.0,4.20533752,4.20533752,1.0,1.0,1578642403952956,252430952404, HMD, -0.07515, 1.18292, 0.39081, 0.00753, -0.01674, 0.99824, -0.05631
3768256,1578642403958708,1,1,1,1,0,1,1,1,1,0,0.27154541,0.21760559,0.9375,0.23835754,0.22888184,0.94381714,34.43283081,1.00933838,-30.73132324,-24.25840759,2.36982727,-26.10159302,0,0.0,4.21603394,4.21603394,1.0,1.0,1578642403952956,252430952404, HMD, -0.07515, 1.18292, 0.39081, 0.00753, -0.01674, 0.99824, -0.05631
3768256,1578642403962238,1,1,1,1,0,1,1,1,1,0,0.27154541,0.21760559,0.9375,0.23835754,0.22888184,0.94381714,34.43283081,1.00933838,-30.73132324,-24.25840759,2.36982727,-26.10159302,0,0.0,4.21603394,4.21603394,1.0,1.0,1578642403964600,252431068872, HMD, -0.07513, 1.18292, 0.39084, 0.00749, -0.01674, 0.99825, -0.05628
3768265,1578642403966248,1,1,1,1,0,1,1,1,1,0,0.27116394,0.21775818,0.93756104,0.23648071,0.22744751,0.94462585,34.43560791,1.01011658,-30.73196411,-24.25880432,2.37620544,-26.12960815,0,0.0,4.21838379,4.21838379,1.0,1.0,1578642403966195,252431084798, HMD, -0.07513, 1.18292, 0.39085, 0.00749, -0.01674, 0.99825, -0.05627
3768265,1578642403970270,1,1,1,1,0,1,1,1,1,0,0.27116394,0.21775818,0.93756104,0.23648071,0.22744751,0.94462585,34.43560791,1.01011658,-30.73196411,-24.25880432,2.37620544,-26.12960815,0,0.0,4.21838379,4.21838379,1.0,1.0,1578642403967748,252431100328, HMD, -0.07513, 1.18292, 0.39085, 0.00749, -0.01673, 0.99825, -0.05627
3768273,1578642403973309,1,1,1,1,0,1,1,1,1,0,0.2702179,0.21717834,0.93797302,0.23597717,0.22911072,0.9443512,34.43836975,1.01091003,-30.73260498,-24.25918579,2.38258362,-26.15763855,0,0.0,4.21949768,4.21949768,1.0,1.0,1578642403967748,252431100328, HMD, -0.07513, 1.18292, 0.39085, 0.00749, -0.01673, 0.99825, -0.05627
3768273,1578642403977307,1,1,1,1,0,1,1,1,1,0,0.2702179,0.21717834,0.93797302,0.23597717,0.22911072,0.9443512,34.43836975,1.01091003,-30.73260498,-24.25918579,2.38258362,-26.15763855,0,0.0,4.21949768,4.21949768,1.0,1.0,1578642403967748,252431100328, HMD, -0.07513, 1.18292, 0.39085, 0.00749, -0.01673, 0.99825, -0.05627
3768273,1578642403981307,1,1,1,1,0,1,1,1,1,0,0.2702179,0.21717834,0.93797302,0.23597717,0.22911072,0.9443512,34.43836975,1.01091003,-30.73260498,-24.25918579,2.38258362,-26.15763855,0,0.0,4.21949768,4.21949768,1.0,1.0,1578642403990985,252431332703, HMD, -0.07509, 1.18291, 0.39092, 0.00738, -0.01672, 0.99825, -0.05616
3768290,1578642403991583,1,1,1,1,0,1,1,1,1,0,0.2694397,0.21748352,0.93812561,0.23478699,0.22880554,0.94471741,34.44410706,1.00933838,-30.73132324,-24.26222229,2.39772034,-26.20910645,0,0.0,4.22441101,4.22441101,1.0,1.0,1578642403991521,252431338055, HMD, -0.07509, 1.18291, 0.39092, 0.00738, -0.01672, 0.99825, -0.05616
3768290,1578642403995371,1,1,1,1,0,1,1,1,1,0,0.2694397,0.21748352,0.93812561,0.23478699,0.22880554,0.94471741,34.44410706,1.00933838,-30.73132324,-24.26222229,2.39772034,-26.20910645,0,0.0,4.22441101,4.22441101,1.0,1.0,1578642403994593,252431368773, HMD, -0.07507, 1.18289, 0.39091, 0.00736, -0.01672, 0.99826, -0.05614
3768298,1578642403999592,1,1,1,1,0,1,1,1,1,0,0.26971436,0.21788025,0.93795776,0.23631287,0.22903442,0.94429016,34.4468689,1.00732422,-30.72415161,-24.26493835,2.39015198,-26.18338013,0,0.0,4.22618103,4.22618103,1.0,1.0,1578642404003306,252431455939, HMD, -0.07507, 1.18287, 0.39092, 0.00730, -0.01674, 0.99826, -0.05609
3768298,1578642404003249,1,1,1,1,0,1,1,1,1,0,0.26971436,0.21788025,0.93795776,0.23631287,0.22903442,0.94429016,34.4468689,1.00732422,-30.72415161,-24.26493835,2.39015198,-26.18338013,0,0.0,4.22618103,4.22618103,1.0,1.0,1578642404003306,252431455939, HMD, -0.07507, 1.18287, 0.39092, 0.00730, -0.01674, 0.99826, -0.05609
3768306,1578642404007240,1,1,1,1,0,1,1,1,1,0,0.26971436,0.21788025,0.93795776,0.23631287,0.22903442,0.94429016,34.4468689,1.00732422,-30.72415161,-24.26493835,2.39015198,-26.18338013,0,0.0,4.22618103,4.22618103,1.0,1.0,1578642404006523,252431488078, HMD, -0.07507, 1.18286, 0.39093, 0.00727, -0.01675, 0.99826, -0.05606
3768306,1578642404011236,1,1,1,1,0,1,1,1,1,0,0.27003479,0.21757507,0.9379425,0.24551392,0.23410034,0.94068909,34.44961548,1.0052948,-30.71697998,-24.26763916,2.38258362,-26.15763855,0,0.0,4.2272644,4.2272644,1.0,1.0,1578642404006523,252431488078, HMD, -0.07507, 1.18286, 0.39093, 0.00727, -0.01675, 0.99826, -0.05606
3768306,1578642404015262,1,1,1,1,0,1,1,1,1,0,0.27003479,0.21757507,0.9379425,0.24551392,0.23410034,0.94068909,34.44961548,1.0052948,-30.71697998,-24.26763916,2.38258362,-26.15763855,0,0.0,4.2272644,4.2272644,1.0,1.0,1578642404016052,252431583374, HMD, -0.07506, 1.18284, 0.39094, 0.00719, -0.01677, 0.99826, -0.05599
3768315,1578642404019256,1,1,1,1,0,1,1,1,1,0,0.2689209,0.21846008,0.93804932,0.24633789,0.23355103,0.94061279,34.45559692,1.0043335,-30.71502686,-24.26901245,2.37620544,-26.12960815,0,0.0,4.23687744,4.23687744,1.0,1.0,1578642404019138,252431614226, HMD, -0.07506, 1.18283, 0.39094, 0.00716, -0.01679, 0.99827, -0.05596
3768315,1578642404023246,1,1,1,1,0,1,1,1,1,0,0.2689209,0.21846008,0.93804932,0.24633789,0.23355103,0.94061279,34.45559692,1.0043335,-30.71502686,-24.26901245,2.37620544,-26.12960815,0,0.0,4.23687744,4.23687744,1.0,1.0,1578642404019138,252431614226, HMD, -0.07506, 1.18283, 0.39094, 0.00716, -0.01679, 0.99827, -0.05596
3768323,1578642404027236,1,1,1,1,0,1,1,1,1,0,0.26843262,0.21784973,0.93832397,0.2462616,0.23252869,0.94088745,34.45895386,1.00428772,-30.70301819,-24.27038574,2.36982727,-26.10159302,0,0.0,4.25215149,4.25215149,1.0,1.0,1578642404031727,252431740129, HMD, -0.07501, 1.18281, 0.39096, 0.00703, -0.01684, 0.99827, -0.05585
3768323,1578642404031245,1,1,1,1,0,1,1,1,1,0,0.26838684,0.21817017,0.93826294,0.2467804,0.23164368,0.94096375,34.46229553,0.99621582,-30.68518066,-24.27360535,2.36982727,-26.10159302,0,0.0,4.26727295,4.26727295,1.0,1.0,1578642404031727,252431740129, HMD, -0.07501, 1.18281, 0.39096, 0.00703, -0.01684, 0.99827, -0.05585
3768331,1578642404035255,1,1,1,1,0,1,1,1,1,0,0.26838684,0.21817017,0.93826294,0.2467804,0.23164368,0.94096375,34.46229553,0.99621582,-30.68518066,-24.27360535,2.36982727,-26.10159302,0,0.0,4.26727295,4.26727295,1.0,1.0,1578642404034818,252431771021, HMD, -0.07500, 1.18281, 0.39097, 0.00703, -0.01685, 0.99827, -0.05582
3768331,1578642404039243,1,1,1,1,0,1,1,1,1,0,0.26838684,0.21817017,0.93826294,0.2467804,0.23164368,0.94096375,34.46229553,0.99621582,-30.68518066,-24.27360535,2.36982727,-26.10159302,0,0.0,4.26727295,4.26727295,1.0,1.0,1578642404034818,252431771021, HMD, -0.07500, 1.18281, 0.39097, 0.00703, -0.01685, 0.99827, -0.05582
3768340,1578642404043220,1,1,1,1,0,1,1,1,1,0,0.26820374,0.21923828,0.93806458,0.24736023,0.23155212,0.94084167,34.463974,0.99424744,-30.68406677,-24.27577209,2.36982727,-26.10159302,0,0.0,4.26786804,4.26786804,1.0,1.0,1578642404049643,252431919286, HMD, -0.07499, 1.18275, 0.39098, 0.00688, -0.01690, 0.99828, -0.05567
3768340,1578642404047242,1,1,1,1,0,1,1,1,1,0,0.26820374,0.21923828,0.93806458,0.24736023,0.23155212,0.94084167,34.463974,0.99424744,-30.68406677,-24.27577209,2.36982727,-26.10159302,0,0.0,4.26786804,4.26786804,1.0,1.0,1578642404049643,252431919286, HMD, -0.07499, 1.18275, 0.39098, 0.00688, -0.01690, 0.99828, -0.05567
3768348,1578642404051222,1,1,1,1,0,1,1,1,1,0,0.26782227,0.2190094,0.93823242,0.2431488,0.23158264,0.94192505,34.46702576,0.97294617,-30.61141968,-24.27784729,2.36982727,-26.10159302,0,0.0,4.27818298,4.27818298,1.0,1.0,1578642404051289,252431935733, HMD, -0.07499, 1.18275, 0.39098, 0.00686, -0.01690, 0.99828, -0.05566
3768348,1578642404055232,1,1,1,1,0,1,1,1,1,0,0.26782227,0.2190094,0.93823242,0.2431488,0.23158264,0.94192505,34.46702576,0.97294617,-30.61141968,-24.27784729,2.36982727,-26.10159302,0,0.0,4.27818298,4.27818298,1.0,1.0,1578642404052939,252431952234, HMD, -0.07494, 1.18272, 0.39097, 0.00686, -0.01688, 0.99828, -0.05565
3768356,1578642404059271,1,1,1,1,0,1,1,1,1,0,0.26789856,0.21987915,0.93800354,0.29801941,0.26679993,0.91650391,34.46784973,0.96307373,-30.57489014,-24.3724823,1.43238831,-22.82147217,0,0.0,4.28451538,4.28451538,1.0,1.0,1578642404065015,252432073018, HMD, -0.07493, 1.18267, 0.39098, 0.00673, -0.01690, 0.99829, -0.05555
3768356,1578642404063231,1,1,1,1,0,1,1,1,1,0,0.26789856,0.21987915,0.93800354,0.29801941,0.26679993,0.91650391,34.46784973,0.96307373,-30.57489014,-24.3724823,1.43238831,-22.82147217,0,0.0,4.28451538,4.28451538,1.0,1.0,1578642404065015,252432073018, HMD, -0.07493, 1.18267, 0.39098, 0.00673, -0.01690, 0.99829, -0.05555
3768365,1578642404067238,1,1,1,1,0,1,1,1,1,0,0.26792908,0.21903992,0.9382019,0.30175781,0.26525879,0.91572571,34.46879578,0.96307373,-30.57489014,-24.37518311,1.3609314,-22.49969482,0,0.0,4.28372192,4.28372192,1.0,1.0,1578642404067270,252432095545, HMD, -0.07492, 1.18267, 0.39098, 0.00671, -0.01690, 0.99829, -0.05554
3768365,1578642404071255,1,1,1,1,0,1,1,1,1,0,0.26792908,0.21903992,0.9382019,0.30175781,0.26525879,0.91572571,34.46879578,0.96307373,-30.57489014,-24.37518311,1.3609314,-22.49969482,0,0.0,4.28372192,4.28372192,1.0,1.0,1578642404068345,252432106295, HMD, -0.07492, 1.18266, 0.39098, 0.00670, -0.01690, 0.99829, -0.05553
3768373,1578642404075232,1,1,1,1,0,1,1,1,1,0,0.26864624,0.21850586,0.93811035,0.29902649,0.26405334,0.91697693,34.46963501,0.96307373,-30.57489014,-24.37750244,1.3609314,-22.47972107,0,0.0,4.28773499,4.28773499,1.0,1.0,1578642404080480,252432227653, HMD, -0.07496, 1.18266, 0.39099, 0.00659, -0.01689, 0.99830, -0.05543
3768373,1578642404079228,1,1,1,1,0,1,1,1,1,0,0.26864624,0.21850586,0.93811035,0.29902649,0.26405334,0.91697693,34.46963501,0.96307373,-30.57489014,-24.37750244,1.3609314,-22.47972107,0,0.0,4.28773499,4.28773499,1.0,1.0,1578642404080480,252432227653, HMD, -0.07496, 1.18266, 0.39099, 0.00659, -0.01689, 0.99830, -0.05543
3768381,1578642404083214,1,1,1,1,0,1,1,1,1,0,0.26855469,0.21861267,0.93811035,0.29959106,0.26408386,0.91677856,34.46987915,0.96307373,-30.57489014,-24.38139343,1.3609314,-22.47419739,0,0.0,4.2991333,4.2991333,1.0,1.0,1578642404083167,252432254518, HMD, -0.07496, 1.18266, 0.39099, 0.00656, -0.01688, 0.99830, -0.05541
3768381,1578642404087232,1,1,1,1,0,1,1,1,1,0,0.26855469,0.21861267,0.93811035,0.29959106,0.26408386,0.91677856,34.46987915,0.96307373,-30.57489014,-24.38139343,1.3609314,-22.47419739,0,0.0,4.2991333,4.2991333,1.0,1.0,1578642404084456,252432267405, HMD, -0.07494, 1.18267, 0.39100, 0.00655, -0.01687, 0.99830, -0.05540
3768390,1578642404091226,1,1,1,1,0,1,1,1,1,0,0.27151489,0.21917725,0.93713379,0.29890442,0.26356506,0.91716003,34.46994019,0.96307373,-30.57489014,-24.38407898,1.3609314,-22.47419739,0,0.0,4.32194519,4.32194519,1.0,1.0,1578642404092788,252432350730, HMD, -0.07494, 1.18264, 0.39102, 0.00648, -0.01690, 0.99830, -0.05535
3768390,1578642404095225,1,1,1,1,0,1,1,1,1,0,0.27151489,0.21917725,0.93713379,0.29890442,0.26356506,0.91716003,34.46994019,0.96307373,-30.57489014,-24.38407898,1.3609314,-22.47419739,0,0.0,4.32194519,4.32194519,1.0,1.0,1578642404095237,252432375217, HMD, -0.07494, 1.18264, 0.39102, 0.00646, -0.01689, 0.99830, -0.05534
3768398,1578642404099223,1,1,1,1,0,1,1,1,1,0,0.27105713,0.22084045,0.93687439,0.30003357,0.26356506,0.91677856,34.47158813,0.96307373,-30.57489014,-24.38963318,1.3609314,-22.47419739,0,0.0,4.3336792,4.3336792,1.0,1.0,1578642404095849,252432381335, HMD, -0.07494, 1.18264, 0.39102, 0.00645, -0.01689, 0.99830, -0.05534
3768398,1578642404103222,1,1,1,1,0,1,1,1,1,0,0.27105713,0.22084045,0.93687439,0.30003357,0.26356506,0.91677856,34.47158813,0.96307373,-30.57489014,-24.38963318,1.3609314,-22.47419739,0,0.0,4.3336792,4.3336792,1.0,1.0,1578642404095849,252432381335, HMD, -0.07494, 1.18264, 0.39102, 0.00645, -0.01689, 0.99830, -0.05534
3768406,1578642404107250,1,1,1,1,0,1,1,1,1,0,0.26773071,0.22084045,0.93783569,0.29945374,0.26374817,0.91691589,34.47251892,0.96307373,-30.57489014,-24.39028931,1.3609314,-22.47419739,0,0.0,4.35017395,4.35017395,1.0,1.0,1578642404095849,252432381335, HMD, -0.07494, 1.18264, 0.39102, 0.00645, -0.01689, 0.99830, -0.05534
3768406,1578642404112258,1,1,1,1,0,1,1,1,1,0,0.26773071,0.22084045,0.93783569,0.29945374,0.26374817,0.91691589,34.47251892,0.96307373,-30.57489014,-24.39028931,1.3609314,-22.47419739,0,0.0,4.35017395,4.35017395,1.0,1.0,1578642404125154,252432674391, HMD, -0.07487, 1.18262, 0.39100, 0.00628, -0.01697, 0.99831, -0.05524
3768415,1578642404115786,1,1,1,1,0,1,1,1,1,0,0.26675415,0.22180176,0.93788147,0.29928589,0.26385498,0.91694641,34.47257996,0.96307373,-30.57489014,-24.39028931,1.3609314,-22.47419739,0,0.0,4.354599,4.354599,1.0,1.0,1578642404125154,252432674391, HMD, -0.07487, 1.18262, 0.39100, 0.00628, -0.01697, 0.99831, -0.05524
3768415,1578642404119210,1,1,1,1,0,1,1,1,1,0,0.26675415,0.22180176,0.93788147,0.29928589,0.26385498,0.91694641,34.47257996,0.96307373,-30.57489014,-24.39028931,1.3609314,-22.47419739,0,0.0,4.354599,4.354599,1.0,1.0,1578642404125154,252432674391, HMD, -0.07487, 1.18262, 0.39100, 0.00628, -0.01697, 0.99831, -0.05524
3768423,1578642404127202,1,1,1,1,0,1,1,1,1,0,0.2492218,0.19360352,0.94888306,0.29797363,0.23278809,0.92573547,34.47627258,1.63217163,-32.60542297,-24.50497437,1.75389099,-23.60063171,0,0.0,4.32904053,4.32904053,1.0,1.0,1578642404127149,252432694331, HMD, -0.07487, 1.18262, 0.39100, 0.00627, -0.01697, 0.99831, -0.05522
3768423,1578642404131216,1,1,1,1,0,1,1,1,1,0,0.2492218,0.19360352,0.94888306,0.29797363,0.23278809,0.92573547,34.47627258,1.63217163,-32.60542297,-24.50497437,1.75389099,-23.60063171,0,0.0,4.32904053,4.32904053,1.0,1.0,1578642404128902,252432711867, HMD, -0.07487, 1.18261, 0.39099, 0.00626, -0.01698, 0.99831, -0.05521
3768431,1578642404135214,1,1,1,1,0,1,1,1,1,0,0.23464966,0.17880249,0.95549011,0.19688416,0.18228149,0.96331787,34.27278137,1.39350891,-32.15943909,-24.48114014,2.27264404,-26.09109497,0,0.0,4.36734009,4.36734009,1.0,1.0,1578642404138614,252432808994, HMD, -0.07487, 1.18259, 0.39099, 0.00624, -0.01700, 0.99831, -0.05517
3768431,1578642404139203,1,1,1,1,0,1,1,1,1,0,0.23464966,0.17880249,0.95549011,0.19688416,0.18228149,0.96331787,34.27278137,1.39350891,-32.15943909,-24.48114014,2.27264404,-26.09109497,0,0.0,4.36734009,4.36734009,1.0,1.0,1578642404139137,252432814217, HMD, -0.07487, 1.18259, 0.39099, 0.00624, -0.01700, 0.99831, -0.05517
3768440,1578642404143210,1,1,1,1,0,1,1,1,1,0,0.16473389,0.12750244,0.97805786,0.23071289,0.17530823,0.95709229,33.96878052,1.42980957,-32.69404602,-24.85592651,1.20199585,-23.09577942,0,0.0,4.26783752,4.26783752,1.0,1.0,1578642404141697,252432839808, HMD, -0.07487, 1.18259, 0.39099, 0.00624, -0.01701, 0.99831, -0.05515
3768440,1578642404147209,1,1,1,1,0,1,1,1,1,0,0.16473389,0.12750244,0.97805786,0.23071289,0.17530823,0.95709229,33.96878052,1.42980957,-32.69404602,-24.85592651,1.20199585,-23.09577942,0,0.0,4.26783752,4.26783752,1.0,1.0,1578642404151049,252432933350, HMD, -0.07484, 1.18257, 0.39097, 0.00621, -0.01707, 0.99831, -0.05511
3768448,1578642404151224,1,1,1,1,0,1,1,1,1,0,0.152771,0.10118103,0.98306274,0.19104004,0.11819458,0.97442627,33.54983521,0.38313293,-29.85113525,-25.02629089,0.72782898,-22.21443176,0,0.0,4.3536377,4.3536377,1.0,1.0,1578642404151357,252432936412, HMD, -0.07484, 1.18257, 0.39097, 0.00621, -0.01707, 0.99831, -0.05511
3768448,1578642404155233,1,1,1,1,0,1,1,1,1,0,0.152771,0.10118103,0.98306274,0.19104004,0.11819458,0.97442627,33.54983521,0.38313293,-29.85113525,-25.02629089,0.72782898,-22.21443176,0,0.0,4.3536377,4.3536377,1.0,1.0,1578642404154504,252432967879, HMD, -0.07484, 1.18257, 0.39097, 0.00620, -0.01708, 0.99832, -0.05509
3768448,1578642404159228,1,1,1,1,0,1,1,1,1,0,0.13101196,0.02178955,0.99113464,0.14784241,0.03892517,0.98823547,33.28590393,0.26515198,-29.78855896,-25.10896301,0.6557312,-22.63577271,0,0.0,4.52227783,4.52227783,1.0,1.0,1578642404154504,252432967879, HMD, -0.07484, 1.18257, 0.39097, 0.00620, -0.01708, 0.99832, -0.05509
3768456,1578642404163205,1,1,1,1,0,1,1,1,1,0,0.13101196,0.02178955,0.99113464,0.14784241,0.03892517,0.98823547,33.28590393,0.26515198,-29.78855896,-25.10896301,0.6557312,-22.63577271,0,0.0,4.52227783,4.52227783,1.0,1.0,1578642404166929,252433092148, HMD, -0.07482, 1.18256, 0.39095, 0.00618, -0.01714, 0.99832, -0.05502
3768465,1578642404167208,1,1,1,1,0,1,1,1,1,0,0.09559631,-0.03413391,0.99482727,0.11114502,-0.03775024,0.99307251,33.07597351,0.04177856,-29.82090759,-25.28662109,0.65734863,-23.11297607,0,0.0,4.42118835,4.42118835,1.0,1.0,1578642404167244,252433095286, HMD, -0.07482, 1.18256, 0.39095, 0.00618, -0.01714, 0.99832, -0.05502
3768465,1578642404171221,1,1,1,1,0,1,1,1,1,0,0.09559631,-0.03413391,0.99482727,0.11114502,-0.03775024,0.99307251,33.07597351,0.04177856,-29.82090759,-25.28662109,0.65734863,-23.11297607,0,0.0,4.42118835,4.42118835,1.0,1.0,1578642404170193,252433124775, HMD, -0.07482, 1.18256, 0.39095, 0.00618, -0.01715, 0.99832, -0.05500
3768473,1578642404175203,1,1,1,1,0,1,1,1,1,0,0.08189392,-0.07730103,0.99363708,0.09066772,-0.09196472,0.99162292,32.90634155,-0.09767151,-29.97390747,-25.42782593,0.4609375,-23.11598206,0,0.0,4.521698,4.521698,1.0,1.0,1578642404170193,252433124775, HMD, -0.07482, 1.18256, 0.39095, 0.00618, -0.01715, 0.99832, -0.05500
3768473,1578642404180190,1,1,1,1,0,1,1,1,1,0,0.08189392,-0.07730103,0.99363708,0.09066772,-0.09196472,0.99162292,32.90634155,-0.09767151,-29.97390747,-25.42782593,0.4609375,-23.11598206,0,0.0,4.521698,4.521698,1.0,1.0,1578642404189897,252433321867, HMD, -0.07484, 1.18259, 0.39097, 0.00621, -0.01723, 0.99832, -0.05489
3768481,1578642404184201,1,1,1,1,0,1,1,1,1,0,0.0382843,-0.12138367,0.99185181,0.06611633,-0.12892151,0.98944092,32.75505066,-0.11933899,-30.28746033,-25.55767822,0.34797668,-23.24371338,0,0.0,4.37431335,4.37431335,1.0,1.0,1578642404189897,252433321867, HMD, -0.07484, 1.18259, 0.39097, 0.00621, -0.01723, 0.99832, -0.05489
3768481,1578642404188021,1,1,1,1,0,1,1,1,1,0,0.0382843,-0.12138367,0.99185181,0.06611633,-0.12892151,0.98944092,32.75505066,-0.11933899,-30.28746033,-25.55767822,0.34797668,-23.24371338,0,0.0,4.37431335,4.37431335,1.0,1.0,1578642404189897,252433321867, HMD, -0.07484, 1.18259, 0.39097, 0.00621, -0.01723, 0.99832, -0.05489
3768481,1578642404192183,1,1,1,1,0,1,1,1,1,0,0.03927612,-0.15496826,0.98713684,0.04849243,-0.15545654,0.98664856,32.67079163,-0.27331543,-30.12489319,-25.65116882,0.30091858,-23.50567627,0,0.0,4.41287231,4.41287231,1.0,1.0,1578642404192151,252433344355, HMD, -0.07485, 1.18260, 0.39099, 0.00624, -0.01724, 0.99833, -0.05487
3768490,1578642404196183,1,1,1,1,0,1,1,1,1,0,0.03927612,-0.15496826,0.98713684,0.04849243,-0.15545654,0.98664856,32.67079163,-0.27331543,-30.12489319,-25.65116882,0.30091858,-23.50567627,0,0.0,4.41287231,4.41287231,1.0,1.0,1578642404193408,252433356928, HMD, -0.07486, 1.18260, 0.39099, 0.00624, -0.01725, 0.99833, -0.05486
3768498,1578642404201185,1,1,1,1,0,1,1,1,1,0,0.03149414,-0.17932129,0.98327637,0.05007935,-0.17694092,0.98294067,32.65422058,-0.23899841,-30.30293274,-25.66928101,0.28092957,-23.64259338,0,0.0,4.55052185,4.55052185,1.0,1.0,1578642404202830,252433451183, HMD, -0.07487, 1.18260, 0.39099, 0.00626, -0.01727, 0.99833, -0.05485
3768498,1578642404205189,1,1,1,1,0,1,1,1,1,0,0.03149414,-0.17932129,0.98327637,0.05007935,-0.17694092,0.98294067,32.65422058,-0.23899841,-30.30293274,-25.66928101,0.28092957,-23.64259338,0,0.0,4.55052185,4.55052185,1.0,1.0,1578642404205200,252433474839, HMD, -0.07487, 1.18259, 0.39099, 0.00626, -0.01728, 0.99833, -0.05485
3768506,1578642404209176,1,1,1,1,0,1,1,1,1,0,0.02944946,-0.17248535,0.98455811,0.05686951,-0.18041992,0.98193359,32.70422363,-0.34608459,-30.00898743,-25.69665527,0.23475647,-23.48298645,0,0.0,4.52734375,4.52734375,0.93295848,0.87179661,1578642404206064,252433483482, HMD, -0.07487, 1.18259, 0.39099, 0.00625, -0.01729, 0.99833, -0.05485
3768506,1578642404213186,1,1,1,1,0,1,1,1,1,0,0.02944946,-0.17248535,0.98455811,0.05686951,-0.18041992,0.98193359,32.70422363,-0.34608459,-30.00898743,-25.69665527,0.23475647,-23.48298645,0,0.0,4.52734375,4.52734375,0.93295848,0.87179661,1578642404214124,252433564085, HMD, -0.07489, 1.18259, 0.39099, 0.00630, -0.01733, 0.99832, -0.05489
3768515,1578642404217180,1,1,1,1,0,1,1,1,1,0,0.02859497,-0.1696167,0.98509216,0.06106567,-0.16513062,0.984375,32.74104309,-0.24812317,-30.39134216,-25.72996521,0.17938232,-23.38545227,0,0.0,4.50814819,4.50814819,0.93339401,0.87257522,1578642404217219,252433595038, HMD, -0.07489, 1.18259, 0.39099, 0.00631, -0.01735, 0.99832, -0.05491
3768515,1578642404221174,1,1,1,1,0,1,1,1,1,0,0.02859497,-0.1696167,0.98509216,0.06106567,-0.16513062,0.984375,32.74104309,-0.24812317,-30.39134216,-25.72996521,0.17938232,-23.38545227,0,0.0,4.50814819,4.50814819,0.93339401,0.87257522,1578642404217708,252433599927, HMD, -0.07490, 1.18259, 0.39099, 0.00631, -0.01735, 0.99832, -0.05491
3768523,1578642404225193,1,1,1,1,0,1,1,1,1,0,0.02908325,-0.17141724,0.98475647,0.0549469,-0.17100525,0.98373413,32.7618866,-0.21876526,-30.51063538,-25.7399292,0.15618896,-23.31330872,0,0.0,4.46795654,4.46795654,0.91572356,0.86573505,1578642404230349,252433726342, HMD, -0.07491, 1.18260, 0.39102, 0.00634, -0.01740, 0.99832, -0.05498
3768523,1578642404231184,1,1,1,1,0,1,1,1,1,0,0.02908325,-0.17141724,0.98475647,0.0549469,-0.17100525,0.98373413,32.7618866,-0.21876526,-30.51063538,-25.7399292,0.15618896,-23.31330872,0,0.0,4.46795654,4.46795654,0.91572356,0.86573505,1578642404231079,252433733630, HMD, -0.07491, 1.18260, 0.39102, 0.00633, -0.01740, 0.99832, -0.05499
3768531,1578642404235182,1,1,1,1,0,1,1,1,1,0,0.02470398,-0.17897034,0.98353577,0.05302429,-0.17192078,0.9836731,32.76948547,-0.21575928,-30.52909851,-25.74369812,0.14620972,-23.2872467,0,0.0,4.48913574,4.48913574,0.91572356,0.86573505,1578642404233599,252433758833, HMD, -0.07489, 1.18258, 0.39101, 0.00635, -0.01742, 0.99831, -0.05501
3768531,1578642404239230,1,1,1,1,0,1,1,1,1,0,0.02470398,-0.17897034,0.98353577,0.05302429,-0.17192078,0.9836731,32.76948547,-0.21575928,-30.52909851,-25.74369812,0.14620972,-23.2872467,0,0.0,4.48913574,4.48913574,0.91572356,0.86573505,1578642404233599,252433758833, HMD, -0.07489, 1.18258, 0.39101, 0.00635, -0.01742, 0.99831, -0.05501
3768540,1578642404243178,1,1,1,1,0,1,1,1,1,0,0.02935791,-0.17736816,0.98370361,0.05123901,-0.17280579,0.98361206,32.78646851,-0.25396729,-30.44828796,-25.7474823,0.13624573,-23.26118469,0,0.0,4.5319519,4.5319519,0.93086249,0.88558084,1578642404247489,252433897739, HMD, -0.07491, 1.18258, 0.39101, 0.00636, -0.01747, 0.99831, -0.05508
3768540,1578642404247179,1,1,1,1,0,1,1,1,1,0,0.02935791,-0.17736816,0.98370361,0.05123901,-0.17280579,0.98361206,32.78646851,-0.25396729,-30.44828796,-25.7474823,0.13624573,-23.26118469,0,0.0,4.5319519,4.5319519,0.93086249,0.88558084,1578642404247489,252433897739, HMD, -0.07491, 1.18258, 0.39101, 0.00636, -0.01747, 0.99831, -0.05508
3768548,1578642404251176,1,1,1,1,0,1,1,1,1,0,0.02993774,-0.18162537,0.98291016,0.04801941,-0.17178345,0.98394775,32.80651855,-0.34280396,-30.2035675,-25.75297546,0.12226868,-23.24316406,0,0.0,4.55183411,4.55183411,0.93086249,0.88558084,1578642404250420,252433927038, HMD, -0.07492, 1.18257, 0.39101, 0.00636, -0.01748, 0.99831, -0.05508
3768548,1578642404255186,1,1,1,1,0,1,1,1,1,0,0.02993774,-0.18162537,0.98291016,0.04801941,-0.17178345,0.98394775,32.80651855,-0.34280396,-30.2035675,-25.75297546,0.12226868,-23.24316406,0,0.0,4.55183411,4.55183411,0.93086249,0.88558084,1578642404250420,252433927038, HMD, -0.07492, 1.18257, 0.39101, 0.00636, -0.01748, 0.99831, -0.05508
3768556,1578642404260183,1,1,1,1,0,1,1,1,1,0,0.0304718,-0.17108154,0.98477173,0.04460144,-0.16845703,0.98469543,32.82743835,-0.40718079,-30.03973389,-25.75846863,0.10829163,-23.26118469,0,0.0,4.56758118,4.56758118,0.93937278,0.90920871,1578642404260253,252434025402, HMD, -0.07493, 1.18256, 0.39103, 0.00636, -0.01750, 0.99831, -0.05509
3768556,1578642404264178,1,1,1,1,0,1,1,1,1,0,0.0304718,-0.17108154,0.98477173,0.04460144,-0.16845703,0.98469543,32.82743835,-0.40718079,-30.03973389,-25.75846863,0.10829163,-23.26118469,0,0.0,4.56758118,4.56758118,0.93937278,0.90920871,1578642404263692,252434059762, HMD, -0.07493, 1.18255, 0.39103, 0.00635, -0.01752, 0.99831, -0.05509
3768565,1578642404268186,1,1,1,1,0,1,1,1,1,0,0.03352356,-0.17295837,0.98434448,0.04432678,-0.16851807,0.98469543,32.84324646,-0.45143127,-29.92367554,-25.76486206,0.10324097,-23.26316833,0,0.0,4.52259827,4.52259827,0.93937278,0.90920871,1578642404263692,252434059762, HMD, -0.07493, 1.18255, 0.39103, 0.00635, -0.01752, 0.99831, -0.05509
3768565,1578642404272199,1,1,1,1,0,1,1,1,1,0,0.03352356,-0.17295837,0.98434448,0.04432678,-0.16851807,0.98469543,32.84324646,-0.45143127,-29.92367554,-25.76486206,0.10324097,-23.26316833,0,0.0,4.52259827,4.52259827,0.93937278,0.90920871,1578642404277493,252434197790, HMD, -0.07492, 1.18257, 0.39103, 0.00636, -0.01760, 0.99831, -0.05500
3768565,1578642404276165,1,1,1,1,0,1,1,1,1,0,0.03874207,-0.16371155,0.98573303,0.04408264,-0.1686554,0.98468018,32.85641479,-0.45585632,-29.91947937,-25.77125549,0.09819031,-23.26515198,0,0.0,4.48420715,4.48420715,0.93937278,0.90920871,1578642404277493,252434197790, HMD, -0.07492, 1.18257, 0.39103, 0.00636, -0.01760, 0.99831, -0.05500
3768573,1578642404280165,1,1,1,1,0,1,1,1,1,0,0.03874207,-0.16371155,0.98573303,0.04408264,-0.1686554,0.98468018,32.85641479,-0.45585632,-29.91947937,-25.77125549,0.09819031,-23.26515198,0,0.0,4.48420715,4.48420715,0.95715523,0.92397529,1578642404280158,252434224426, HMD, -0.07492, 1.18257, 0.39103, 0.00637, -0.01762, 0.99831, -0.05498
3768581,1578642404284072,1,1,1,1,0,1,1,1,1,0,0.03817749,-0.16699219,0.98521423,0.04307556,-0.1697998,0.98452759,32.86958313,-0.4370575,-29.98724365,-25.7794342,0.09765625,-23.26316833,0,0.0,4.5398407,4.5398407,0.95715523,0.92397529,1578642404280721,252434230051, HMD, -0.07492, 1.18257, 0.39103, 0.00637, -0.01763, 0.99831, -0.05497
3768581,1578642404288084,1,1,1,1,0,1,1,1,1,0,0.03817749,-0.16699219,0.98521423,0.04307556,-0.1697998,0.98452759,32.86958313,-0.4370575,-29.98724365,-25.7794342,0.09765625,-23.26316833,0,0.0,4.5398407,4.5398407,0.95715523,0.92397529,1578642404290626,252434329116, HMD, -0.07494, 1.18256, 0.39106, 0.00637, -0.01770, 0.99832, -0.05486
3768590,1578642404292077,1,1,1,1,0,1,1,1,1,0,0.03605652,-0.17494202,0.98390198,0.04211426,-0.17100525,0.98435974,32.88449097,-0.42108154,-30.04814148,-25.78759766,0.09712219,-23.26118469,0,0.0,4.46734619,4.46734619,0.95144522,0.93007565,1578642404292107,252434343916, HMD, -0.07494, 1.18256, 0.39106, 0.00639, -0.01771, 0.99832, -0.05486
3768590,1578642404296086,1,1,1,1,0,1,1,1,1,0,0.03605652,-0.17494202,0.98390198,0.04211426,-0.17100525,0.98435974,32.88449097,-0.42108154,-30.04814148,-25.78759766,0.09712219,-23.26118469,0,0.0,4.46734619,4.46734619,0.95144522,0.93007565,1578642404293700,252434359846, HMD, -0.07494, 1.18256, 0.39106, 0.00640, -0.01773, 0.99832, -0.05485
3768598,1578642404300084,1,1,1,1,0,1,1,1,1,0,0.04449463,-0.16574097,0.9851532,0.04347229,-0.17449951,0.98368835,32.89831543,-0.40837097,-30.09094238,-25.79678345,0.09596252,-23.25790405,0,0.0,4.43235779,4.43235779,0.95144522,0.93007565,1578642404293700,252434359846, HMD, -0.07494, 1.18256, 0.39106, 0.00640, -0.01773, 0.99832, -0.05485
3768598,1578642404304094,1,1,1,1,0,1,1,1,1,0,0.04449463,-0.16574097,0.9851532,0.04347229,-0.17449951,0.98368835,32.89831543,-0.40837097,-30.09094238,-25.79678345,0.09596252,-23.25790405,0,0.0,4.43235779,4.43235779,0.95144522,0.93007565,1578642404308478,252434507654, HMD, -0.07496, 1.18255, 0.39109, 0.00644, -0.01784, 0.99832, -0.05472
3768606,1578642404310084,1,1,1,1,0,1,1,1,1,0,0.03358459,-0.17424011,0.9841156,0.04475403,-0.17803955,0.98300171,32.90974426,-0.38980103,-30.14852905,-25.80595398,0.0947876,-23.25462341,0,0.0,4.53965759,4.53965759,0.9619109,0.93732828,1578642404310135,252434524191, HMD, -0.07497, 1.18255, 0.39109, 0.00644, -0.01786, 0.99832, -0.05471
3768606,1578642404313794,1,1,1,1,0,1,1,1,1,0,0.03358459,-0.17424011,0.9841156,0.04475403,-0.17803955,0.98300171,32.90974426,-0.38980103,-30.14852905,-25.80595398,0.0947876,-23.25462341,0,0.0,4.53965759,4.53965759,0.9619109,0.93732828,1578642404311703,252434539869, HMD, -0.07497, 1.18256, 0.39111, 0.00648, -0.01789, 0.99832, -0.05471
3768615,1578642404317802,1,1,1,1,0,1,1,1,1,0,0.02610779,-0.17456055,0.98429871,0.04689026,-0.1776123,0.98297119,32.91891479,-0.38285828,-30.17193604,-25.81665039,0.09317017,-23.23988342,0,0.0,4.57096863,4.57096863,0.9619109,0.93732828,1578642404321812,252434640971, HMD, -0.07499, 1.18255, 0.39112, 0.00651, -0.01794, 0.99832, -0.05463
3768615,1578642404321800,1,1,1,1,0,1,1,1,1,0,0.02610779,-0.17456055,0.98429871,0.04689026,-0.1776123,0.98297119,32.91891479,-0.38285828,-30.17193604,-25.81665039,0.09317017,-23.23988342,0,0.0,4.57096863,4.57096863,0.9619109,0.93732828,1578642404321812,252434640971, HMD, -0.07499, 1.18255, 0.39112, 0.00651, -0.01794, 0.99832, -0.05463
3768623,1578642404325798,1,1,1,1,0,1,1,1,1,0,0.03790283,-0.17132568,0.98448181,0.04898071,-0.1791687,0.98258972,32.93148804,-0.37168884,-30.21672058,-25.8273468,0.09155273,-23.22512817,0,0.0,4.44216919,4.44216919,0.96143949,0.94938052,1578642404325021,252434673056, HMD, -0.07498, 1.18256, 0.39112, 0.00650, -0.01797, 0.99833, -0.05460
3768623,1578642404329801,1,1,1,1,0,1,1,1,1,0,0.03790283,-0.17132568,0.98448181,0.04898071,-0.1791687,0.98258972,32.93148804,-0.37168884,-30.21672058,-25.8273468,0.09155273,-23.22512817,0,0.0,4.44216919,4.44216919,0.96143949,0.94938052,1578642404333572,252434758565, HMD, -0.07497, 1.18254, 0.39112, 0.00653, -0.01799, 0.99833, -0.05456
3768631,1578642404333788,1,1,1,1,0,1,1,1,1,0,0.03277588,-0.1781311,0.98345947,0.0512085,-0.17752075,0.98277283,32.94110107,-0.39118958,-30.16868591,-25.83815002,0.08148193,-23.21955872,0,0.0,4.55970764,4.55970764,0.96143949,0.94938052,1578642404333826,252434761105, HMD, -0.07497, 1.18254, 0.39112, 0.00653, -0.01799, 0.99833, -0.05455
3768631,1578642404338781,1,1,1,1,0,1,1,1,1,0,0.03277588,-0.1781311,0.98345947,0.0512085,-0.17752075,0.98277283,32.94110107,-0.39118958,-30.16868591,-25.83815002,0.08148193,-23.21955872,0,0.0,4.55970764,4.55970764,0.96143949,0.94938052,1578642404336749,252434790331, HMD, -0.07498, 1.18254, 0.39112, 0.00655, -0.01799, 0.99833, -0.05453
3768640,1578642404342797,1,1,1,1,0,1,1,1,1,0,0.03469849,-0.17115784,0.98461914,0.05342102,-0.17575073,0.98297119,32.95129395,-0.41853333,-30.09152222,-25.84895325,0.07141113,-23.21398926,0,0.0,4.55447388,4.55447388,0.95935082,0.93622094,1578642404345161,252434874460, HMD, -0.07495, 1.18255, 0.39114, 0.00654, -0.01799, 0.99833, -0.05447
3768640,1578642404347798,1,1,1,1,0,1,1,1,1,0,0.03469849,-0.17115784,0.98461914,0.05342102,-0.17575073,0.98297119,32.95129395,-0.41853333,-30.09152222,-25.84895325,0.07141113,-23.21398926,0,0.0,4.55447388,4.55447388,0.95935082,0.93622094,1578642404347828,252434901121, HMD, -0.07495, 1.18255, 0.39114, 0.00655, -0.01798, 0.99833, -0.05446
3768648,1578642404351810,1,1,1,1,0,1,1,1,1,0,0.03077698,-0.17364502,0.98431396,0.04672241,-0.17286682,0.98382568,32.95787048,-0.438797,-30.03091431,-25.8656311,0.03018188,-23.12664795,0,0.0,4.62994385,4.62994385,0.95962238,0.93663675,1578642404348411,252434906952, HMD, -0.07495, 1.18255, 0.39114, 0.00655, -0.01798, 0.99833, -0.05445
3768656,1578642404358808,1,1,1,1,0,1,1,1,1,0,0.02825928,-0.17312622,0.98448181,0.04597473,-0.17428589,0.98361206,32.96362305,-0.45706177,-29.98027039,-25.87667847,0.01257324,-23.06787109,0,0.0,4.61538696,4.61538696,0.96624893,0.93957424,1578642404360747,252435030388, HMD, -0.07496, 1.18253, 0.39115, 0.00658, -0.01796, 0.99834, -0.05437
3768656,1578642404362860,1,1,1,1,0,1,1,1,1,0,0.02825928,-0.17312622,0.98448181,0.04597473,-0.17428589,0.98361206,32.96362305,-0.45706177,-29.98027039,-25.87667847,0.01257324,-23.06787109,0,0.0,4.61538696,4.61538696,0.96624893,0.93957424,1578642404362937,252435052220, HMD, -0.07497, 1.18252, 0.39116, 0.00658, -0.01796, 0.99834, -0.05436
3768673,1578642404376796,1,1,1,1,0,1,1,1,1,0,0.02903748,-0.1729126,0.98449707,0.04405212,-0.17219543,0.98406982,32.96855164,-0.45385742,-29.99476624,-25.88671875,-0.00300598,-23.06787109,0,0.0,4.60327148,4.60327148,0.96294677,0.94054115,1578642404365149,252435074334, HMD, -0.07497, 1.18251, 0.39115, 0.00658, -0.01796, 0.99834, -0.05435
3768673,1578642404380804,1,1,1,1,0,1,1,1,1,0,0.02903748,-0.1729126,0.98449707,0.04405212,-0.17219543,0.98406982,32.96855164,-0.45385742,-29.99476624,-25.88671875,-0.00300598,-23.06787109,0,0.0,4.60327148,4.60327148,0.96294677,0.94054115,1578642404365149,252435074334, HMD, -0.07497, 1.18251, 0.39115, 0.00658, -0.01796, 0.99834, -0.05435
3768706,1578642404413586,1,1,1,1,0,1,1,1,1,0,0.09298706,-0.23728943,0.96696472,0.09402466,-0.2509613,0.96340942,33.07098389,-0.76391602,-29.8770752,-25.57191467,-0.32128906,-23.18005371,0,0.0,4.44500732,4.44500732,0.96267068,0.92244041,1578642404447029,252435893248, HMD, -0.07498, 1.18224, 0.39114, 0.00635, -0.01820, 0.99839, -0.05330
3768715,1578642404420496,1,1,1,1,0,1,1,1,1,0,0.11032104,-0.29362488,0.94952393,0.13085938,-0.26834106,0.95437622,33.15336609,-0.81523132,-30.03387451,-25.30453491,-0.5010376,-23.0372467,0,0.0,4.54000854,4.54000854,0.96267068,0.92244041,1578642404447029,252435893248, HMD, -0.07498, 1.18224, 0.39114, 0.00635, -0.01820, 0.99839, -0.05330
3768715,1578642404424489,1,1,1,1,0,1,1,1,1,0,0.11032104,-0.29362488,0.94952393,0.13085938,-0.26834106,0.95437622,33.15336609,-0.81523132,-30.03387451,-25.30453491,-0.5010376,-23.0372467,0,0.0,4.54000854,4.54000854,0.96267068,0.92244041,1578642404447029,252435893248, HMD, -0.07498, 1.18224, 0.39114, 0.00635, -0.01820, 0.99839, -0.05330
3768723,1578642404433695,1,1,1,1,0,1,1,1,1,0,0.17515564,-0.31730652,0.93199158,0.17750549,-0.30969238,0.93411255,33.34184265,-1.20465088,-29.34509277,-25.00064087,-0.60510254,-23.51782227,0,0.0,4.55499268,4.55499268,0.94501352,0.84211349,1578642404447029,252435893248, HMD, -0.07498, 1.18224, 0.39114, 0.00635, -0.01820, 0.99839, -0.05330
3768731,1578642404438571,1,1,1,1,0,1,1,1,1,0,0.17515564,-0.31730652,0.93199158,0.17750549,-0.30969238,0.93411255,33.34184265,-1.20465088,-29.34509277,-25.00064087,-0.60510254,-23.51782227,0,0.0,4.55499268,4.55499268,0.94501352,0.84211349,1578642404447029,252435893248, HMD, -0.07498, 1.18224, 0.39114, 0.00635, -0.01820, 0.99839, -0.05330
3768748,1578642404456502,1,1,1,1,0,1,1,1,1,0,0.1786499,-0.31497192,0.93212891,0.19148254,-0.32899475,0.92471313,33.43928528,-1.34683228,-29.12399292,-25.04229736,-0.71795654,-22.97367859,0,0.0,4.50282288,4.50282288,0.94212228,0.79016471,1578642404451007,252435932911, HMD, -0.07498, 1.18223, 0.39114, 0.00633, -0.01821, 0.99840, -0.05323
3768756,1578642404461478,1,1,1,1,0,1,1,1,1,0,0.17179871,-0.32646179,0.92945862,0.17663574,-0.33349609,0.92604065,33.44624329,-1.3046875,-29.27980042,-25.06019592,-0.73681641,-22.91218567,0,0.0,4.42375183,4.42375183,0.91683143,0.77513707,1578642404451007,252435932911, HMD, -0.07498, 1.18223, 0.39114, 0.00633, -0.01821, 0.99840, -0.05323
3768765,1578642404468473,1,1,1,1,0,1,1,1,1,0,0.16732788,-0.32896423,0.92938232,0.18269348,-0.33158875,0.92555237,33.45674133,-1.30827332,-29.27624512,-25.06341553,-0.74488831,-22.89547729,0,0.0,4.42337036,4.42337036,0.91683143,0.77513707,1578642404451007,252435932911, HMD, -0.07498, 1.18223, 0.39114, 0.00633, -0.01821, 0.99840, -0.05323
3768765,1578642404472501,1,1,1,1,0,1,1,1,1,0,0.16732788,-0.32896423,0.92938232,0.18269348,-0.33158875,0.92555237,33.45674133,-1.30827332,-29.27624512,-25.06341553,-0.74488831,-22.89547729,0,0.0,4.42337036,4.42337036,0.91683143,0.77513707,1578642404451007,252435932911, HMD, -0.07498, 1.18223, 0.39114, 0.00633, -0.01821, 0.99840, -0.05323
3768773,1578642404486479,1,1,1,1,0,1,1,1,1,0,0.16882324,-0.32461548,0.9306488,0.18383789,-0.33004761,0.9258728,33.48631287,-1.34468079,-29.1660614,-25.06878662,-0.76663208,-22.83630371,0,0.0,4.35107422,4.35107422,0.9138515,0.77126622,1578642404504706,252436469935, HMD, -0.07507, 1.18202, 0.39124, 0.00611, -0.01830, 0.99847, -0.05185
3768790,1578642404495534,1,1,1,1,0,1,1,1,1,0,0.16893005,-0.3213501,0.9317627,0.18061829,-0.32952881,0.92669678,33.49879456,-1.36012268,-29.1307373,-25.07093811,-0.78027344,-22.79385376,0,0.0,4.3298645,4.3298645,0.91758496,0.78915501,1578642404504706,252436469935, HMD, -0.07507, 1.18202, 0.39124, 0.00611, -0.01830, 0.99847, -0.05185
3768798,1578642404506476,1,1,1,1,0,1,1,1,1,0,0.16998291,-0.31758118,0.93286133,0.18426514,-0.32640076,0.92707825,33.5105896,-1.37117004,-29.10887146,-25.07929993,-0.83525085,-22.64660645,0,0.0,4.36854553,4.36854553,0.91758496,0.78915501,1578642404506502,252436487867, HMD, -0.07507, 1.18201, 0.39124, 0.00611, -0.01829, 0.99847, -0.05179
3768806,1578642404510456,1,1,1,1,0,1,1,1,1,0,0.1725769,-0.31695557,0.93260193,0.18815613,-0.32350159,0.92732239,33.52478027,-1.36482239,-29.13597107,-25.08766174,-0.89021301,-22.49935913,0,0.0,4.28327942,4.28327942,0.92250842,0.7873829,1578642404509277,252436515615, HMD, -0.07507, 1.18199, 0.39125, 0.00610, -0.01828, 0.99848, -0.05169
3768806,1578642404514485,1,1,1,1,0,1,1,1,1,0,0.1725769,-0.31695557,0.93260193,0.18815613,-0.32350159,0.92732239,33.52478027,-1.36482239,-29.13597107,-25.08766174,-0.89021301,-22.49935913,0,0.0,4.28327942,4.28327942,0.92250842,0.7873829,1578642404509277,252436515615, HMD, -0.07507, 1.18199, 0.39125, 0.00610, -0.01828, 0.99848, -0.05169
3768815,1578642404518512,1,1,1,1,0,1,1,1,1,0,0.16542053,-0.3217926,0.93223572,0.1890564,-0.32369995,0.92706299,33.53530884,-1.36338806,-29.14445496,-25.09107971,-0.90846252,-22.43356323,0,0.0,4.31086731,4.31086731,0.92250842,0.7873829,1578642404509277,252436515615, HMD, -0.07507, 1.18199, 0.39125, 0.00610, -0.01828, 0.99848, -0.05169
3768815,1578642404523483,1,1,1,1,0,1,1,1,1,0,0.16622925,-0.32369995,0.931427,0.18989563,-0.32385254,0.92683411,33.5415802,-1.35990906,-29.15553284,-25.09449768,-0.92671204,-22.36776733,0,0.0,4.26037598,4.26037598,0.92250842,0.7873829,1578642404509277,252436515615, HMD, -0.07507, 1.18199, 0.39125, 0.00610, -0.01828, 0.99848, -0.05169
3768831,1578642404539570,1,1,1,1,0,1,1,1,1,0,0.1665802,-0.32209778,0.93193054,0.18998718,-0.32397461,0.92678833,33.54785156,-1.35643005,-29.16659546,-25.09484863,-0.9213562,-22.38218689,0,0.0,4.23471069,4.23471069,0.92139149,0.79371727,1578642404558071,252437003602, HMD, -0.07504, 1.18166, 0.39137, 0.00580, -0.01807, 0.99858, -0.04976
3768840,1578642404548546,1,1,1,1,0,1,1,1,1,0,0.16540527,-0.32061768,0.93264771,0.18861389,-0.32392883,0.92707825,33.55311584,-1.35243225,-29.17941284,-25.09519958,-0.91600037,-22.39660645,0,0.0,4.24211121,4.24211121,0.92364848,0.77940112,1578642404558071,252437003602, HMD, -0.07504, 1.18166, 0.39137, 0.00580, -0.01807, 0.99858, -0.04976
3768848,1578642404555505,1,1,1,1,0,1,1,1,1,0,0.16424561,-0.32221985,0.93229675,0.18826294,-0.32319641,0.92739868,33.55838013,-1.34843445,-29.19224548,-25.09712219,-0.90310669,-22.44718933,0,0.0,4.23301697,4.23301697,0.92364848,0.77940112,1578642404558071,252437003602, HMD, -0.07504, 1.18166, 0.39137, 0.00580, -0.01807, 0.99858, -0.04976
3768856,1578642404559508,1,1,1,1,0,1,1,1,1,0,0.16453552,-0.32060242,0.93280029,0.18702698,-0.32307434,0.92770386,33.56237793,-1.34835815,-29.19418335,-25.0990448,-0.89021301,-22.49775696,0,0.0,4.22128296,4.22128296,0.91003346,0.79279715,1578642404559446,252437017309, HMD, -0.07504, 1.18165, 0.39138, 0.00578, -0.01806, 0.99858, -0.04970
3768856,1578642404563206,1,1,1,1,0,1,1,1,1,0,0.16453552,-0.32060242,0.93280029,0.18702698,-0.32307434,0.92770386,33.56237793,-1.34835815,-29.19418335,-25.0990448,-0.89021301,-22.49775696,0,0.0,4.22128296,4.22128296,0.91003346,0.79279715,1578642404561836,252437041206, HMD, -0.07505, 1.18162, 0.39138, 0.00575, -0.01805, 0.99859, -0.04960
3768873,1578642404576068,1,1,1,1,0,1,1,1,1,0,0.16513062,-0.3195343,0.93305969,0.18603516,-0.32373047,0.92767334,33.56990051,-1.34397888,-29.20074463,-25.1000061,-0.884552,-22.49935913,0,0.0,4.21133423,4.21133423,0.91444069,0.78458655,1578642404561836,252437041206, HMD, -0.07505, 1.18162, 0.39138, 0.00575, -0.01805, 0.99859, -0.04960
3768873,1578642404580072,1,1,1,1,0,1,1,1,1,0,0.16513062,-0.3195343,0.93305969,0.18603516,-0.32373047,0.92767334,33.56990051,-1.34397888,-29.20074463,-25.1000061,-0.884552,-22.49935913,0,0.0,4.21133423,4.21133423,0.91444069,0.78458655,1578642404593989,252437362773, HMD, -0.07508, 1.18134, 0.39153, 0.00533, -0.01775, 0.99868, -0.04781
3768881,1578642404586080,1,1,1,1,0,1,1,1,1,0,0.16540527,-0.32003784,0.93284607,0.18434143,-0.32345581,0.92810059,33.57341003,-1.3396759,-29.20535278,-25.10588074,-0.884552,-22.49935913,0,0.0,4.20880127,4.20880127,0.91444069,0.78458655,1578642404593989,252437362773, HMD, -0.07508, 1.18134, 0.39153, 0.00533, -0.01775, 0.99868, -0.04781
3768890,1578642404591064,1,1,1,1,0,1,1,1,1,0,0.16592407,-0.31895447,0.93312073,0.18836975,-0.32266235,0.92756653,33.5761261,-1.33956909,-29.20988464,-25.1229248,-0.884552,-22.49935913,0,0.0,4.21124268,4.21124268,0.91158122,0.79319745,1578642404593989,252437362773, HMD, -0.07508, 1.18134, 0.39153, 0.00533, -0.01775, 0.99868, -0.04781
3768890,1578642404597048,1,1,1,1,0,1,1,1,1,0,0.16592407,-0.31895447,0.93312073,0.18836975,-0.32266235,0.92756653,33.5761261,-1.33956909,-29.20988464,-25.1229248,-0.884552,-22.49935913,0,0.0,4.21124268,4.21124268,0.91158122,0.79319745,1578642404597022,252437393068, HMD, -0.07507, 1.18131, 0.39154, 0.00529, -0.01770, 0.99870, -0.04761
3768898,1578642404601055,1,1,1,1,0,1,1,1,1,0,0.16647339,-0.31782532,0.93341064,0.19090271,-0.32191467,0.92730713,33.57884216,-1.33946228,-29.21440125,-25.13407898,-0.884552,-22.49935913,0,0.0,4.20851135,4.20851135,0.91158122,0.79319745,1578642404598217,252437405012, HMD, -0.07507, 1.18129, 0.39155, 0.00527, -0.01768, 0.99870, -0.04753
3768898,1578642404606773,1,1,1,1,0,1,1,1,1,0,0.16647339,-0.31782532,0.93341064,0.19090271,-0.32191467,0.92730713,33.57884216,-1.33946228,-29.21440125,-25.13407898,-0.884552,-22.49935913,0,0.0,4.20851135,4.20851135,0.91158122,0.79319745,1578642404598217,252437405012, HMD, -0.07507, 1.18129, 0.39155, 0.00527, -0.01768, 0.99870, -0.04753
3768906,1578642404610772,1,1,1,1,0,1,1,1,1,0,0.16595459,-0.31796265,0.93345642,0.18482971,-0.32435608,0.9276886,33.58195496,-1.33244324,-29.23251343,-25.13746643,-0.80741882,-22.73458862,0,0.0,4.21025085,4.21025085,0.90945041,0.78713024,1578642404598217,252437405012, HMD, -0.07507, 1.18129, 0.39155, 0.00527, -0.01768, 0.99870, -0.04753
3768915,1578642404615811,1,1,1,1,0,1,1,1,1,0,0.16543579,-0.31852722,0.93334961,0.18605042,-0.32316589,0.92785645,33.58506775,-1.32540894,-29.25062561,-25.14511108,-0.80599976,-22.75939941,0,0.0,4.21228027,4.21228027,0.91002393,0.78829819,1578642404623594,252437658834, HMD, -0.07499, 1.18098, 0.39161, 0.00490, -0.01722, 0.99880, -0.04562
3768915,1578642404619800,1,1,1,1,0,1,1,1,1,0,0.16543579,-0.31852722,0.93334961,0.18605042,-0.32316589,0.92785645,33.58506775,-1.32540894,-29.25062561,-25.14511108,-0.80599976,-22.75939941,0,0.0,4.21228027,4.21228027,0.91002393,0.78829819,1578642404623594,252437658834, HMD, -0.07499, 1.18098, 0.39161, 0.00490, -0.01722, 0.99880, -0.04562
3768915,1578642404622869,1,1,1,1,0,1,1,1,1,0,0.16421509,-0.31816101,0.93370056,0.17808533,-0.32388306,0.9291687,33.58836365,-1.31669617,-29.28179932,-25.14723206,-0.79754639,-22.77713013,0,0.0,4.20820618,4.20820618,0.91002393,0.78829819,1578642404623594,252437658834, HMD, -0.07499, 1.18098, 0.39161, 0.00490, -0.01722, 0.99880, -0.04562
3768923,1578642404626853,1,1,1,1,0,1,1,1,1,0,0.16421509,-0.31816101,0.93370056,0.17808533,-0.32388306,0.9291687,33.58836365,-1.31669617,-29.28179932,-25.14723206,-0.79754639,-22.77713013,0,0.0,4.20820618,4.20820618,0.91756511,0.79786664,1578642404626835,252437691194, HMD, -0.07498, 1.18093, 0.39163, 0.00484, -0.01717, 0.99881, -0.04535
3768923,1578642404630850,1,1,1,1,0,1,1,1,1,0,0.16421509,-0.31816101,0.93370056,0.17808533,-0.32388306,0.9291687,33.58836365,-1.31669617,-29.28179932,-25.14723206,-0.79754639,-22.77713013,0,0.0,4.20820618,4.20820618,0.91756511,0.79786664,1578642404626964,252437692488, HMD, -0.07498, 1.18093, 0.39163, 0.00485, -0.01717, 0.99881, -0.04533
3768931,1578642404635905,1,1,1,1,0,1,1,1,1,0,0.16339111,-0.3177948,0.93395996,0.18356323,-0.32325745,0.92832947,33.5916748,-1.3079834,-29.31297302,-25.17164612,-0.79719543,-22.77970886,0,0.0,4.20446777,4.20446777,0.91756511,0.79786664,1578642404642700,252437849871, HMD, -0.07488, 1.18069, 0.39168, 0.00460, -0.01686, 0.99888, -0.04396
3768931,1578642404639893,1,1,1,1,0,1,1,1,1,0,0.16339111,-0.3177948,0.93395996,0.18356323,-0.32325745,0.92832947,33.5916748,-1.3079834,-29.31297302,-25.17164612,-0.79719543,-22.77970886,0,0.0,4.20446777,4.20446777,0.91756511,0.79786664,1578642404642700,252437849871, HMD, -0.07488, 1.18069, 0.39168, 0.00460, -0.01686, 0.99888, -0.04396
3768940,1578642404643904,1,1,1,1,0,1,1,1,1,0,0.16203308,-0.31590271,0.93484497,0.18457031,-0.32341003,0.92807007,33.5962677,-1.30303955,-29.35400391,-25.17706299,-0.79499817,-22.78353882,0,0.0,4.20018005,4.20018005,0.91252941,0.78863317,1578642404643861,252437861449, HMD, -0.07487, 1.18068, 0.39169, 0.00459, -0.01684, 0.99889, -0.04386
3768940,1578642404647958,1,1,1,1,0,1,1,1,1,0,0.16203308,-0.31590271,0.93484497,0.18457031,-0.32341003,0.92807007,33.5962677,-1.30303955,-29.35400391,-25.17706299,-0.79499817,-22.78353882,0,0.0,4.20018005,4.20018005,0.91252941,0.78863317,1578642404645764,252437880484, HMD, -0.07487, 1.18065, 0.39170, 0.00456, -0.01681, 0.99889, -0.04369
3768948,1578642404652011,1,1,1,1,0,1,1,1,1,0,0.16075134,-0.31665039,0.93481445,0.18359375,-0.31069946,0.93260193,33.60134888,-1.29792786,-29.36016846,-25.18502808,-0.75535583,-23.08676147,0,0.0,4.19596863,4.19596863,0.91252941,0.78863317,1578642404645764,252437880484, HMD, -0.07487, 1.18065, 0.39170, 0.00456, -0.01681, 0.99889, -0.04369
3768956,1578642404657893,1,1,1,1,0,1,1,1,1,0,0.15931702,-0.31404114,0.93592834,0.18223572,-0.30996704,0.93310547,33.60647583,-1.2915802,-29.39337158,-25.1897583,-0.72091675,-23.20462036,0,0.0,4.19468689,4.19468689,0.91697294,0.79673731,1578642404660987,252438032744, HMD, -0.07484, 1.18043, 0.39176, 0.00439, -0.01655, 0.99896, -0.04231
3768956,1578642404661887,1,1,1,1,0,1,1,1,1,0,0.15931702,-0.31404114,0.93592834,0.18223572,-0.30996704,0.93310547,33.60647583,-1.2915802,-29.39337158,-25.1897583,-0.72091675,-23.20462036,0,0.0,4.19468689,4.19468689,0.91697294,0.79673731,1578642404661948,252438042327, HMD, -0.07484, 1.18042, 0.39176, 0.00438, -0.01653, 0.99896, -0.04222
3768965,1578642404666881,1,1,1,1,0,1,1,1,1,0,0.15893555,-0.31236267,0.93656921,0.18121338,-0.30697632,0.93429565,33.6104126,-1.28892517,-29.39498901,-25.19042969,-0.71784973,-23.21566772,0,0.0,4.18730164,4.18730164,0.91697294,0.79673731,1578642404664156,252438064405, HMD, -0.07483, 1.18038, 0.39178, 0.00436, -0.01650, 0.99897, -0.04201
3768965,1578642404670888,1,1,1,1,0,1,1,1,1,0,0.15893555,-0.31236267,0.93656921,0.18121338,-0.30697632,0.93429565,33.6104126,-1.28892517,-29.39498901,-25.19042969,-0.71784973,-23.21566772,0,0.0,4.18730164,4.18730164,0.91697294,0.79673731,1578642404674201,252438164870, HMD, -0.07484, 1.18023, 0.39184, 0.00426, -0.01633, 0.99901, -0.04107
3768973,1578642404674923,1,1,1,1,0,1,1,1,1,0,0.15855408,-0.31498718,0.93574524,0.1809082,-0.31188965,0.932724,33.61201477,-1.27227783,-29.39498901,-25.19099426,-0.68193054,-23.24880981,0,0.0,4.18739319,4.18739319,0.9216485,0.78780317,1578642404674979,252438172632, HMD, -0.07484, 1.18022, 0.39185, 0.00425, -0.01631, 0.99902, -0.04100
3768973,1578642404678934,1,1,1,1,0,1,1,1,1,0,0.15855408,-0.31498718,0.93574524,0.1809082,-0.31188965,0.932724,33.61201477,-1.27227783,-29.39498901,-25.19099426,-0.68193054,-23.24880981,0,0.0,4.18739319,4.18739319,0.9216485,0.78780317,1578642404677466,252438197503, HMD, -0.07483, 1.18018, 0.39186, 0.00423, -0.01628, 0.99903, -0.04078
3768981,1578642404683927,1,1,1,1,0,1,1,1,1,0,0.15852356,-0.31800842,0.9347229,0.1809845,-0.3134613,0.93218994,33.61254883,-1.25915527,-29.39498901,-25.19200134,-0.6650238,-23.24880981,0,0.0,4.18833923,4.18833923,0.9216485,0.78780317,1578642404687601,252438298879, HMD, -0.07481, 1.18001, 0.39191, 0.00415, -0.01615, 0.99907, -0.03984
3768981,1578642404687939,1,1,1,1,0,1,1,1,1,0,0.15852356,-0.31800842,0.9347229,0.1809845,-0.3134613,0.93218994,33.61254883,-1.25915527,-29.39498901,-25.19200134,-0.6650238,-23.24880981,0,0.0,4.18833923,4.18833923,0.9216485,0.78780317,1578642404687873,252438301572, HMD, -0.07481, 1.18001, 0.39191, 0.00415, -0.01614, 0.99907, -0.03981
3768990,1578642404691926,1,1,1,1,0,1,1,1,1,0,0.15802002,-0.31716919,0.93510437,0.18107605,-0.3129425,0.93234253,33.61526489,-1.25709534,-29.39498901,-25.19398499,-0.66435242,-23.24880981,0,0.0,4.18850708,4.18850708,0.92057359,0.79985243,1578642404691226,252438335107, HMD, -0.07479, 1.17994, 0.39192, 0.00412, -0.01608, 0.99908, -0.03950
3768990,1578642404696917,1,1,1,1,0,1,1,1,1,0,0.15802002,-0.31716919,0.93510437,0.18107605,-0.3129425,0.93234253,33.61526489,-1.25709534,-29.39498901,-25.19398499,-0.66435242,-23.24880981,0,0.0,4.18850708,4.18850708,0.92057359,0.79985243,1578642404700329,252438426151, HMD, -0.07477, 1.17978, 0.39198, 0.00401, -0.01596, 0.99912, -0.03865
3768998,1578642404700954,1,1,1,1,0,1,1,1,1,0,0.15815735,-0.3162384,0.93539429,0.18113708,-0.3115387,0.93280029,33.61566162,-1.25540161,-29.39498901,-25.19476318,-0.6640625,-23.24880981,0,0.0,4.18908691,4.18908691,0.92057359,0.79985243,1578642404700867,252438431515, HMD, -0.07477, 1.17977, 0.39198, 0.00401, -0.01596, 0.99912, -0.03859
3768998,1578642404705008,1,1,1,1,0,1,1,1,1,0,0.15815735,-0.3162384,0.93539429,0.18113708,-0.3115387,0.93280029,33.61566162,-1.25540161,-29.39498901,-25.19476318,-0.6640625,-23.24880981,0,0.0,4.18908691,4.18908691,0.92057359,0.79985243,1578642404704456,252438467411, HMD, -0.07474, 1.17972, 0.39200, 0.00396, -0.01591, 0.99913, -0.03826
3769006,1578642404709009,1,1,1,1,0,1,1,1,1,0,0.15878296,-0.31118774,0.9369812,0.17385864,-0.30949402,0.93486023,33.61772156,-1.24855042,-29.39498901,-25.19638062,-0.66397095,-23.24880981,0,0.0,4.18986511,4.18986511,0.92756087,0.81377435,1578642404704456,252438467411, HMD, -0.07474, 1.17972, 0.39200, 0.00396, -0.01591, 0.99913, -0.03826
3769006,1578642404713026,1,1,1,1,0,1,1,1,1,0,0.15878296,-0.31118774,0.9369812,0.17385864,-0.30949402,0.93486023,33.61772156,-1.24855042,-29.39498901,-25.19638062,-0.66397095,-23.24880981,0,0.0,4.18986511,4.18986511,0.92756087,0.81377435,1578642404704456,252438467411, HMD, -0.07474, 1.17972, 0.39200, 0.00396, -0.01591, 0.99913, -0.03826
3769015,1578642404721022,1,1,1,1,0,1,1,1,1,0,0.15837097,-0.31033325,0.93733215,0.17469788,-0.30421448,0.93643188,33.61950684,-1.24554443,-29.39498901,-25.20056152,-0.66288757,-23.24880981,0,0.0,4.18641663,4.18641663,0.92756087,0.81377435,1578642404726117,252438684106, HMD, -0.07462, 1.17935, 0.39216, 0.00372, -0.01573, 0.99921, -0.03632
3769015,1578642404725101,1,1,1,1,0,1,1,1,1,0,0.15776062,-0.30819702,0.93814087,0.17497253,-0.29974365,0.93782043,33.62181091,-1.23309326,-29.40945435,-25.20808411,-0.66252136,-23.24880981,0,0.0,4.1832428,4.1832428,0.92756087,0.81377435,1578642404726117,252438684106, HMD, -0.07462, 1.17935, 0.39216, 0.00372, -0.01573, 0.99921, -0.03632
3769023,1578642404730189,1,1,1,1,0,1,1,1,1,0,0.15722656,-0.30430603,0.9394989,0.17370605,-0.29696655,0.93894958,33.62200928,-1.2315979,-29.44506836,-25.21405029,-0.66244507,-23.24880981,0,0.0,4.18218994,4.18218994,0.933384,0.81110281,1578642404730270,252438725539, HMD, -0.07460, 1.17928, 0.39219, 0.00364, -0.01571, 0.99922, -0.03595
3769031,1578642404734186,1,1,1,1,0,1,1,1,1,0,0.15722656,-0.30430603,0.9394989,0.17370605,-0.29696655,0.93894958,33.62200928,-1.2315979,-29.44506836,-25.21405029,-0.66244507,-23.24880981,0,0.0,4.18218994,4.18218994,0.933384,0.81110281,1578642404732337,252438746214, HMD, -0.07459, 1.17926, 0.39222, 0.00363, -0.01571, 0.99923, -0.03576
3769031,1578642404738214,1,1,1,1,0,1,1,1,1,0,0.15722656,-0.30430603,0.9394989,0.17370605,-0.29696655,0.93894958,33.62200928,-1.2315979,-29.44506836,-25.21405029,-0.66244507,-23.24880981,0,0.0,4.18218994,4.18218994,0.933384,0.81110281,1578642404732337,252438746214, HMD, -0.07459, 1.17926, 0.39222, 0.00363, -0.01571, 0.99923, -0.03576
3769040,1578642404742193,1,1,1,1,0,1,1,1,1,0,0.1554718,-0.30458069,0.93969727,0.17408752,-0.29728699,0.93876648,33.62576294,-1.21594238,-29.47668457,-25.21566772,-0.66172791,-23.23216248,0,0.0,4.17163086,4.17163086,0.93806046,0.80902743,1578642404732337,252438746214, HMD, -0.07459, 1.17926, 0.39222, 0.00363, -0.01571, 0.99923, -0.03576
3769040,1578642404746184,1,1,1,1,0,1,1,1,1,0,0.1554718,-0.30458069,0.93969727,0.17408752,-0.29728699,0.93876648,33.62576294,-1.21594238,-29.47668457,-25.21566772,-0.66172791,-23.23216248,0,0.0,4.17163086,4.17163086,0.93806046,0.80902743,1578642404752659,252438949471, HMD, -0.07451, 1.17895, 0.39240, 0.00335, -0.01571, 0.99929, -0.03406
3769040,1578642404750189,1,1,1,1,0,1,1,1,1,0,0.15470886,-0.29974365,0.94137573,0.17327881,-0.29722595,0.93893433,33.6292572,-1.213974,-29.55062866,-25.21646118,-0.66036987,-23.21453857,0,0.0,4.16902161,4.16902161,0.93806046,0.80902743,1578642404752659,252438949471, HMD, -0.07451, 1.17895, 0.39240, 0.00335, -0.01571, 0.99929, -0.03406
3769048,1578642404754178,1,1,1,1,0,1,1,1,1,0,0.15470886,-0.29974365,0.94137573,0.17327881,-0.29722595,0.93893433,33.6292572,-1.213974,-29.55062866,-25.21646118,-0.66036987,-23.21453857,0,0.0,4.16902161,4.16902161,0.93846506,0.81010419,1578642404754136,252438964201, HMD, -0.07450, 1.17892, 0.39242, 0.00332, -0.01571, 0.99930, -0.03393
3769056,1578642404758205,1,1,1,1,0,1,1,1,1,0,0.15356445,-0.29847717,0.94197083,0.17230225,-0.29554749,0.93965149,33.63424683,-1.20927429,-29.58120728,-25.21665955,-0.65559387,-23.20516968,0,0.0,4.16746521,4.16746521,0.94322419,0.79898089,1578642404755875,252438981592, HMD, -0.07449, 1.17890, 0.39243, 0.00330, -0.01570, 0.99930, -0.03379
3769056,1578642404763266,1,1,1,1,0,1,1,1,1,0,0.15356445,-0.29847717,0.94197083,0.17230225,-0.29554749,0.93965149,33.63424683,-1.20927429,-29.58120728,-25.21665955,-0.65559387,-23.20516968,0,0.0,4.16746521,4.16746521,0.94322419,0.79898089,1578642404766656,252439089431, HMD, -0.07443, 1.17874, 0.39251, 0.00311, -0.01576, 0.99933, -0.03289
3769065,1578642404767241,1,1,1,1,0,1,1,1,1,0,0.15219116,-0.30148315,0.9412384,0.17041016,-0.2966156,0.93966675,33.63980103,-1.18858337,-29.58120728,-25.21710205,-0.65318298,-23.19258118,0,0.0,4.16716003,4.16716003,0.94322419,0.79898089,1578642404767254,252439095385, HMD, -0.07443, 1.17873, 0.39252, 0.00310, -0.01576, 0.99933, -0.03284
3769065,1578642404771234,1,1,1,1,0,1,1,1,1,0,0.15219116,-0.30148315,0.9412384,0.17041016,-0.2966156,0.93966675,33.63980103,-1.18858337,-29.58120728,-25.21710205,-0.65318298,-23.19258118,0,0.0,4.16716003,4.16716003,0.94322419,0.79898089,1578642404770220,252439125044, HMD, -0.07441, 1.17869, 0.39255, 0.00305, -0.01575, 0.99934, -0.03261
3769073,1578642404775233,1,1,1,1,0,1,1,1,1,0,0.15126038,-0.29808044,0.94247437,0.16937256,-0.28924561,0.94213867,33.64353943,-1.18527222,-29.62280273,-25.21777344,-0.64665222,-23.19258118,0,0.0,4.19039917,4.19039917,0.9324699,0.80700248,1578642404770220,252439125044, HMD, -0.07441, 1.17869, 0.39255, 0.00305, -0.01575, 0.99934, -0.03261
3769073,1578642404779232,1,1,1,1,0,1,1,1,1,0,0.15126038,-0.29808044,0.94247437,0.16937256,-0.28924561,0.94213867,33.64353943,-1.18527222,-29.62280273,-25.21777344,-0.64665222,-23.19258118,0,0.0,4.19039917,4.19039917,0.9324699,0.80700248,1578642404770220,252439125044, HMD, -0.07441, 1.17869, 0.39255, 0.00305, -0.01575, 0.99934, -0.03261
3769081,1578642404785275,1,1,1,1,0,1,1,1,1,0,0.15116882,-0.28889465,0.94534302,0.16859436,-0.29177856,0.9414978,33.6448822,-1.17758179,-29.62280273,-25.21777344,-0.63571167,-23.1905365,0,0.0,4.16769409,4.16769409,0.9324699,0.80700248,1578642404789626,252439319121, HMD, -0.07431, 1.17838, 0.39278, 0.00265, -0.01578, 0.99939, -0.03098
3769081,1578642404789275,1,1,1,1,0,1,1,1,1,0,0.15116882,-0.28889465,0.94534302,0.16859436,-0.29177856,0.9414978,33.6448822,-1.17758179,-29.62280273,-25.21777344,-0.63571167,-23.1905365,0,0.0,4.16769409,4.16769409,0.9324699,0.80700248,1578642404789626,252439319121, HMD, -0.07431, 1.17838, 0.39278, 0.00265, -0.01578, 0.99939, -0.03098
3769090,1578642404793272,1,1,1,1,0,1,1,1,1,0,0.15100098,-0.30055237,0.94172668,0.16688538,-0.28720093,0.94320679,33.6448822,-1.06562805,-29.77154541,-25.21777344,-0.62718201,-23.19015503,0,0.0,4.17684937,4.17684937,0.94079012,0.81965089,1578642404793357,252439356416, HMD, -0.07430, 1.17832, 0.39284, 0.00258, -0.01577, 0.99940, -0.03068
3769090,1578642404797257,1,1,1,1,0,1,1,1,1,0,0.15100098,-0.30055237,0.94172668,0.16688538,-0.28720093,0.94320679,33.6448822,-1.06562805,-29.77154541,-25.21777344,-0.62718201,-23.19015503,0,0.0,4.17684937,4.17684937,0.94079012,0.81965089,1578642404794967,252439372514, HMD, -0.07429, 1.17830, 0.39286, 0.00254, -0.01577, 0.99941, -0.03055
3769098,1578642404801626,1,1,1,1,0,1,1,1,1,0,0.15115356,-0.30381775,0.94065857,0.16639709,-0.28872681,0.94282532,33.6448822,-1.02297974,-29.8565979,-25.21780396,-0.62011719,-23.18818665,0,0.0,4.18443298,4.18443298,0.94079012,0.81965089,1578642404794967,252439372514, HMD, -0.07429, 1.17830, 0.39286, 0.00254, -0.01577, 0.99941, -0.03055
3769106,1578642404808187,1,1,1,1,0,1,1,1,1,0,0.15074158,-0.29896545,0.942276,0.16596985,-0.28378296,0.94441223,33.6448822,-0.98544312,-29.93818665,-25.21891785,-0.61764526,-23.1865387,0,0.0,4.18388367,4.18388367,0.94206625,0.82237649,1578642404810984,252439532707, HMD, -0.07419, 1.17807, 0.39308, 0.00211, -0.01570, 0.99945, -0.02922
3769106,1578642404812177,1,1,1,1,0,1,1,1,1,0,0.15074158,-0.29896545,0.942276,0.16596985,-0.28378296,0.94441223,33.6448822,-0.98544312,-29.93818665,-25.21891785,-0.61764526,-23.1865387,0,0.0,4.18388367,4.18388367,0.94206625,0.82237649,1578642404812198,252439544827, HMD, -0.07419, 1.17805, 0.39309, 0.00208, -0.01569, 0.99945, -0.02912
3769115,1578642404816184,1,1,1,1,0,1,1,1,1,0,0.15106201,-0.29769897,0.94262695,0.16474915,-0.28329468,0.94476318,33.64511108,-0.96588135,-29.9785614,-25.21891785,-0.61279297,-23.18464661,0,0.0,4.19313049,4.19313049,0.94206625,0.82237649,1578642404816118,252439584026, HMD, -0.07415, 1.17799, 0.39315, 0.00195, -0.01566, 0.99946, -0.02880
3769115,1578642404820177,1,1,1,1,0,1,1,1,1,0,0.15106201,-0.29769897,0.94262695,0.16474915,-0.28329468,0.94476318,33.64511108,-0.96588135,-29.9785614,-25.21891785,-0.61279297,-23.18464661,0,0.0,4.19313049,4.19313049,0.94206625,0.82237649,1578642404816306,252439585908, HMD, -0.07415, 1.17799, 0.39315, 0.00194, -0.01566, 0.99946, -0.02879
3769115,1578642404823264,1,1,1,1,0,1,1,1,1,0,0.15106201,-0.29769897,0.94262695,0.16474915,-0.28329468,0.94476318,33.64511108,-0.96588135,-29.9785614,-25.21891785,-0.61279297,-23.18464661,0,0.0,4.19313049,4.19313049,0.94206625,0.82237649,1578642404827094,252439693793, HMD, -0.07406, 1.17781, 0.39329, 0.00152, -0.01558, 0.99949, -0.02796
3769123,1578642404827223,1,1,1,1,0,1,1,1,1,0,0.15534973,-0.3026886,0.94033813,0.16334534,-0.28253174,0.94523621,33.65914917,-0.91331482,-30.06922913,-25.21891785,-0.61239624,-23.1824646,0,0.0,4.19259644,4.19259644,0.94456089,0.81308514,1578642404827255,252439695398, HMD, -0.07406, 1.17781, 0.39329, 0.00151, -0.01558, 0.99949, -0.02795
3769123,1578642404831232,1,1,1,1,0,1,1,1,1,0,0.15534973,-0.3026886,0.94033813,0.16334534,-0.28253174,0.94523621,33.65914917,-0.91331482,-30.06922913,-25.21891785,-0.61239624,-23.1824646,0,0.0,4.19259644,4.19259644,0.94456089,0.81308514,1578642404830188,252439724724, HMD, -0.07402, 1.17777, 0.39333, 0.00137, -0.01556, 0.99949, -0.02772
3769131,1578642404835383,1,1,1,1,0,1,1,1,1,0,0.15383911,-0.292099,0.94392395,0.1630249,-0.28474426,0.94462585,33.67793274,-0.91316223,-30.0294342,-25.21891785,-0.60673523,-23.15783691,0,0.0,4.21542358,4.21542358,0.94456089,0.81308514,1578642404830188,252439724724, HMD, -0.07402, 1.17777, 0.39333, 0.00137, -0.01556, 0.99949, -0.02772
3769140,1578642404842271,1,1,1,1,0,1,1,1,1,0,0.15075684,-0.2869873,0.94598389,0.16362,-0.28582764,0.94419861,33.70223999,-0.92437744,-29.99212646,-25.21891785,-0.6031189,-23.09083557,0,0.0,4.27972412,4.27972412,0.94277465,0.82029837,1578642404853678,252439959672, HMD, -0.07368, 1.17738, 0.39365, 0.00000, 0.01537, -0.99954, 0.02596
3769140,1578642404846405,1,1,1,1,0,1,1,1,1,0,0.15075684,-0.2869873,0.94598389,0.16362,-0.28582764,0.94419861,33.70223999,-0.92437744,-29.99212646,-25.21891785,-0.6031189,-23.09083557,0,0.0,4.27972412,4.27972412,0.94277465,0.82029837,1578642404853678,252439959672, HMD, -0.07368, 1.17738, 0.39365, 0.00000, 0.01537, -0.99954, 0.02596
3769148,1578642404851856,1,1,1,1,0,1,1,1,1,0,0.14755249,-0.28173828,0.94807434,0.16386414,-0.28385925,0.94474792,33.72137451,-0.95329285,-29.90751648,-25.21891785,-0.6031189,-23.07542419,0,0.0,4.28038025,4.28038025,0.94277465,0.82029837,1578642404853678,252439959672, HMD, -0.07368, 1.17738, 0.39365, 0.00000, 0.01537, -0.99954, 0.02596
3769148,1578642404855343,1,1,1,1,0,1,1,1,1,0,0.14755249,-0.28173828,0.94807434,0.16386414,-0.28385925,0.94474792,33.72137451,-0.95329285,-29.90751648,-25.21891785,-0.6031189,-23.07542419,0,0.0,4.28038025,4.28038025,0.94277465,0.82029837,1578642404855351,252439976360, HMD, -0.07365, 1.17735, 0.39367, 0.00021, 0.01536, -0.99955, 0.02583
3769156,1578642404859432,1,1,1,1,0,1,1,1,1,0,0.1544342,-0.28134155,0.94708252,0.17054749,-0.28323364,0.9437561,33.7731781,-0.93888855,-30.00126648,-25.11367798,-0.65542603,-22.51858521,0,0.0,4.33152771,4.33152771,0.95676774,0.81356537,1578642404857700,252439999845, HMD, -0.07361, 1.17732, 0.39371, 0.00042, 0.01534, -0.99955, 0.02565
3769156,1578642404862701,1,1,1,1,0,1,1,1,1,0,0.1544342,-0.28134155,0.94708252,0.17054749,-0.28323364,0.9437561,33.7731781,-0.93888855,-30.00126648,-25.11367798,-0.65542603,-22.51858521,0,0.0,4.33152771,4.33152771,0.95676774,0.81356537,1578642404857700,252439999845, HMD, -0.07361, 1.17732, 0.39371, 0.00042, 0.01534, -0.99955, 0.02565
3769165,1578642404866733,1,1,1,1,0,1,1,1,1,0,0.20469666,-0.28068542,0.93769836,0.21313477,-0.28918457,0.93322754,33.86712646,-1.18850708,-29.29794312,-24.91459656,-0.77928162,-22.31921387,0,0.0,4.32025146,4.32025146,0.95676774,0.81356537,1578642404857700,252439999845, HMD, -0.07361, 1.17732, 0.39371, 0.00042, 0.01534, -0.99955, 0.02565
3769165,1578642404870696,1,1,1,1,0,1,1,1,1,0,0.20469666,-0.28068542,0.93769836,0.21313477,-0.28918457,0.93322754,33.86712646,-1.18850708,-29.29794312,-24.91459656,-0.77928162,-22.31921387,0,0.0,4.32025146,4.32025146,0.95676774,0.81356537,1578642404883278,252440255653, HMD, -0.07303, 1.17690, 0.39411, 0.00313, 0.01523, -0.99960, 0.02353
3769165,1578642404874735,1,1,1,1,0,1,1,1,1,0,0.25132751,-0.27110291,0.92913818,0.26728821,-0.2820282,0.92140198,34.02610779,-1.17408752,-29.4755249,-24.6101532,-0.95375061,-22.04431152,0,0.0,4.30335999,4.30335999,0.95676774,0.81356537,1578642404883278,252440255653, HMD, -0.07303, 1.17690, 0.39411, 0.00313, 0.01523, -0.99960, 0.02353
3769173,1578642404878728,1,1,1,1,0,1,1,1,1,0,0.25132751,-0.27110291,0.92913818,0.26728821,-0.2820282,0.92140198,34.02610779,-1.17408752,-29.4755249,-24.6101532,-0.95375061,-22.04431152,0,0.0,4.30335999,4.30335999,0.93874055,0.78980708,1578642404883278,252440255653, HMD, -0.07303, 1.17690, 0.39411, 0.00313, 0.01523, -0.99960, 0.02353
3769181,1578642404882815,1,1,1,1,0,1,1,1,1,0,0.28089905,-0.28816223,0.91543579,0.28715515,-0.25228882,0.92405701,34.25404358,-0.86741638,-30.44198608,-24.25912476,-0.62545776,-23.65692139,0,0.0,4.36839294,4.36839294,0.93914098,0.79096425,1578642404883278,252440255653, HMD, -0.07303, 1.17690, 0.39411, 0.00313, 0.01523, -0.99960, 0.02353
3769181,1578642404886757,1,1,1,1,0,1,1,1,1,0,0.28089905,-0.28816223,0.91543579,0.28715515,-0.25228882,0.92405701,34.25404358,-0.86741638,-30.44198608,-24.25912476,-0.62545776,-23.65692139,0,0.0,4.36839294,4.36839294,0.93914098,0.79096425,1578642404886747,252440290313, HMD, -0.07294, 1.17684, 0.39416, 0.00353, 0.01522, -0.99961, 0.02322
3769190,1578642404890746,1,1,1,1,0,1,1,1,1,0,0.38444519,-0.30369568,0.87174988,0.35816956,-0.24343872,0.90135193,34.30218506,-1.98388672,-26.61715698,-24.0305481,-1.0426178,-22.50653076,0,0.0,4.55862427,4.55862427,0.92749083,0.71432781,1578642404886747,252440290313, HMD, -0.07294, 1.17684, 0.39416, 0.00353, 0.01522, -0.99961, 0.02322
3769190,1578642404896743,1,1,1,1,0,1,1,1,1,0,0.38444519,-0.30369568,0.87174988,0.35816956,-0.24343872,0.90135193,34.30218506,-1.98388672,-26.61715698,-24.0305481,-1.0426178,-22.50653076,0,0.0,4.55862427,4.55862427,0.92749083,0.71432781,1578642404896920,252440392060, HMD, -0.07274, 1.17667, 0.39432, 0.00470, 0.01517, -0.99963, 0.02226
3769198,1578642404900756,1,1,1,1,0,1,1,1,1,0,0.39289856,-0.28559875,0.87409973,0.35133362,-0.2442627,0.90380859,34.50875854,-1.48027039,-28.72872925,-23.66894531,-0.54071045,-24.54780579,0,0.0,4.48588562,4.48588562,0.92749083,0.71432781,1578642404899984,252440422679, HMD, -0.07267, 1.17661, 0.39436, 0.00507, 0.01516, -0.99963, 0.02196
3769198,1578642404906760,1,1,1,1,0,1,1,1,1,0,0.37916565,-0.28686523,0.87973022,0.35559082,-0.25592041,0.89891052,34.62414551,-1.05050659,-30.2066803,-23.65391541,-0.40386963,-24.97669983,0,0.0,4.45779419,4.45779419,0.92749083,0.71432781,1578642404911424,252440537185, HMD, -0.07238, 1.17642, 0.39452, 0.00643, 0.01509, -0.99965, 0.02077
3769206,1578642404910737,1,1,1,1,0,1,1,1,1,0,0.37916565,-0.28686523,0.87973022,0.35559082,-0.25592041,0.89891052,34.62414551,-1.05050659,-30.2066803,-23.65391541,-0.40386963,-24.97669983,0,0.0,4.45779419,4.45779419,0.9073199,0.67098713,1578642404911424,252440537185, HMD, -0.07238, 1.17642, 0.39452, 0.00643, 0.01509, -0.99965, 0.02077
3769215,1578642404914744,1,1,1,1,0,1,1,1,1,0,0.37945557,-0.28384399,0.88058472,0.35914612,-0.2434082,0.90097046,34.6217041,-1.10314941,-30.06040955,-23.69671631,-0.47885132,-24.70507813,0,0.0,4.4637146,4.4637146,0.9073199,0.67098713,1578642404914815,252440570996, HMD, -0.07229, 1.17635, 0.39457, 0.00683, 0.01507, -0.99966, 0.02040
3769215,1578642404918752,1,1,1,1,0,1,1,1,1,0,0.37945557,-0.28384399,0.88058472,0.35914612,-0.2434082,0.90097046,34.6217041,-1.10314941,-30.06040955,-23.69671631,-0.47885132,-24.70507813,0,0.0,4.4637146,4.4637146,0.9073199,0.67098713,1578642404915555,252440578392, HMD, -0.07227, 1.17633, 0.39458, 0.00692, 0.01506, -0.99966, 0.02031
3769215,1578642404922750,1,1,1,1,0,1,1,1,1,0,0.37945557,-0.28384399,0.88058472,0.35914612,-0.2434082,0.90097046,34.6217041,-1.10314941,-30.06040955,-23.69671631,-0.47885132,-24.70507813,0,0.0,4.4637146,4.4637146,0.9073199,0.67098713,1578642404929163,252440714480, HMD, -0.07194, 1.17603, 0.39473, 0.00856, 0.01496, -0.99968, 0.01872
3769223,1578642404926740,1,1,1,1,0,1,1,1,1,0,0.38821411,-0.27926636,0.8782196,0.35458374,-0.24575806,0.90214539,34.61825562,-1.09031677,-30.10676575,-23.73791504,-0.61956787,-24.21138,0,0.0,4.59016418,4.59016418,0.92109156,0.69427472,1578642404929163,252440714480, HMD, -0.07194, 1.17603, 0.39473, 0.00856, 0.01496, -0.99968, 0.01872
3769223,1578642404930730,1,1,1,1,0,1,1,1,1,0,0.38821411,-0.27926636,0.8782196,0.35458374,-0.24575806,0.90214539,34.61825562,-1.09031677,-30.10676575,-23.73791504,-0.61956787,-24.21138,0,0.0,4.59016418,4.59016418,0.92109156,0.69427472,1578642404930695,252440729792, HMD, -0.07191, 1.17600, 0.39476, 0.00874, 0.01495, -0.99968, 0.01853
3769231,1578642404934789,1,1,1,1,0,1,1,1,1,0,0.38093567,-0.28511047,0.87953186,0.34580994,-0.24209595,0.90652466,34.59663391,-1.22727966,-29.64341736,-23.76109314,-0.59594727,-24.27323914,0,0.0,4.61791992,4.61791992,0.92109156,0.69427472,1578642404932173,252440744576, HMD, -0.07190, 1.17597, 0.39478, 0.00894, 0.01494, -0.99968, 0.01833
3769231,1578642404938734,1,1,1,1,0,1,1,1,1,0,0.38093567,-0.28511047,0.87953186,0.34580994,-0.24209595,0.90652466,34.59663391,-1.22727966,-29.64341736,-23.76109314,-0.59594727,-24.27323914,0,0.0,4.61791992,4.61791992,0.92109156,0.69427472,1578642404932173,252440744576, HMD, -0.07190, 1.17597, 0.39478, 0.00894, 0.01494, -0.99968, 0.01833
3769240,1578642404942727,1,1,1,1,0,1,1,1,1,0,0.43199158,-0.2774353,0.85813904,0.35531616,-0.24217224,0.90281677,34.54067993,-2.16149902,-26.31289673,-23.80032349,-0.57202148,-24.28761292,0,0.0,4.70689392,4.70689392,0.9285571,0.70711952,1578642404950130,252440924152, HMD, -0.07151, 1.17555, 0.39499, 0.01101, 0.01480, -0.99970, 0.01599
3769248,1578642404951734,1,1,1,1,0,1,1,1,1,0,0.42778015,-0.27813721,0.86001587,0.35580444,-0.24951172,0.90061951,34.53598022,-2.32493591,-25.73654175,-23.83465576,-0.5308075,-24.3614502,0,0.0,4.766922,4.766922,0.9285571,0.70711952,1578642404951689,252440939730, HMD, -0.07147, 1.17551, 0.39501, 0.01119, 0.01478, -0.99970, 0.01577
3769248,1578642404955730,1,1,1,1,0,1,1,1,1,0,0.42778015,-0.27813721,0.86001587,0.35580444,-0.24951172,0.90061951,34.53598022,-2.32493591,-25.73654175,-23.83465576,-0.5308075,-24.3614502,0,0.0,4.766922,4.766922,0.9285571,0.70711952,1578642404953404,252440956887, HMD, -0.07143, 1.17547, 0.39504, 0.01137, 0.01476, -0.99971, 0.01554
3769256,1578642404961728,1,1,1,1,0,1,1,1,1,0,0.43354797,-0.27980042,0.85658264,0.35209656,-0.24775696,0.90255737,34.52090454,-2.33331299,-25.63276672,-23.86160278,-0.43626404,-24.6451416,0,0.0,4.81059265,4.81059265,0.93939048,0.71204877,1578642404963238,252441055228, HMD, -0.07121, 1.17520, 0.39517, 0.01242, 0.01468, -0.99971, 0.01415
3769265,1578642404965739,1,1,1,1,0,1,1,1,1,0,0.42674255,-0.28370667,0.85870361,0.33480835,-0.25445557,0.90727234,34.50306702,-2.35127258,-25.52430725,-23.89161682,-0.29664612,-25.05659485,0,0.0,4.78651428,4.78651428,0.93939048,0.71204877,1578642404965762,252441080461, HMD, -0.07116, 1.17513, 0.39520, 0.01268, 0.01465, -0.99972, 0.01379
3769265,1578642404970720,1,1,1,1,0,1,1,1,1,0,0.42674255,-0.28370667,0.85870361,0.33480835,-0.25445557,0.90727234,34.50306702,-2.35127258,-25.52430725,-23.89161682,-0.29664612,-25.05659485,0,0.0,4.78651428,4.78651428,0.93939048,0.71204877,1578642404966339,252441086231, HMD, -0.07114, 1.17511, 0.39521, 0.01273, 0.01465, -0.99972, 0.01371
3769273,1578642404974735,1,1,1,1,0,1,1,1,1,0,0.42463684,-0.28614807,0.8589325,0.33599854,-0.2479248,0.90863037,34.47250366,-2.33035278,-25.5091095,-23.92410278,-0.15135193,-25.54763794,0,0.0,4.72064209,4.72064209,0.94787812,0.72346878,1578642404976641,252441189257, HMD, -0.07090, 1.17482, 0.39536, 0.01370, 0.01456, -0.99972, 0.01226
3769281,1578642404984717,1,1,1,1,0,1,1,1,1,0,0.37388611,-0.28318787,0.88317871,0.352005,-0.24293518,0.90391541,34.52403259,-1.14656067,-29.57176208,-23.98291016,-0.32658386,-24.84681702,0,0.0,4.56776428,4.56776428,0.94787812,0.72346878,1578642404980652,252441229362, HMD, -0.07082, 1.17471, 0.39542, 0.01406, 0.01454, -0.99973, 0.01170
3769281,1578642404988714,1,1,1,1,0,1,1,1,1,0,0.37388611,-0.28318787,0.88317871,0.352005,-0.24293518,0.90391541,34.52403259,-1.14656067,-29.57176208,-23.98291016,-0.32658386,-24.84681702,0,0.0,4.56776428,4.56776428,0.94787812,0.72346878,1578642404989061,252441313471, HMD, -0.07067, 1.17446, 0.39557, 0.01477, 0.01449, -0.99973, 0.01052
3769290,1578642404993712,1,1,1,1,0,1,1,1,1,0,0.36454773,-0.27302551,0.89024353,0.34829712,-0.23886108,0.90643311,34.49954224,-1.12583923,-29.57824707,-24.00294495,-0.3710022,-24.64009094,0,0.0,4.57685852,4.57685852,0.95138991,0.73302859,1578642404992812,252441350966, HMD, -0.07059, 1.17434, 0.39563, 0.01506, 0.01445, -0.99973, 0.01002
3769290,1578642404997729,1,1,1,1,0,1,1,1,1,0,0.36454773,-0.27302551,0.89024353,0.34829712,-0.23886108,0.90643311,34.49954224,-1.12583923,-29.57824707,-24.00294495,-0.3710022,-24.64009094,0,0.0,4.57685852,4.57685852,0.95138991,0.73302859,1578642404992812,252441350966, HMD, -0.07059, 1.17434, 0.39563, 0.01506, 0.01445, -0.99973, 0.01002
3769298,1578642405002742,1,1,1,1,0,1,1,1,1,0,0.36854553,-0.2714386,0.88908386,0.40441895,-0.24066162,0.88232422,34.49581909,-1.11791992,-29.5851593,-24.15760803,-1.05128479,-22.06971741,0,0.0,4.57759094,4.57759094,0.95138991,0.73302859,1578642405003403,252441456900, HMD, -0.07040, 1.17402, 0.39584, 0.01581, 0.01432, -0.99974, 0.00859
3769306,1578642405006716,1,1,1,1,0,1,1,1,1,0,0.37263489,-0.26786804,0.88845825,0.39801025,-0.24131775,0.88505554,34.49209595,-1.12243652,-29.57824707,-24.13661194,-1.00971985,-22.13641357,0,0.0,4.57843018,4.57843018,0.95799994,0.75404167,1578642405006719,252441490034, HMD, -0.07035, 1.17393, 0.39590, 0.01601, 0.01427, -0.99974, 0.00816
3769315,1578642405017708,1,1,1,1,0,1,1,1,1,0,0.37036133,-0.26901245,0.8890686,0.39996338,-0.23777771,0.88513184,34.49157715,-1.12039185,-29.55558777,-24.15322876,-0.97619629,-22.1709137,0,0.0,4.57640076,4.57640076,0.95828015,0.75533468,1578642405007149,252441494332, HMD, -0.07034, 1.17392, 0.39591, 0.01604, 0.01426, -0.99974, 0.00810
3769315,1578642405021716,1,1,1,1,0,1,1,1,1,0,0.37036133,-0.26901245,0.8890686,0.39996338,-0.23777771,0.88513184,34.49157715,-1.12039185,-29.55558777,-24.15322876,-0.97619629,-22.1709137,0,0.0,4.57640076,4.57640076,0.95828015,0.75533468,1578642405033268,252441755528, HMD, -0.06992, 1.17321, 0.39647, 0.01743, 0.01370, -0.99974, 0.00485
3769323,1578642405025705,1,1,1,1,0,1,1,1,1,0,0.37057495,-0.26876831,0.88905334,0.40289307,-0.22756958,0.88648987,34.49209595,-1.12243652,-29.53294373,-24.16020203,-0.97767639,-22.10682678,0,0.0,4.5753479,4.5753479,0.96372503,0.77027488,1578642405033268,252441755528, HMD, -0.06992, 1.17321, 0.39647, 0.01743, 0.01370, -0.99974, 0.00485
3769331,1578642405035703,1,1,1,1,0,1,1,1,1,0,0.37001038,-0.2676239,0.88963318,0.44203186,-0.2507782,0.86122131,34.49293518,-1.12414551,-29.52766418,-24.21676636,-1.50582886,-19.71949768,0,0.0,4.56907654,4.56907654,0.96372503,0.77027488,1578642405035620,252441779048, HMD, -0.06989, 1.17315, 0.39652, 0.01753, 0.01364, -0.99974, 0.00457
3769331,1578642405039698,1,1,1,1,0,1,1,1,1,0,0.37001038,-0.2676239,0.88963318,0.44203186,-0.2507782,0.86122131,34.49293518,-1.12414551,-29.52766418,-24.21676636,-1.50582886,-19.71949768,0,0.0,4.56907654,4.56907654,0.96372503,0.77027488,1578642405037218,252441795025, HMD, -0.06987, 1.17311, 0.39655, 0.01759, 0.01361, -0.99974, 0.00438
3769340,1578642405043703,1,1,1,1,0,1,1,1,1,0,0.37042236,-0.26965332,0.88883972,0.48429871,-0.27500916,0.83055115,34.49377441,-1.12243652,-29.5223999,-24.23887634,-2.03396606,-17.33216858,0,0.0,4.57426453,4.57426453,0.95430022,0.79517168,1578642405047558,252441898432, HMD, -0.06969, 1.17290, 0.39676, 0.01794, 0.01336, -0.99974, 0.00312
3769340,1578642405047695,1,1,1,1,0,1,1,1,1,0,0.37042236,-0.26965332,0.88883972,0.48429871,-0.27500916,0.83055115,34.49377441,-1.12243652,-29.5223999,-24.23887634,-2.03396606,-17.33216858,0,0.0,4.57426453,4.57426453,0.95430022,0.79517168,1578642405047723,252441900080, HMD, -0.06969, 1.17289, 0.39676, 0.01795, 0.01336, -0.99974, 0.00310
3769348,1578642405051704,1,1,1,1,0,1,1,1,1,0,0.37020874,-0.26911926,0.88909912,0.48553467,-0.27912903,0.82844543,34.49534607,-1.12039185,-29.51693726,-24.25286865,-2.07658386,-17.16835022,0,0.0,4.57466125,4.57466125,0.95430022,0.79517168,1578642405050785,252441930698, HMD, -0.06967, 1.17284, 0.39684, 0.01803, 0.01331, -0.99975, 0.00274
3769348,1578642405055682,1,1,1,1,0,1,1,1,1,0,0.37020874,-0.26911926,0.88909912,0.48553467,-0.27912903,0.82844543,34.49534607,-1.12039185,-29.51693726,-24.25286865,-2.07658386,-17.16835022,0,0.0,4.57466125,4.57466125,0.95430022,0.79517168,1578642405050785,252441930698, HMD, -0.06967, 1.17284, 0.39684, 0.01803, 0.01331, -0.99975, 0.00274
3769356,1578642405059698,1,1,1,1,0,1,1,1,1,0,0.36958313,-0.26783752,0.88973999,0.48904419,-0.2756958,0.82752991,34.49690247,-1.11834717,-29.5223999,-24.2668457,-2.11920166,-17.0045166,0,0.0,4.57539368,4.57539368,0.95601928,0.78381842,1578642405060893,252442031815, HMD, -0.06955, 1.17260, 0.39707, 0.01824, 0.01309, -0.99975, 0.00150
3769365,1578642405064690,1,1,1,1,0,0,0,1,1,0,0.36878967,-0.26728821,0.89024353,0.0,0.0,0.0,34.49822998,-1.11529541,-29.51693726,0.0,0.0,0.0,0,0.0,4.574646,4.574646,0.95601928,0.78381842,1578642405064175,252442064596, HMD, -0.06953, 1.17252, 0.39714, 0.01828, 0.01305, -0.99975, 0.00106
3769365,1578642405068690,1,1,1,1,0,0,0,1,1,0,0.36878967,-0.26728821,0.89024353,0.0,0.0,0.0,34.49822998,-1.11529541,-29.51693726,0.0,0.0,0.0,0,0.0,4.574646,4.574646,0.95601928,0.78381842,1578642405073149,252442154348, HMD, -0.06942, 1.17227, 0.39733, 0.01835, 0.01289, -0.99975, -0.00012
3769373,1578642405072685,1,1,1,1,0,0,0,1,1,0,0.36907959,-0.26577759,0.89057922,0.0,0.0,0.0,34.49954224,-1.11224365,-29.5223999,0.0,0.0,0.0,0,0.0,4.57409668,4.57409668,0.95899862,0.81336051,1578642405073149,252442154348, HMD, -0.06942, 1.17227, 0.39733, 0.01835, 0.01289, -0.99975, -0.00012
3769373,1578642405076699,1,1,1,1,0,0,0,1,1,0,0.36907959,-0.26577759,0.89057922,0.0,0.0,0.0,34.49954224,-1.11224365,-29.5223999,0.0,0.0,0.0,0,0.0,4.57409668,4.57409668,0.95899862,0.81336051,1578642405076359,252442186438, HMD, -0.06939, 1.17219, 0.39741, 0.01836, 0.01284, -0.99975, -0.00047
3769381,1578642405080699,1,1,1,1,0,0,0,1,1,0,0.3690033,-0.26547241,0.89070129,0.0,0.0,0.0,34.50041199,-1.1111145,-29.52311707,0.0,0.0,0.0,0,0.0,4.57475281,4.57475281,0.95899862,0.81336051,1578642405076359,252442186438, HMD, -0.06939, 1.17219, 0.39741, 0.01836, 0.01284, -0.99975, -0.00047
3769381,1578642405084697,1,1,1,1,0,0,0,1,1,0,0.3690033,-0.26547241,0.89070129,0.0,0.0,0.0,34.50041199,-1.1111145,-29.52311707,0.0,0.0,0.0,0,0.0,4.57475281,4.57475281,0.95899862,0.81336051,1578642405085934,252442282204, HMD, -0.06927, 1.17195, 0.39764, 0.01834, 0.01272, -0.99975, -0.00177
3769381,1578642405088691,1,1,1,1,0,0,0,1,1,0,0.3690033,-0.26547241,0.89070129,0.0,0.0,0.0,34.50041199,-1.1111145,-29.52311707,0.0,0.0,0.0,0,0.0,4.57475281,4.57475281,0.95899862,0.81336051,1578642405088632,252442309167, HMD, -0.06925, 1.17188, 0.39770, 0.01833, 0.01269, -0.99975, -0.00213
3769390,1578642405092690,1,1,1,1,0,1,1,1,1,0,0.41242981,-0.25283813,0.87518311,0.40730286,-0.21855164,0.88674927,34.39439392,-2.13069153,-25.74887085,-24.40820313,-1.08757019,-21.54118347,0,0.0,4.77404785,4.77404785,0.95495611,0.8139174,1578642405089075,252442313597, HMD, -0.06923, 1.17186, 0.39771, 0.01833, 0.01268, -0.99975, -0.00219
3769390,1578642405096683,1,1,1,1,0,1,1,1,1,0,0.41242981,-0.25283813,0.87518311,0.40730286,-0.21855164,0.88674927,34.39439392,-2.13069153,-25.74887085,-24.40820313,-1.08757019,-21.54118347,0,0.0,4.77404785,4.77404785,0.95495611,0.8139174,1578642405101180,252442434652, HMD, -0.06916, 1.17152, 0.39799, 0.01816, 0.01251, -0.99975, -0.00380
3769398,1578642405100686,1,1,1,1,0,1,1,1,1,0,0.31166077,-0.24101257,0.9190979,0.28715515,-0.19981384,0.9367981,34.26290894,-1.56433105,-27.73368835,-24.40180969,-0.62191772,-23.06611633,0,0.0,4.66835022,4.66835022,0.95495611,0.8139174,1578642405101180,252442434652, HMD, -0.06916, 1.17152, 0.39799, 0.01816, 0.01251, -0.99975, -0.00380
3769398,1578642405104684,1,1,1,1,0,1,1,1,1,0,0.31166077,-0.24101257,0.9190979,0.28715515,-0.19981384,0.9367981,34.26290894,-1.56433105,-27.73368835,-24.40180969,-0.62191772,-23.06611633,0,0.0,4.66835022,4.66835022,0.95495611,0.8139174,1578642405104640,252442469241, HMD, -0.06913, 1.17142, 0.39807, 0.01810, 0.01247, -0.99975, -0.00428
3769406,1578642405108681,1,1,1,1,0,1,1,1,1,0,0.23854065,-0.23939514,0.94114685,0.27337646,-0.22874451,0.93429565,33.90377808,-0.83071899,-29.89889526,-24.88485718,-0.75595093,-21.53514099,0,0.0,4.54212952,4.54212952,0.95808667,0.79479468,1578642405105978,252442482623, HMD, -0.06913, 1.17138, 0.39810, 0.01808, 0.01245, -0.99975, -0.00447
3769406,1578642405113690,1,1,1,1,0,1,1,1,1,0,0.23854065,-0.23939514,0.94114685,0.27337646,-0.22874451,0.93429565,33.90377808,-0.83071899,-29.89889526,-24.88485718,-0.75595093,-21.53514099,0,0.0,4.54212952,4.54212952,0.95808667,0.79479468,1578642405116782,252442590669, HMD, -0.06908, 1.17107, 0.39836, 0.01784, 0.01230, -0.99975, -0.00594
3769415,1578642405117671,1,1,1,1,0,1,1,1,1,0,0.17120361,-0.21060181,0.96244812,0.15211487,-0.20973206,0.96585083,33.54042053,-0.41288757,-31.0231781,-25.14878845,-0.25979614,-23.48864746,0,0.0,4.512146,4.512146,0.95808667,0.79479468,1578642405117690,252442599739, HMD, -0.06907, 1.17104, 0.39839, 0.01782, 0.01229, -0.99975, -0.00606
3769415,1578642405121674,1,1,1,1,0,1,1,1,1,0,0.17120361,-0.21060181,0.96244812,0.15211487,-0.20973206,0.96585083,33.54042053,-0.41288757,-31.0231781,-25.14878845,-0.25979614,-23.48864746,0,0.0,4.512146,4.512146,0.95808667,0.79479468,1578642405119694,252442619785, HMD, -0.06908, 1.17097, 0.39842, 0.01777, 0.01226, -0.99975, -0.00633
3769423,1578642405125669,1,1,1,1,0,1,1,1,1,0,0.10462952,-0.21182251,0.97167969,0.0994873,-0.19152832,0.97642517,33.17637634,-0.52671814,-30.57865906,-25.53727722,-0.10757446,-23.83114624,0,0.0,4.49040222,4.49040222,0.93778539,0.76457769,1578642405129541,252442718263, HMD, -0.06899, 1.17070, 0.39862, 0.01751, 0.01210, -0.99974, -0.00766
3769423,1578642405129672,1,1,1,1,0,1,1,1,1,0,0.10462952,-0.21182251,0.97167969,0.0994873,-0.19152832,0.97642517,33.17637634,-0.52671814,-30.57865906,-25.53727722,-0.10757446,-23.83114624,0,0.0,4.49040222,4.49040222,0.93778539,0.76457769,1578642405129700,252442719842, HMD, -0.06899, 1.17069, 0.39862, 0.01751, 0.01210, -0.99974, -0.00768
3769431,1578642405133667,1,1,1,1,0,1,1,1,1,0,0.03964233,-0.22264099,0.97409058,0.04165649,-0.21539307,0.97563171,32.80018616,-0.54962158,-30.3707428,-25.87606812,-0.00823975,-23.96362305,0,0.0,4.39401245,4.39401245,0.93778539,0.76457769,1578642405132687,252442749714, HMD, -0.06900, 1.17062, 0.39871, 0.01740, 0.01207, -0.99974, -0.00807
3769431,1578642405137682,1,1,1,1,0,1,1,1,1,0,0.03964233,-0.22264099,0.97409058,0.04165649,-0.21539307,0.97563171,32.80018616,-0.54962158,-30.3707428,-25.87606812,-0.00823975,-23.96362305,0,0.0,4.39401245,4.39401245,0.93778539,0.76457769,1578642405132687,252442749714, HMD, -0.06900, 1.17062, 0.39871, 0.01740, 0.01207, -0.99974, -0.00807
3769440,1578642405142677,1,1,1,1,0,1,1,1,1,0,-0.04251099,-0.1966095,0.97955322,-0.02816772,-0.19230652,0.98092651,32.44549561,-0.45654297,-30.58488464,-26.21821594,0.06750488,-24.14698792,0,0.0,4.5329895,4.5329895,0.91224599,0.79515404,1578642405143007,252442852920, HMD, -0.06894, 1.17030, 0.39895, 0.01708, 0.01193, -0.99974, -0.00946
3769440,1578642405146667,1,1,1,1,0,1,1,1,1,0,-0.04251099,-0.1966095,0.97955322,-0.02816772,-0.19230652,0.98092651,32.44549561,-0.45654297,-30.58488464,-26.21821594,0.06750488,-24.14698792,0,0.0,4.5329895,4.5329895,0.91224599,0.79515404,1578642405146393,252442886774, HMD, -0.06893, 1.17020, 0.39903, 0.01696, 0.01189, -0.99974, -0.00991
3769448,1578642405150665,1,1,1,1,0,1,1,1,1,0,-0.09068298,-0.19914246,0.97575378,-0.07061768,-0.2127533,0.97454834,32.12916565,-0.38504028,-30.76620483,-26.52755737,0.192276,-24.52587891,0,0.0,4.45037842,4.45037842,0.91280347,0.79628927,1578642405146393,252442886774, HMD, -0.06893, 1.17020, 0.39903, 0.01696, 0.01189, -0.99974, -0.00991
3769448,1578642405154674,1,1,1,1,0,1,1,1,1,0,-0.09068298,-0.19914246,0.97575378,-0.07061768,-0.2127533,0.97454834,32.12916565,-0.38504028,-30.76620483,-26.52755737,0.192276,-24.52587891,0,0.0,4.45037842,4.45037842,0.91280347,0.79628927,1578642405155697,252442979823, HMD, -0.06895, 1.16994, 0.39926, 0.01661, 0.01181, -0.99973, -0.01109
3769456,1578642405158668,1,1,1,1,0,1,1,1,1,0,-0.12200928,-0.19393921,0.97338867,-0.10847473,-0.19935608,0.97389221,31.87814331,-0.33772278,-30.86805725,-26.76098633,0.24230957,-24.66279602,0,0.0,4.44352722,4.44352722,0.92313826,0.82258236,1578642405158606,252443008909, HMD, -0.06894, 1.16985, 0.39933, 0.01651, 0.01177, -0.99973, -0.01146
3769456,1578642405162664,1,1,1,1,0,1,1,1,1,0,-0.12200928,-0.19393921,0.97338867,-0.10847473,-0.19935608,0.97389221,31.87814331,-0.33772278,-30.86805725,-26.76098633,0.24230957,-24.66279602,0,0.0,4.44352722,4.44352722,0.92313826,0.82258236,1578642405159514,252443017985, HMD, -0.06894, 1.16982, 0.39935, 0.01647, 0.01177, -0.99973, -0.01158
3769465,1578642405166649,1,1,1,1,0,1,1,1,1,0,-0.15171814,-0.19998169,0.9679718,-0.13644409,-0.18508911,0.97319031,31.75965881,-0.26171875,-31.05047607,-26.91702271,0.32243347,-24.91174316,0,0.0,4.49552917,4.49552917,0.92313826,0.82258236,1578642405168369,252443106569, HMD, -0.06894, 1.16954, 0.39957, 0.01613, 0.01172, -0.99972, -0.01271
3769465,1578642405170665,1,1,1,1,0,1,1,1,1,0,-0.15171814,-0.19998169,0.9679718,-0.13644409,-0.18508911,0.97319031,31.75965881,-0.26171875,-31.05047607,-26.91702271,0.32243347,-24.91174316,0,0.0,4.49552917,4.49552917,0.92313826,0.82258236,1578642405170661,252443129478, HMD, -0.06899, 1.16950, 0.39963, 0.01602, 0.01172, -0.99972, -0.01301
3769473,1578642405174653,1,1,1,1,0,1,1,1,1,0,-0.13592529,-0.19793701,0.97073364,-0.12107849,-0.17831421,0.97648621,31.78033447,-0.29458618,-30.88154602,-26.92875671,0.29605103,-24.80239868,0,0.0,4.54727173,4.54727173,0.94923955,0.85909593,1578642405172357,252443146412, HMD, -0.06899, 1.16945, 0.39967, 0.01595, 0.01171, -0.99972, -0.01321
3769473,1578642405178667,1,1,1,1,0,1,1,1,1,0,-0.13592529,-0.19793701,0.97073364,-0.12107849,-0.17831421,0.97648621,31.78033447,-0.29458618,-30.88154602,-26.92875671,0.29605103,-24.80239868,0,0.0,4.54727173,4.54727173,0.94923955,0.85909593,1578642405172357,252443146412, HMD, -0.06899, 1.16945, 0.39967, 0.01595, 0.01171, -0.99972, -0.01321
3769481,1578642405182661,1,1,1,1,0,1,1,1,1,0,-0.13790894,-0.18002319,0.97393799,-0.12387085,-0.18005371,0.97581482,31.81506348,-0.34892273,-30.6708374,-26.92408752,0.3039856,-24.84135437,0,0.0,4.53987122,4.53987122,0.94923955,0.85909593,1578642405189830,252443321218, HMD, -0.06899, 1.16897, 0.40009, 0.01514, 0.01168, -0.99970, -0.01534
3769481,1578642405186684,1,1,1,1,0,1,1,1,1,0,-0.13790894,-0.18002319,0.97393799,-0.12387085,-0.18005371,0.97581482,31.81506348,-0.34892273,-30.6708374,-26.92408752,0.3039856,-24.84135437,0,0.0,4.53987122,4.53987122,0.94923955,0.85909593,1578642405189830,252443321218, HMD, -0.06899, 1.16897, 0.40009, 0.01514, 0.01168, -0.99970, -0.01534
3769481,1578642405190713,1,1,1,1,0,1,1,1,1,0,-0.13246155,-0.18766785,0.97325134,-0.12724304,-0.16908264,0.9773407,31.84910583,-0.33705139,-30.69448853,-26.93209839,0.31620789,-24.87350464,0,0.0,4.4627533,4.4627533,0.94923955,0.85909593,1578642405190644,252443329291, HMD, -0.06901, 1.16895, 0.40012, 0.01510, 0.01168, -0.99970, -0.01542
3769490,1578642405194456,1,1,1,1,0,1,1,1,1,0,-0.13246155,-0.18766785,0.97325134,-0.12724304,-0.16908264,0.9773407,31.84910583,-0.33705139,-30.69448853,-26.93209839,0.31620789,-24.87350464,0,0.0,4.4627533,4.4627533,0.97266102,0.89142078,1578642405194084,252443363688, HMD, -0.06901, 1.16886, 0.40020, 0.01495, 0.01168, -0.99970, -0.01581
3769498,1578642405198639,1,1,1,1,0,1,1,1,1,0,-0.13467407,-0.18577576,0.97331238,-0.12960815,-0.18478394,0.97418213,31.87106323,-0.2835083,-30.84773254,-26.93812561,0.28990173,-24.72406006,0,0.0,4.45549011,4.45549011,0.97266102,0.89142078,1578642405203110,252443453945, HMD, -0.06901, 1.16863, 0.40040, 0.01453, 0.01173, -0.99968, -0.01681
3769498,1578642405203652,1,1,1,1,0,1,1,1,1,0,-0.13467407,-0.18577576,0.97331238,-0.12960815,-0.18478394,0.97418213,31.87106323,-0.2835083,-30.84773254,-26.93812561,0.28990173,-24.72406006,0,0.0,4.45549011,4.45549011,0.97266102,0.89142078,1578642405203698,252443459828, HMD, -0.06901, 1.16861, 0.40041, 0.01450, 0.01174, -0.99968, -0.01687
3769506,1578642405207653,1,1,1,1,0,1,1,1,1,0,-0.13796997,-0.18269348,0.97343445,-0.12747192,-0.17698669,0.97592163,31.89552307,-0.25778198,-30.91012573,-26.93182373,0.29556274,-24.73190308,0,0.0,4.42814636,4.42814636,0.98854142,0.89277691,1578642405206193,252443484772, HMD, -0.06901, 1.16855, 0.40047, 0.01438, 0.01175, -0.99968, -0.01714
3769506,1578642405212674,1,1,1,1,0,1,1,1,1,0,-0.13796997,-0.18269348,0.97343445,-0.12747192,-0.17698669,0.97592163,31.89552307,-0.25778198,-30.91012573,-26.93182373,0.29556274,-24.73190308,0,0.0,4.42814636,4.42814636,0.98854142,0.89277691,1578642405206193,252443484772, HMD, -0.06901, 1.16855, 0.40047, 0.01438, 0.01175, -0.99968, -0.01714
3769515,1578642405216532,1,1,1,1,0,1,1,1,1,0,-0.13819885,-0.17510986,0.97479248,-0.12416077,-0.17459106,0.97677612,31.92654419,-0.2844696,-30.80224609,-26.91841125,0.26187134,-24.54800415,0,0.0,4.47857666,4.47857666,0.98854142,0.89277691,1578642405206193,252443484772, HMD, -0.06901, 1.16855, 0.40047, 0.01438, 0.01175, -0.99968, -0.01714
3769515,1578642405220595,1,1,1,1,0,1,1,1,1,0,-0.13819885,-0.17510986,0.97479248,-0.12416077,-0.17459106,0.97677612,31.92654419,-0.2844696,-30.80224609,-26.91841125,0.26187134,-24.54800415,0,0.0,4.47857666,4.47857666,0.98854142,0.89277691,1578642405233300,252443755849, HMD, -0.06905, 1.16798, 0.40106, 0.01321, 0.01203, -0.99965, -0.01975
3769523,1578642405229744,1,1,1,1,0,1,1,1,1,0,-0.13638306,-0.17774963,0.9745636,-0.12503052,-0.1804657,0.9756012,31.95126343,-0.27732849,-30.7983551,-26.91081238,0.26959229,-24.50918579,0,0.0,4.53460693,4.53460693,0.9841212,0.90406114,1578642405233300,252443755849, HMD, -0.06905, 1.16798, 0.40106, 0.01321, 0.01203, -0.99965, -0.01975
3769531,1578642405233736,1,1,1,1,0,1,1,1,1,0,-0.13873291,-0.17398071,0.97491455,-0.12728882,-0.17204285,0.9768219,31.97361755,-0.30314636,-30.71817017,-26.91345215,0.29969788,-24.59912109,0,0.0,4.53091431,4.53091431,0.9841212,0.90406114,1578642405233773,252443760580, HMD, -0.06905, 1.16797, 0.40107, 0.01319, 0.01204, -0.99964, -0.01979
3769531,1578642405238745,1,1,1,1,0,1,1,1,1,0,-0.13873291,-0.17398071,0.97491455,-0.12728882,-0.17204285,0.9768219,31.97361755,-0.30314636,-30.71817017,-26.91345215,0.29969788,-24.59912109,0,0.0,4.53091431,4.53091431,0.9841212,0.90406114,1578642405237160,252443794447, HMD, -0.06905, 1.16790, 0.40114, 0.01306, 0.01208, -0.99964, -0.02007
3769540,1578642405242343,1,1,1,1,0,1,1,1,1,0,-0.13815308,-0.17027283,0.97564697,-0.12519836,-0.16914368,0.9776001,31.98686218,-0.32574463,-30.64202881,-26.91500854,0.29498291,-24.58204651,0,0.0,4.4982605,4.4982605,0.99338895,0.93478376,1578642405237160,252443794447, HMD, -0.06905, 1.16790, 0.40114, 0.01306, 0.01208, -0.99964, -0.02007
3769540,1578642405245405,1,1,1,1,0,1,1,1,1,0,-0.13815308,-0.17027283,0.97564697,-0.12519836,-0.16914368,0.9776001,31.98686218,-0.32574463,-30.64202881,-26.91500854,0.29498291,-24.58204651,0,0.0,4.4982605,4.4982605,0.99338895,0.93478376,1578642405251762,252443940481, HMD, -0.06910, 1.16763, 0.40148, 0.01255, 0.01230, -0.99962, -0.02129
3769548,1578642405249407,1,1,1,1,0,1,1,1,1,0,-0.1348877,-0.16810608,0.97648621,-0.12390137,-0.16665649,0.97819519,31.99806213,-0.35624695,-30.55262756,-26.91345215,0.29025269,-24.56495667,0,0.0,4.48892212,4.48892212,0.99338895,0.93478376,1578642405251762,252443940481, HMD, -0.06910, 1.16763, 0.40148, 0.01255, 0.01230, -0.99962, -0.02129
3769548,1578642405252831,1,1,1,1,0,1,1,1,1,0,-0.1348877,-0.16810608,0.97648621,-0.12390137,-0.16665649,0.97819519,31.99806213,-0.35624695,-30.55262756,-26.91345215,0.29025269,-24.56495667,0,0.0,4.48892212,4.48892212,0.99338895,0.93478376,1578642405252783,252443950669, HMD, -0.06910, 1.16761, 0.40150, 0.01251, 0.01232, -0.99962, -0.02137
3769556,1578642405257849,1,1,1,1,0,1,1,1,1,0,-0.13514709,-0.16934204,0.97624207,-0.12374878,-0.16693115,0.97816467,32.00161743,-0.35928345,-30.54586792,-26.91474915,0.28588867,-24.54301453,0,0.0,4.50238037,4.50238037,1.0,1.0,1578642405255003,252443972881, HMD, -0.06910, 1.16758, 0.40155, 0.01245, 0.01234, -0.99961, -0.02154
3769556,1578642405261340,1,1,1,1,0,1,1,1,1,0,-0.13514709,-0.16934204,0.97624207,-0.12374878,-0.16693115,0.97816467,32.00161743,-0.35928345,-30.54586792,-26.91474915,0.28588867,-24.54301453,0,0.0,4.50238037,4.50238037,1.0,1.0,1578642405267188,252444094807, HMD, -0.06906, 1.16739, 0.40178, 0.01211, 0.01247, -0.99960, -0.02244
3769556,1578642405264828,1,1,1,1,0,1,1,1,1,0,-0.13514709,-0.16934204,0.97624207,-0.12374878,-0.16693115,0.97816467,32.00161743,-0.35928345,-30.54586792,-26.91474915,0.28588867,-24.54301453,0,0.0,4.50238037,4.50238037,1.0,1.0,1578642405267188,252444094807, HMD, -0.06906, 1.16739, 0.40178, 0.01211, 0.01247, -0.99960, -0.02244
3769565,1578642405268825,1,1,1,1,0,1,1,1,1,0,-0.13540649,-0.16751099,0.97651672,-0.12312317,-0.16743469,0.97814941,32.00517273,-0.36233521,-30.53910828,-26.91603088,0.28152466,-24.52105713,0,0.0,4.51696777,4.51696777,1.0,1.0,1578642405268784,252444110688, HMD, -0.06906, 1.16736, 0.40181, 0.01207, 0.01249, -0.99959, -0.02256
3769565,1578642405272825,1,1,1,1,0,1,1,1,1,0,-0.13540649,-0.16751099,0.97651672,-0.12312317,-0.16743469,0.97814941,32.00517273,-0.36233521,-30.53910828,-26.91603088,0.28152466,-24.52105713,0,0.0,4.51696777,4.51696777,1.0,1.0,1578642405270778,252444130623, HMD, -0.06909, 1.16735, 0.40187, 0.01199, 0.01253, -0.99959, -0.02269
3769573,1578642405276824,1,1,1,1,0,1,1,1,1,0,-0.13676453,-0.1686554,0.97613525,-0.12242126,-0.16717529,0.97828674,32.00817871,-0.36283875,-30.53669739,-26.91630554,0.27175903,-24.48582458,0,0.0,4.50338745,4.50338745,1.0,1.0,1578642405280418,252444227033, HMD, -0.06908, 1.16721, 0.40204, 0.01178, 0.01259, -0.99958, -0.02328
3769573,1578642405280822,1,1,1,1,0,1,1,1,1,0,-0.13676453,-0.1686554,0.97613525,-0.12242126,-0.16717529,0.97828674,32.00817871,-0.36283875,-30.53669739,-26.91630554,0.27175903,-24.48582458,0,0.0,4.50338745,4.50338745,1.0,1.0,1578642405280746,252444230300, HMD, -0.06908, 1.16721, 0.40205, 0.01178, 0.01259, -0.99958, -0.02330
3769581,1578642405284827,1,1,1,1,0,1,1,1,1,0,-0.1368866,-0.1678772,0.97624207,-0.12184143,-0.16905212,0.9780426,32.01116943,-0.36233521,-30.53430176,-26.91603088,0.27099609,-24.45059204,0,0.0,4.51747131,4.51747131,1.0,1.0,1578642405283892,252444261766, HMD, -0.06907, 1.16717, 0.40211, 0.01171, 0.01260, -0.99958, -0.02346
3769581,1578642405289831,1,1,1,1,0,1,1,1,1,0,-0.1368866,-0.1678772,0.97624207,-0.12184143,-0.16905212,0.9780426,32.01116943,-0.36233521,-30.53430176,-26.91603088,0.27099609,-24.45059204,0,0.0,4.51747131,4.51747131,1.0,1.0,1578642405293275,252444355609, HMD, -0.06905, 1.16706, 0.40230, 0.01155, 0.01263, -0.99957, -0.02388
3769590,1578642405293824,1,1,1,1,0,1,1,1,1,0,-0.13537598,-0.1685791,0.97633362,-0.12258911,-0.16790771,0.97813416,32.01461792,-0.36022949,-30.53105164,-26.91496277,0.27275085,-24.44029236,0,0.0,4.52223206,4.52223206,1.0,1.0,1578642405293896,252444361804, HMD, -0.06905, 1.16705, 0.40231, 0.01155, 0.01263, -0.99957, -0.02391
3769590,1578642405297848,1,1,1,1,0,1,1,1,1,0,-0.13537598,-0.1685791,0.97633362,-0.12258911,-0.16790771,0.97813416,32.01461792,-0.36022949,-30.53105164,-26.91496277,0.27275085,-24.44029236,0,0.0,4.52223206,4.52223206,1.0,1.0,1578642405296996,252444392808, HMD, -0.06904, 1.16701, 0.40237, 0.01151, 0.01263, -0.99956, -0.02404
3769598,1578642405301809,1,1,1,1,0,1,1,1,1,0,-0.13386536,-0.16889954,0.97648621,-0.12229919,-0.16685486,0.97836304,32.01806641,-0.35810852,-30.53337097,-26.91389465,0.27449036,-24.42999268,0,0.0,4.52703857,4.52703857,1.0,1.0,1578642405296996,252444392808, HMD, -0.06904, 1.16701, 0.40237, 0.01151, 0.01263, -0.99956, -0.02404
3769598,1578642405305803,1,1,1,1,0,1,1,1,1,0,-0.13386536,-0.16889954,0.97648621,-0.12229919,-0.16685486,0.97836304,32.01806641,-0.35810852,-30.53337097,-26.91389465,0.27449036,-24.42999268,0,0.0,4.52703857,4.52703857,1.0,1.0,1578642405296996,252444392808, HMD, -0.06904, 1.16701, 0.40237, 0.01151, 0.01263, -0.99956, -0.02404
3769615,1578642405321832,1,1,1,1,0,1,1,1,1,0,-0.13244629,-0.16835022,0.97677612,-0.12203979,-0.16764832,0.97825623,32.06803894,-0.34248352,-30.51860046,-26.91345215,0.27830505,-24.42881775,0,0.0,4.5460968,4.5460968,1.0,1.0,1578642405321841,252444641251, HMD, -0.06895, 1.16681, 0.40283, 0.01139, 0.01269, -0.99954, -0.02489
3769623,1578642405325817,1,1,1,1,0,1,1,1,1,0,-0.12918091,-0.17210388,0.9765625,-0.11956787,-0.15592957,0.98049927,32.07495117,-0.34677124,-30.46235657,-26.91531372,0.27693176,-24.37504578,0,0.0,4.5015564,4.5015564,1.0,1.0,1578642405322722,252444650066, HMD, -0.06894, 1.16680, 0.40285, 0.01139, 0.01269, -0.99954, -0.02491
3769623,1578642405329825,1,1,1,1,0,1,1,1,1,0,-0.12918091,-0.17210388,0.9765625,-0.11956787,-0.15592957,0.98049927,32.07495117,-0.34677124,-30.46235657,-26.91531372,0.27693176,-24.37504578,0,0.0,4.5015564,4.5015564,1.0,1.0,1578642405332262,252444745480, HMD, -0.06891, 1.16673, 0.40301, 0.01141, 0.01269, -0.99954, -0.02512
3769631,1578642405333812,1,1,1,1,0,1,1,1,1,0,-0.12773132,-0.16152954,0.9785614,-0.12246704,-0.17315674,0.97724915,32.10713196,-0.33883667,-30.34819031,-26.92536926,0.35462952,-24.37687683,0,0.0,4.60125732,4.60125732,1.0,1.0,1578642405333841,252444761259, HMD, -0.06890, 1.16672, 0.40303, 0.01143, 0.01269, -0.99954, -0.02516
3769631,1578642405337830,1,1,1,1,0,1,1,1,1,0,-0.12773132,-0.16152954,0.9785614,-0.12246704,-0.17315674,0.97724915,32.10713196,-0.33883667,-30.34819031,-26.92536926,0.35462952,-24.37687683,0,0.0,4.60125732,4.60125732,1.0,1.0,1578642405335536,252444778207, HMD, -0.06889, 1.16671, 0.40306, 0.01143, 0.01268, -0.99954, -0.02519
3769640,1578642405342821,1,1,1,1,0,1,1,1,1,0,-0.10317993,-0.12757874,0.98643494,-0.12277222,-0.14564514,0.98167419,32.11228943,-0.14460754,-30.30911255,-26.90869141,0.5322876,-24.35636902,0,0.0,4.43782043,4.43782043,0.96806145,0.93356907,1578642405345825,252444881112, HMD, -0.06882, 1.16665, 0.40323, 0.01150, 0.01265, -0.99953, -0.02540
3769640,1578642405346815,1,1,1,1,0,1,1,1,1,0,-0.10317993,-0.12757874,0.98643494,-0.12277222,-0.14564514,0.98167419,32.11228943,-0.14460754,-30.30911255,-26.90869141,0.5322876,-24.35636902,0,0.0,4.43782043,4.43782043,0.96806145,0.93356907,1578642405346891,252444891751, HMD, -0.06881, 1.16664, 0.40325, 0.01151, 0.01264, -0.99953, -0.02541
3769648,1578642405350842,1,1,1,1,0,1,1,1,1,0,-0.10897827,-0.13479614,0.98484802,-0.12789917,-0.11212158,0.9854126,32.10844421,0.34141541,-30.84869385,-26.92266846,0.93287659,-24.66998291,0,0.0,4.42033386,4.42033386,0.96806145,0.93356907,1578642405348961,252444912458, HMD, -0.06880, 1.16663, 0.40328, 0.01153, 0.01263, -0.99953, -0.02545
3769648,1578642405355917,1,1,1,1,0,1,1,1,1,0,-0.10897827,-0.13479614,0.98484802,-0.12789917,-0.11212158,0.9854126,32.10844421,0.34141541,-30.84869385,-26.92266846,0.93287659,-24.66998291,0,0.0,4.42033386,4.42033386,0.96806145,0.93356907,1578642405348961,252444912458, HMD, -0.06880, 1.16663, 0.40328, 0.01153, 0.01263, -0.99953, -0.02545
3769665,1578642405366819,1,1,1,1,0,1,1,1,1,0,-0.04995728,-0.24633789,0.96788025,-0.20361328,-0.1416626,0.96873474,32.09437561,0.78717041,-30.35029602,-26.66622925,2.95396423,-32.62132263,0,0.0,3.0083313,3.0083313,0.76811099,0.72403508,1578642405372033,252445143210, HMD, -0.06869, 1.16654, 0.40362, 0.01191, 0.01244, -0.99952, -0.02578
3769665,1578642405370902,1,1,1,1,0,1,1,1,1,0,-0.04995728,-0.24633789,0.96788025,-0.20361328,-0.1416626,0.96873474,32.09437561,0.78717041,-30.35029602,-26.66622925,2.95396423,-32.62132263,0,0.0,3.0083313,3.0083313,0.76811099,0.72403508,1578642405372033,252445143210, HMD, -0.06869, 1.16654, 0.40362, 0.01191, 0.01244, -0.99952, -0.02578
3769673,1578642405374806,0,0,1,1,0,0,0,1,1,0,0.0,0.0,0.0,0.0,0.0,0.0,0.0,0.0,0.0,0.0,0.0,0.0,0,0.0,-1.0,-1.0,0.36658365,0.24852669,1578642405374788,252445170720, HMD, -0.06868, 1.16653, 0.40365, 0.01197, 0.01240, -0.99952, -0.02582
3769673,1578642405378982,0,0,1,1,0,0,0,1,1,0,0.0,0.0,0.0,0.0,0.0,0.0,0.0,0.0,0.0,0.0,0.0,0.0,0,0.0,-1.0,-1.0,0.36658365,0.24852669,1578642405376132,252445184169, HMD, -0.06867, 1.16653, 0.40367, 0.01199, 0.01237, -0.99952, -0.02583
3769681,1578642405388957,0,0,1,1,0,0,0,1,1,0,0.0,0.0,0.0,0.0,0.0,0.0,0.0,0.0,0.0,0.0,0.0,0.0,0,0.0,-1.0,-1.0,0.36658365,0.24852669,1578642405376132,252445184169, HMD, -0.06867, 1.16653, 0.40367, 0.01199, 0.01237, -0.99952, -0.02583
3769690,1578642405396827,0,0,1,1,0,0,0,1,1,0,0.0,0.0,0.0,0.0,0.0,0.0,0.0,0.0,0.0,0.0,0.0,0.0,0,0.0,-1.0,-1.0,0.09443586,0.03211558,1578642405376132,252445184169, HMD, -0.06867, 1.16653, 0.40367, 0.01199, 0.01237, -0.99952, -0.02583
3769690,1578642405400820,0,0,1,1,0,0,0,1,1,0,0.0,0.0,0.0,0.0,0.0,0.0,0.0,0.0,0.0,0.0,0.0,0.0,0,0.0,-1.0,-1.0,0.09443586,0.03211558,1578642405424505,252445667937, HMD, -0.06847, 1.16646, 0.40430, 0.01317, 0.01156, -0.99950, -0.02615
3769706,1578642405409806,1,1,1,1,0,0,0,1,1,0,-0.08163452,-0.00050354,0.99665833,0.0,0.0,0.0,32.83633423,0.49697876,-31.56213379,0.0,0.0,0.0,0,0.0,4.46496582,4.46496582,0.18098204,0.06449757,1578642405424505,252445667937, HMD, -0.06847, 1.16646, 0.40430, 0.01317, 0.01156, -0.99950, -0.02615
3769714,1578642405413794,1,1,1,1,0,0,0,1,1,0,-0.07392883,0.25570679,0.96391296,0.0,0.0,0.0,32.63008118,-0.46948242,-26.25233459,0.0,0.0,0.0,0,0.0,4.95484924,4.95484924,0.18098204,0.06449757,1578642405424505,252445667937, HMD, -0.06847, 1.16646, 0.40430, 0.01317, 0.01156, -0.99950, -0.02615
3769714,1578642405423788,1,1,1,1,0,0,0,1,1,0,-0.05670166,0.43447876,0.89888,0.0,0.0,0.0,32.71862793,0.55026245,-30.56585693,0.0,0.0,0.0,0,0.0,3.92526245,3.92526245,0.18098204,0.06449757,1578642405424505,252445667937, HMD, -0.06847, 1.16646, 0.40430, 0.01317, 0.01156, -0.99950, -0.02615
3769723,1578642405427807,1,1,1,1,0,0,0,1,1,0,-0.05670166,0.43447876,0.89888,0.0,0.0,0.0,32.71862793,0.55026245,-30.56585693,0.0,0.0,0.0,0,0.0,3.92526245,3.92526245,0.43366233,0.24301746,1578642405427805,252445700893, HMD, -0.06845, 1.16645, 0.40432, 0.01326, 0.01151, -0.99950, -0.02616
3769731,1578642405433794,1,1,1,1,0,1,1,1,1,0,-0.07115173,0.35157776,0.93344116,-0.21173096,0.20324707,0.95594788,32.52772522,1.35357666,-29.77218628,-26.39872742,1.94384766,-22.15415955,0,0.0,4.45077515,4.45077515,0.43366233,0.24301746,1578642405428193,252445704775, HMD, -0.06845, 1.16645, 0.40432, 0.01328, 0.01150, -0.99950, -0.02616
3769731,1578642405437786,1,1,1,1,0,1,1,1,1,0,-0.07115173,0.35157776,0.93344116,-0.21173096,0.20324707,0.95594788,32.52772522,1.35357666,-29.77218628,-26.39872742,1.94384766,-22.15415955,0,0.0,4.45077515,4.45077515,0.43366233,0.24301746,1578642405428193,252445704775, HMD, -0.06845, 1.16645, 0.40432, 0.01328, 0.01150, -0.99950, -0.02616
3769739,1578642405441796,1,1,1,1,0,1,1,1,1,0,-0.02430725,0.38188171,0.92388916,-0.15701294,0.27301025,0.94909668,32.42712402,1.13020325,-28.74449158,-26.16880798,1.50376892,-20.25540161,0,0.0,4.64439392,4.64439392,0.7092551,0.56318927,1578642405454983,252445972716, HMD, -0.06828, 1.16643, 0.40449, 0.01406, 0.01118, -0.99949, -0.02623
3769739,1578642405445780,1,1,1,1,0,1,1,1,1,0,-0.02430725,0.38188171,0.92388916,-0.15701294,0.27301025,0.94909668,32.42712402,1.13020325,-28.74449158,-26.16880798,1.50376892,-20.25540161,0,0.0,4.64439392,4.64439392,0.7092551,0.56318927,1578642405454983,252445972716, HMD, -0.06828, 1.16643, 0.40449, 0.01406, 0.01118, -0.99949, -0.02623
3769748,1578642405449787,1,1,1,1,0,1,1,1,1,0,-3.052e-05,0.34117126,0.93998718,-0.13108826,0.35191345,0.92680359,32.4724884,1.30996704,-29.33285522,-26.19366455,1.63594055,-20.82099915,0,0.0,4.23933411,4.23933411,0.7092551,0.56318927,1578642405454983,252445972716, HMD, -0.06828, 1.16643, 0.40449, 0.01406, 0.01118, -0.99949, -0.02623
3769748,1578642405455411,1,1,1,1,0,1,1,1,1,0,-3.052e-05,0.34117126,0.93998718,-0.13108826,0.35191345,0.92680359,32.4724884,1.30996704,-29.33285522,-26.19366455,1.63594055,-20.82099915,0,0.0,4.23933411,4.23933411,0.7092551,0.56318927,1578642405455465,252445977498, HMD, -0.06828, 1.16643, 0.40450, 0.01408, 0.01117, -0.99949, -0.02623
3769756,1578642405459420,1,1,1,1,0,1,1,1,1,0,-0.03924561,0.54881287,0.83500671,-0.13693237,0.36279297,0.92173767,32.50476074,1.4250946,-32.56822205,-26.17146301,1.62774658,-20.86048889,0,0.0,4.69311523,4.69311523,0.86619473,0.8357501,1578642405459409,252446016939, HMD, -0.06826, 1.16642, 0.40451, 0.01420, 0.01113, -0.99949, -0.02623
3769764,1578642405465415,1,1,1,1,0,1,1,1,1,0,-0.03393555,0.34301758,0.93870544,-0.09236145,0.4196167,0.90298462,32.53105164,1.42050171,-29.9087677,-26.16445923,1.61897278,-20.85565186,0,0.0,4.39474487,4.39474487,0.86619473,0.8357501,1578642405459758,252446020427, HMD, -0.06826, 1.16642, 0.40451, 0.01421, 0.01113, -0.99949, -0.02623
3769764,1578642405469404,1,1,1,1,0,1,1,1,1,0,-0.03393555,0.34301758,0.93870544,-0.09236145,0.4196167,0.90298462,32.53105164,1.42050171,-29.9087677,-26.16445923,1.61897278,-20.85565186,0,0.0,4.39474487,4.39474487,0.86619473,0.8357501,1578642405474372,252446166576, HMD, -0.06821, 1.16641, 0.40462, 0.01462, 0.01101, -0.99949, -0.02619
3769764,1578642405473404,1,1,1,1,0,1,1,1,1,0,-0.0499115,0.37159729,0.92704773,-0.11231995,0.40817261,0.90596008,32.53956604,1.38224792,-29.95387268,-26.14668274,1.42211914,-20.30630493,0,0.0,4.48605347,4.48605347,0.86619473,0.8357501,1578642405474372,252446166576, HMD, -0.06821, 1.16641, 0.40462, 0.01462, 0.01101, -0.99949, -0.02619
3769773,1578642405477414,1,1,1,1,0,1,1,1,1,0,-0.0499115,0.37159729,0.92704773,-0.11231995,0.40817261,0.90596008,32.53956604,1.38224792,-29.95387268,-26.14668274,1.42211914,-20.30630493,0,0.0,4.48605347,4.48605347,0.97208077,0.97922254,1578642405477423,252446197080, HMD, -0.06819, 1.16641, 0.40463, 0.01471, 0.01099, -0.99949, -0.02618
3769773,1578642405481466,1,1,1,1,0,1,1,1,1,0,-0.03361511,0.39613342,0.91757202,-0.1033783,0.43319702,0.89533997,32.48124695,0.90869141,-28.73635864,-26.12730408,1.41487122,-20.28057861,0,0.0,4.52281189,4.52281189,0.97208077,0.97922254,1578642405478210,252446204948, HMD, -0.06819, 1.16641, 0.40464, 0.01473, 0.01099, -0.99949, -0.02618
3769789,1578642405490468,1,1,1,1,0,1,1,1,1,0,-0.04644775,0.3536377,0.93421936,-0.09580994,0.39265442,0.91467285,32.52688599,1.3525238,-29.91958618,-26.16731262,1.35800171,-20.27055359,0,0.0,4.33998108,4.33998108,1.0,1.0,1578642405478210,252446204948, HMD, -0.06819, 1.16641, 0.40464, 0.01473, 0.01099, -0.99949, -0.02618
3769789,1578642405494434,1,1,1,1,0,1,1,1,1,0,-0.04644775,0.3536377,0.93421936,-0.09580994,0.39265442,0.91467285,32.52688599,1.3525238,-29.91958618,-26.16731262,1.35800171,-20.27055359,0,0.0,4.33998108,4.33998108,1.0,1.0,1578642405478210,252446204948, HMD, -0.06819, 1.16641, 0.40464, 0.01473, 0.01099, -0.99949, -0.02618
3769798,1578642405505395,1,1,1,1,0,1,1,1,1,0,-0.05418396,0.35423279,0.93357849,-0.09814453,0.40440369,0.9092865,32.52940369,1.2840271,-29.77806091,-26.19554138,1.40036011,-20.46231079,0,0.0,4.33181763,4.33181763,1.0,1.0,1578642405518617,252446609093, HMD, -0.06804, 1.16639, 0.40478, 0.01574, 0.01087, -0.99948, -0.02607
3769806,1578642405509391,1,1,1,1,0,1,1,1,1,0,-0.05278015,0.34732056,0.93624878,-0.10238647,0.39700317,0.91207886,32.54515076,1.19445801,-29.59255981,-26.19918823,1.40299988,-20.58758545,0,0.0,4.27261353,4.27261353,1.0,1.0,1578642405518617,252446609093, HMD, -0.06804, 1.16639, 0.40478, 0.01574, 0.01087, -0.99948, -0.02607
3769806,1578642405516464,0,0,1,1,0,1,1,1,1,0,0.0,0.0,0.0,-0.098526,0.40168762,0.91044617,32.49462891,-5.5080719,-16.85372925,-26.17549133,1.31800842,-20.33984375,0,0.0,-1.0,-1.0,1.0,1.0,1578642405518617,252446609093, HMD, -0.06804, 1.16639, 0.40478, 0.01574, 0.01087, -0.99948, -0.02607
3769814,1578642405520397,0,0,1,1,0,1,1,1,1,0,0.0,0.0,0.0,-0.098526,0.40168762,0.91044617,32.49462891,-5.5080719,-16.85372925,-26.17549133,1.31800842,-20.33984375,0,0.0,-1.0,-1.0,1.0,1.0,1578642405520438,252446627228, HMD, -0.06805, 1.16638, 0.40478, 0.01578, 0.01086, -0.99948, -0.02608
3769814,1578642405524383,1,1,1,1,0,1,1,1,1,0,-0.05526733,0.36694336,0.92858887,-0.09979248,0.39027405,0.91526794,32.50978088,0.83106995,-28.60488892,-26.21980286,1.39346313,-20.68003845,0,0.0,4.31355286,4.31355286,1.0,1.0,1578642405523030,252446653140, HMD, -0.06805, 1.16637, 0.40479, 0.01583, 0.01086, -0.99948, -0.02609
3769823,1578642405531734,1,1,1,1,0,1,1,1,1,0,-0.05526733,0.36694336,0.92858887,-0.09979248,0.39027405,0.91526794,32.50978088,0.83106995,-28.60488892,-26.21980286,1.39346313,-20.68003845,0,0.0,4.31355286,4.31355286,1.0,1.0,1578642405523030,252446653140, HMD, -0.06805, 1.16637, 0.40479, 0.01583, 0.01086, -0.99948, -0.02609
3769831,1578642405535741,1,1,1,1,0,1,1,1,1,0,-0.04795837,0.36204529,0.9309082,-0.07597351,0.38645935,0.91915894,32.51763916,0.81240845,-28.58132935,-26.36808777,1.89320374,-22.52436829,0,0.0,4.32557678,4.32557678,1.0,1.0,1578642405523030,252446653140, HMD, -0.06805, 1.16637, 0.40479, 0.01583, 0.01086, -0.99948, -0.02609
3769839,1578642405546418,1,1,1,1,0,1,1,1,1,0,-0.04695129,0.36180115,0.93106079,-0.06973267,0.37094116,0.92602539,32.51571655,0.80961609,-28.58735657,-26.3865509,1.90263367,-22.58184814,0,0.0,4.29893494,4.29893494,1.0,1.0,1578642405523030,252446653140, HMD, -0.06805, 1.16637, 0.40479, 0.01583, 0.01086, -0.99948, -0.02609
3769839,1578642405551402,1,1,1,1,0,1,1,1,1,0,-0.06352234,0.34890747,0.93499756,-0.08081055,0.3737793,0.92398071,32.55293274,1.0579071,-29.32458496,-26.37919617,1.82632446,-22.30833435,0,0.0,4.26275635,4.26275635,1.0,1.0,1578642405523030,252446653140, HMD, -0.06805, 1.16637, 0.40479, 0.01583, 0.01086, -0.99948, -0.02609
3769873,1578642405577359,1,1,1,1,0,1,1,1,1,0,-0.06190491,0.34851074,0.9352417,-0.07408142,0.37362671,0.92460632,32.55706787,1.04681396,-29.31494141,-26.40002441,1.85951233,-22.44694519,0,0.0,4.17462158,4.17462158,1.0,1.0,1578642405581600,252447238864, HMD, -0.06803, 1.16633, 0.40472, 0.01656, 0.01063, -0.99946, -0.02624
3769881,1578642405581359,1,1,1,1,0,1,1,1,1,0,-0.06092834,0.34922791,0.93504333,-0.07481384,0.37239075,0.92504883,32.55677795,1.04125977,-29.29924011,-26.40046692,1.86489868,-22.44754028,0,0.0,4.16442871,4.16442871,1.0,1.0,1578642405581600,252447238864, HMD, -0.06803, 1.16633, 0.40472, 0.01656, 0.01063, -0.99946, -0.02624
3769881,1578642405585039,1,1,1,1,0,1,1,1,1,0,-0.06092834,0.34922791,0.93504333,-0.07481384,0.37239075,0.92504883,32.55677795,1.04125977,-29.29924011,-26.40046692,1.86489868,-22.44754028,0,0.0,4.16442871,4.16442871,1.0,1.0,1578642405584926,252447272103, HMD, -0.06803, 1.16632, 0.40471, 0.01659, 0.01063, -0.99946, -0.02625
3769881,1578642405589054,1,1,1,1,0,1,1,1,1,0,-0.06092834,0.34922791,0.93504333,-0.07481384,0.37239075,0.92504883,32.55677795,1.04125977,-29.29924011,-26.40046692,1.86489868,-22.44754028,0,0.0,4.16442871,4.16442871,1.0,1.0,1578642405584926,252447272103, HMD, -0.06803, 1.16632, 0.40471, 0.01659, 0.01063, -0.99946, -0.02625
3769889,1578642405593044,1,1,1,1,0,1,1,1,1,0,-0.06181335,0.34819031,0.93537903,-0.07443237,0.3730011,0.92483521,32.55706787,1.04681396,-29.31494141,-26.40429688,1.86338806,-22.44694519,0,0.0,4.16131592,4.16131592,1.0,1.0,1578642405584926,252447272103, HMD, -0.06803, 1.16632, 0.40471, 0.01659, 0.01063, -0.99946, -0.02625
3769889,1578642405598036,1,1,1,1,0,1,1,1,1,0,-0.06181335,0.34819031,0.93537903,-0.07443237,0.3730011,0.92483521,32.55706787,1.04681396,-29.31494141,-26.40429688,1.86338806,-22.44694519,0,0.0,4.16131592,4.16131592,1.0,1.0,1578642405601172,252447434610, HMD, -0.06807, 1.16631, 0.40466, 0.01662, 0.01063, -0.99946, -0.02627
3769898,1578642405602376,1,1,1,1,0,1,1,1,1,0,-0.06167603,0.34902954,0.93507385,-0.07281494,0.37286377,0.92500305,32.55744934,1.04740906,-29.31686401,-26.40812683,1.86489868,-22.44633484,0,0.0,4.16848755,4.16848755,1.0,1.0,1578642405602007,252447442983, HMD, -0.06807, 1.16631, 0.40466, 0.01662, 0.01063, -0.99946, -0.02627
3769906,1578642405608299,1,1,1,1,0,1,1,1,1,0,-0.06210327,0.34844971,0.93525696,-0.07289124,0.37164307,0.92550659,32.55784607,1.04800415,-29.31880188,-26.41043091,1.86865234,-22.44145203,0,0.0,4.17454529,4.17454529,1.0,1.0,1578642405607157,252447494418, HMD, -0.06808, 1.16631, 0.40464, 0.01661, 0.01064, -0.99946, -0.02628
3769906,1578642405612401,1,1,1,1,0,1,1,1,1,0,-0.06210327,0.34844971,0.93525696,-0.07289124,0.37164307,0.92550659,32.55784607,1.04800415,-29.31880188,-26.41043091,1.86865234,-22.44145203,0,0.0,4.17454529,4.17454529,1.0,1.0,1578642405607157,252447494418, HMD, -0.06808, 1.16631, 0.40464, 0.01661, 0.01064, -0.99946, -0.02628
3769914,1578642405618863,1,1,1,1,0,1,1,1,1,0,-0.06272888,0.34687805,0.93580627,-0.07292175,0.37223816,0.92526245,32.55744934,1.05560303,-29.33499146,-26.41275024,1.86489868,-22.43656921,0,0.0,4.1658783,4.1658783,1.0,1.0,1578642405622189,252447644774, HMD, -0.06812, 1.16630, 0.40461, 0.01657, 0.01069, -0.99946, -0.02628
3769914,1578642405622876,1,1,1,1,0,1,1,1,1,0,-0.06272888,0.34687805,0.93580627,-0.07292175,0.37223816,0.92526245,32.55744934,1.05560303,-29.33499146,-26.41275024,1.86489868,-22.43656921,0,0.0,4.1658783,4.1658783,1.0,1.0,1578642405622887,252447651716, HMD, -0.06812, 1.16630, 0.40461, 0.01657, 0.01069, -0.99946, -0.02627
3769923,1578642405626886,1,1,1,1,0,1,1,1,1,0,-0.06257629,0.34541321,0.93635559,-0.07290649,0.37226868,0.92524719,32.55726624,1.06321716,-29.35118103,-26.41313171,1.86338806,-22.42880249,0,0.0,4.17060852,4.17060852,1.0,1.0,1578642405626786,252447690706, HMD, -0.06813, 1.16630, 0.40459, 0.01654, 0.01071, -0.99946, -0.02626
3769923,1578642405630887,1,1,1,1,0,1,1,1,1,0,-0.06257629,0.34541321,0.93635559,-0.07290649,0.37226868,0.92524719,32.55726624,1.06321716,-29.35118103,-26.41313171,1.86338806,-22.42880249,0,0.0,4.17060852,4.17060852,1.0,1.0,1578642405626786,252447690706, HMD, -0.06813, 1.16630, 0.40459, 0.01654, 0.01071, -0.99946, -0.02626
3769931,1578642405634903,1,1,1,1,0,1,1,1,1,0,-0.06240845,0.34437561,0.93673706,-0.07295227,0.37139893,0.92559814,32.55715942,1.06672668,-29.35404968,-26.41351318,1.86489868,-22.42103577,0,0.0,4.18743896,4.18743896,1.0,1.0,1578642405626786,252447690706, HMD, -0.06813, 1.16630, 0.40459, 0.01654, 0.01071, -0.99946, -0.02626
3769939,1578642405641960,1,1,1,1,0,1,1,1,1,0,-0.05856323,0.33526611,0.94029236,-0.07293701,0.37124634,0.92565918,32.60760498,1.18939209,-29.65956116,-26.41313171,1.86708069,-22.42880249,0,0.0,4.20561218,4.20561218,1.0,1.0,1578642405653236,252447955232, HMD, -0.06827, 1.16638, 0.40448, 0.01630, 0.01080, -0.99947, -0.02612
3769939,1578642405646054,1,1,1,1,0,1,1,1,1,0,-0.05856323,0.33526611,0.94029236,-0.07293701,0.37124634,0.92565918,32.60760498,1.18939209,-29.65956116,-26.41313171,1.86708069,-22.42880249,0,0.0,4.20561218,4.20561218,1.0,1.0,1578642405653236,252447955232, HMD, -0.06827, 1.16638, 0.40448, 0.01630, 0.01080, -0.99947, -0.02612
3769948,1578642405652488,1,1,1,1,0,1,1,1,1,0,-0.01773071,0.36169434,0.93211365,-0.0030365,0.39169312,0.92007446,32.76347351,1.01820374,-29.16294861,-26.24504089,1.99757385,-22.9733429,0,0.0,4.25802612,4.25802612,1.0,1.0,1578642405653236,252447955232, HMD, -0.06827, 1.16638, 0.40448, 0.01630, 0.01080, -0.99947, -0.02612
3769948,1578642405656545,1,1,1,1,0,1,1,1,1,0,-0.01773071,0.36169434,0.93211365,-0.0030365,0.39169312,0.92007446,32.76347351,1.01820374,-29.16294861,-26.24504089,1.99757385,-22.9733429,0,0.0,4.25802612,4.25802612,1.0,1.0,1578642405656629,252447989141, HMD, -0.06828, 1.16638, 0.40447, 0.01625, 0.01081, -0.99947, -0.02607
3769956,1578642405663512,1,1,1,1,0,1,1,1,1,0,0.0350647,0.37104797,0.92793274,0.14282227,0.68070984,0.71847534,32.94979858,1.07052612,-29.20341492,-26.23561096,-0.40348816,-17.74633789,0,0.0,4.1847229,4.1847229,1.0,1.0,1578642405669437,252448117230, HMD, -0.06835, 1.16640, 0.40439, 0.01609, 0.01089, -0.99948, -0.02590
3769964,1578642405667522,1,1,1,1,0,1,1,1,1,0,0.08992004,0.36804199,0.92544556,0.07279968,0.41986084,0.90464783,33.16667175,1.20379639,-29.33151245,-25.50172424,1.77549744,-21.86289978,0,0.0,4.06871033,4.06871033,1.0,1.0,1578642405669437,252448117230, HMD, -0.06835, 1.16640, 0.40439, 0.01609, 0.01089, -0.99948, -0.02590
3769964,1578642405672547,1,1,1,1,0,1,1,1,1,0,0.13059998,0.41348267,0.90107727,0.12359619,0.44291687,0.88798523,33.33927917,0.90222168,-28.56700134,-25.33108521,1.78665161,-21.85446167,0,0.0,4.25283813,4.25283813,1.0,1.0,1578642405672572,252448148568, HMD, -0.06841, 1.16644, 0.40439, 0.01604, 0.01092, -0.99948, -0.02586
3769973,1578642405677026,1,1,1,1,0,1,1,1,1,0,0.13059998,0.41348267,0.90107727,0.12359619,0.44291687,0.88798523,33.33927917,0.90222168,-28.56700134,-25.33108521,1.78665161,-21.85446167,0,0.0,4.25283813,4.25283813,1.0,1.0,1578642405673700,252448159842, HMD, -0.06841, 1.16644, 0.40438, 0.01603, 0.01093, -0.99948, -0.02585
3769981,1578642405680287,1,1,1,1,0,1,1,1,1,0,0.162323,0.42350769,0.89122009,0.1882019,0.46617126,0.86444092,33.42500305,0.55934143,-27.62313843,-25.31460571,1.38250732,-20.57012939,0,0.0,4.28239441,4.28239441,1.0,1.0,1578642405673700,252448159842, HMD, -0.06841, 1.16644, 0.40438, 0.01603, 0.01093, -0.99948, -0.02585
3769981,1578642405684495,1,1,1,1,0,1,1,1,1,0,0.162323,0.42350769,0.89122009,0.1882019,0.46617126,0.86444092,33.42500305,0.55934143,-27.62313843,-25.31460571,1.38250732,-20.57012939,0,0.0,4.28239441,4.28239441,1.0,1.0,1578642405673700,252448159842, HMD, -0.06841, 1.16644, 0.40438, 0.01603, 0.01093, -0.99948, -0.02585
3769981,1578642405688511,1,1,1,1,0,1,1,1,1,0,0.162323,0.42350769,0.89122009,0.1882019,0.46617126,0.86444092,33.42500305,0.55934143,-27.62313843,-25.31460571,1.38250732,-20.57012939,0,0.0,4.28239441,4.28239441,1.0,1.0,1578642405700441,252448427275, HMD, -0.06852, 1.16656, 0.40428, 0.01561, 0.01123, -0.99949, -0.02539
3769989,1578642405691903,1,1,1,1,0,1,1,1,1,0,0.1446991,0.40898132,0.90098572,0.18882751,0.4666748,0.86401367,33.47799683,0.8261261,-28.40422058,-25.32562256,1.2250061,-20.02955627,0,0.0,4.27963257,4.27963257,1.0,1.0,1578642405700441,252448427275, HMD, -0.06852, 1.16656, 0.40428, 0.01561, 0.01123, -0.99949, -0.02539
3769998,1578642405702191,1,1,1,1,0,1,1,1,1,0,0.15455627,0.40531921,0.90100098,0.18908691,0.46899414,0.86270142,33.46734619,0.7019043,-28.03759766,-25.33433533,1.20899963,-19.97486877,0,0.0,4.27206421,4.27206421,1.0,1.0,1578642405702277,252448445623, HMD, -0.06853, 1.16656, 0.40427, 0.01558, 0.01126, -0.99949, -0.02536
3769998,1578642405706184,1,1,1,1,0,1,1,1,1,0,0.15034485,0.40286255,0.90281677,0.19160461,0.47018433,0.86151123,33.47297668,0.71990967,-28.09223938,-25.3430481,1.21128845,-19.9909668,0,0.0,4.23843384,4.23843384,1.0,1.0,1578642405704908,252448471926, HMD, -0.06854, 1.16657, 0.40426, 0.01553, 0.01130, -0.99949, -0.02532
3770006,1578642405710183,1,1,1,1,0,1,1,1,1,0,0.15034485,0.40286255,0.90281677,0.19160461,0.47018433,0.86151123,33.47297668,0.71990967,-28.09223938,-25.3430481,1.21128845,-19.9909668,0,0.0,4.23843384,4.23843384,1.0,1.0,1578642405715301,252448575868, HMD, -0.06860, 1.16661, 0.40422, 0.01533, 0.01146, -0.99950, -0.02516
3770006,1578642405714033,1,1,1,1,0,1,1,1,1,0,0.15034485,0.40286255,0.90281677,0.19160461,0.47018433,0.86151123,33.47297668,0.71990967,-28.09223938,-25.3430481,1.21128845,-19.9909668,0,0.0,4.23843384,4.23843384,1.0,1.0,1578642405715301,252448575868, HMD, -0.06860, 1.16661, 0.40422, 0.01533, 0.01146, -0.99950, -0.02516
3770014,1578642405718024,1,1,1,1,0,1,1,1,1,0,0.15136719,0.40447998,0.9019165,0.19136047,0.4705658,0.86134338,33.47862244,0.73028564,-28.13476563,-25.34640503,1.21813965,-20.01026917,0,0.0,4.26701355,4.26701355,1.0,1.0,1578642405718081,252448603654, HMD, -0.06862, 1.16662, 0.40420, 0.01528, 0.01150, -0.99950, -0.02513
3770023,1578642405723027,1,1,1,1,0,1,1,1,1,0,0.15087891,0.40490723,0.90180969,0.19108582,0.46894836,0.86228943,33.48419189,0.71609497,-28.09898376,-25.3497467,1.2250061,-20.02955627,0,0.0,4.27297974,4.27297974,1.0,1.0,1578642405718468,252448607522, HMD, -0.06862, 1.16662, 0.40420, 0.01527, 0.01150, -0.99950, -0.02513
3770023,1578642405727018,1,1,1,1,0,1,1,1,1,0,0.15087891,0.40490723,0.90180969,0.19108582,0.46894836,0.86228943,33.48419189,0.71609497,-28.09898376,-25.3497467,1.2250061,-20.02955627,0,0.0,4.27297974,4.27297974,1.0,1.0,1578642405718468,252448607522, HMD, -0.06862, 1.16662, 0.40420, 0.01527, 0.01150, -0.99950, -0.02513
3770031,1578642405731047,1,1,1,1,0,1,1,1,1,0,0.15034485,0.40643311,0.9012146,0.19087219,0.4679718,0.86286926,33.48976135,0.7019043,-28.06318665,-25.35261536,1.22773743,-20.03416443,0,0.0,4.28094482,4.28094482,1.0,1.0,1578642405739791,252448820854, HMD, -0.06873, 1.16670, 0.40411, 0.01485, 0.01184, -0.99951, -0.02484
3770031,1578642405735026,1,1,1,1,0,1,1,1,1,0,0.15034485,0.40643311,0.9012146,0.19087219,0.4679718,0.86286926,33.48976135,0.7019043,-28.06318665,-25.35261536,1.22773743,-20.03416443,0,0.0,4.28094482,4.28094482,1.0,1.0,1578642405739791,252448820854, HMD, -0.06873, 1.16670, 0.40411, 0.01485, 0.01184, -0.99951, -0.02484
3770031,1578642405739075,1,1,1,1,0,1,1,1,1,0,0.15034485,0.40643311,0.9012146,0.19087219,0.4679718,0.86286926,33.48976135,0.7019043,-28.06318665,-25.35261536,1.22773743,-20.03416443,0,0.0,4.28094482,4.28094482,1.0,1.0,1578642405739791,252448820854, HMD, -0.06873, 1.16670, 0.40411, 0.01485, 0.01184, -0.99951, -0.02484
3770039,1578642405748048,1,1,1,1,0,1,1,1,1,0,0.1565094,0.40766907,0.89961243,0.19262695,0.46681213,0.8631134,33.49713135,0.7019043,-28.06318665,-25.35925293,1.23658752,-20.03730774,0,0.0,4.34797668,4.34797668,1.0,1.0,1578642405744675,252448869594, HMD, -0.06876, 1.16672, 0.40409, 0.01476, 0.01189, -0.99951, -0.02477
3770048,1578642405753038,1,1,1,1,0,1,1,1,1,0,0.1565094,0.40766907,0.89961243,0.19262695,0.46681213,0.8631134,33.49713135,0.7019043,-28.06318665,-25.35925293,1.23658752,-20.03730774,0,0.0,4.34797668,4.34797668,1.0,1.0,1578642405744675,252448869594, HMD, -0.06876, 1.16672, 0.40409, 0.01476, 0.01189, -0.99951, -0.02477
3770056,1578642405761019,1,1,1,1,0,1,1,1,1,0,0.15582275,0.40643311,0.90028381,0.19276428,0.46543884,0.86381531,33.49975586,0.71609497,-28.09898376,-25.36300659,1.2427063,-20.03668213,0,0.0,4.33999634,4.33999634,1.0,1.0,1578642405772654,252449149433, HMD, -0.06895, 1.16680, 0.40402, 0.01418, 0.01213, -0.99953, -0.02442
3770056,1578642405765015,1,1,1,1,0,1,1,1,1,0,0.15582275,0.40643311,0.90028381,0.19276428,0.46543884,0.86381531,33.49975586,0.71609497,-28.09898376,-25.36300659,1.2427063,-20.03668213,0,0.0,4.33999634,4.33999634,1.0,1.0,1578642405772654,252449149433, HMD, -0.06895, 1.16680, 0.40402, 0.01418, 0.01213, -0.99953, -0.02442
3770064,1578642405769084,1,1,1,1,0,1,1,1,1,0,0.15510559,0.40539551,0.90087891,0.19429016,0.46559143,0.86340332,33.50238037,0.72680664,-28.12400818,-25.36499023,1.24276733,-20.03311157,0,0.0,4.3427887,4.3427887,1.0,1.0,1578642405772654,252449149433, HMD, -0.06895, 1.16680, 0.40402, 0.01418, 0.01213, -0.99953, -0.02442
3770064,1578642405773008,1,1,1,1,0,1,1,1,1,0,0.15510559,0.40539551,0.90087891,0.19429016,0.46559143,0.86340332,33.50238037,0.72680664,-28.12400818,-25.36499023,1.24276733,-20.03311157,0,0.0,4.3427887,4.3427887,1.0,1.0,1578642405772960,252449152448, HMD, -0.06895, 1.16680, 0.40402, 0.01418, 0.01213, -0.99953, -0.02441
3770073,1578642405777012,1,1,1,1,0,1,1,1,1,0,0.15643311,0.40496826,0.90083313,0.19480896,0.46614075,0.86299133,33.50361633,0.72854614,-28.12939453,-25.36300659,1.24281311,-20.03668213,0,0.0,4.33700562,4.33700562,1.0,1.0,1578642405776060,252449183446, HMD, -0.06897, 1.16681, 0.40401, 0.01412, 0.01215, -0.99953, -0.02438
3770081,1578642405781003,1,1,1,1,0,1,1,1,1,0,0.15643311,0.40496826,0.90083313,0.19480896,0.46614075,0.86299133,33.50361633,0.72854614,-28.12939453,-25.36300659,1.24281311,-20.03668213,0,0.0,4.33700562,4.33700562,1.0,1.0,1578642405776060,252449183446, HMD, -0.06897, 1.16681, 0.40401, 0.01412, 0.01215, -0.99953, -0.02438
3770081,1578642405785021,1,1,1,1,0,1,1,1,1,0,0.15768433,0.40530396,0.90046692,0.19055176,0.46318054,0.86552429,33.50485229,0.73028564,-28.13476563,-25.36499023,1.24316406,-20.03730774,0,0.0,4.34275818,4.34275818,1.0,1.0,1578642405776060,252449183446, HMD, -0.06897, 1.16681, 0.40401, 0.01412, 0.01215, -0.99953, -0.02438
3770089,1578642405791024,1,1,1,1,0,1,1,1,1,0,0.15539551,0.40518188,0.90092468,0.1940918,0.46543884,0.86352539,33.51538086,0.73136902,-28.13902283,-25.36300659,1.24351501,-20.03794861,0,0.0,4.35476685,4.35476685,1.0,1.0,1578642405800321,252449426089, HMD, -0.06908, 1.16686, 0.40392, 0.01366, 0.01227, -0.99954, -0.02409
3770089,1578642405795023,1,1,1,1,0,1,1,1,1,0,0.15539551,0.40518188,0.90092468,0.1940918,0.46543884,0.86352539,33.51538086,0.73136902,-28.13902283,-25.36300659,1.24351501,-20.03794861,0,0.0,4.35476685,4.35476685,1.0,1.0,1578642405800321,252449426089, HMD, -0.06908, 1.16686, 0.40392, 0.01366, 0.01227, -0.99954, -0.02409
3770098,1578642405801009,1,1,1,1,0,1,1,1,1,0,0.15310669,0.40501404,0.90139771,0.19165039,0.46264648,0.86557007,33.52589417,0.73245239,-28.14326477,-25.36499023,1.24510193,-20.03834534,0,0.0,4.36683655,4.36683655,1.0,1.0,1578642405801033,252449433174, HMD, -0.06909, 1.16686, 0.40391, 0.01364, 0.01228, -0.99954, -0.02408
3770098,1578642405805124,1,1,1,1,0,1,1,1,1,0,0.15310669,0.40501404,0.90139771,0.19165039,0.46264648,0.86557007,33.52589417,0.73245239,-28.14326477,-25.36499023,1.24510193,-20.03834534,0,0.0,4.36683655,4.36683655,1.0,1.0,1578642405804525,252449468097, HMD, -0.06911, 1.16686, 0.40391, 0.01359, 0.01229, -0.99954, -0.02405
3770106,1578642405813689,1,1,1,1,0,1,1,1,1,0,0.15753174,0.40162659,0.90214539,0.19595337,0.46484375,0.86341858,33.55895996,0.74525452,-28.2335968,-25.36698914,1.2467041,-20.03875732,0,0.0,4.40979004,4.40979004,1.0,1.0,1578642405822503,252449647913, HMD, -0.06920, 1.16688, 0.40389, 0.01330, 0.01236, -0.99955, -0.02394
3770114,1578642405817697,1,1,1,1,0,1,1,1,1,0,0.12667847,0.35691833,0.92549133,0.1415863,0.37042236,0.91799927,33.52442932,1.1856842,-29.91978455,-25.34269714,1.91693115,-22.44265747,0,0.0,4.32803345,4.32803345,1.0,1.0,1578642405822503,252449647913, HMD, -0.06920, 1.16688, 0.40389, 0.01330, 0.01236, -0.99955, -0.02394
3770114,1578642405821684,1,1,1,1,0,1,1,1,1,0,0.12667847,0.35691833,0.92549133,0.1415863,0.37042236,0.91799927,33.52442932,1.1856842,-29.91978455,-25.34269714,1.91693115,-22.44265747,0,0.0,4.32803345,4.32803345,1.0,1.0,1578642405822503,252449647913, HMD, -0.06920, 1.16688, 0.40389, 0.01330, 0.01236, -0.99955, -0.02394
3770123,1578642405825692,1,1,1,1,0,1,1,1,1,0,0.09812927,0.25894165,0.96089172,0.08233643,0.29798889,0.95100403,33.23526001,1.02098083,-29.93809509,-25.37049866,1.99720764,-23.81202698,0,0.0,4.15803528,4.15803528,1.0,1.0,1578642405825745,252449680293, HMD, -0.06922, 1.16689, 0.40389, 0.01325, 0.01236, -0.99955, -0.02393
3770123,1578642405829669,1,1,1,1,0,1,1,1,1,0,0.09812927,0.25894165,0.96089172,0.08233643,0.29798889,0.95100403,33.23526001,1.02098083,-29.93809509,-25.37049866,1.99720764,-23.81202698,0,0.0,4.15803528,4.15803528,1.0,1.0,1578642405826039,252449683240, HMD, -0.06922, 1.16689, 0.40389, 0.01325, 0.01236, -0.99955, -0.02393
3770131,1578642405833673,1,1,1,1,0,1,1,1,1,0,0.06007385,0.19247437,0.97944641,0.06945801,0.23435974,0.96965027,33.0506134,1.10098267,-30.67590332,-25.50907898,1.73500061,-23.715271,0,0.0,4.09449768,4.09449768,1.0,1.0,1578642405826039,252449683240, HMD, -0.06922, 1.16689, 0.40389, 0.01325, 0.01236, -0.99955, -0.02393
3770131,1578642405837623,1,1,1,1,0,1,1,1,1,0,0.06007385,0.19247437,0.97944641,0.06945801,0.23435974,0.96965027,33.0506134,1.10098267,-30.67590332,-25.50907898,1.73500061,-23.715271,0,0.0,4.09449768,4.09449768,1.0,1.0,1578642405845669,252449879570, HMD, -0.06930, 1.16689, 0.40390, 0.01293, 0.01245, -0.99955, -0.02395
3770131,1578642405841614,1,1,1,1,0,1,1,1,1,0,0.05244446,0.09889221,0.99371338,0.05479431,0.13755798,0.9889679,32.85818481,1.14993286,-31.34214783,-25.57485962,1.62165833,-24.11660767,0,0.0,4.17092896,4.17092896,1.0,1.0,1578642405845669,252449879570, HMD, -0.06930, 1.16689, 0.40390, 0.01293, 0.01245, -0.99955, -0.02395
3770139,1578642405845619,1,1,1,1,0,1,1,1,1,0,0.05244446,0.09889221,0.99371338,0.05479431,0.13755798,0.9889679,32.85818481,1.14993286,-31.34214783,-25.57485962,1.62165833,-24.11660767,0,0.0,4.17092896,4.17092896,1.0,1.0,1578642405845669,252449879570, HMD, -0.06930, 1.16689, 0.40390, 0.01293, 0.01245, -0.99955, -0.02395
3770148,1578642405849617,1,1,1,1,0,1,1,1,1,0,0.03890991,0.03916931,0.99845886,0.0584259,0.05999756,0.99647522,32.7509613,0.86825562,-31.17904663,-25.63000488,1.48806763,-24.28140259,0,0.0,4.2164917,4.2164917,1.0,1.0,1578642405849577,252449918608, HMD, -0.06933, 1.16689, 0.40391, 0.01286, 0.01248, -0.99955, -0.02395
3770148,1578642405854636,1,1,1,1,0,1,1,1,1,0,0.03890991,0.03916931,0.99845886,0.0584259,0.05999756,0.99647522,32.7509613,0.86825562,-31.17904663,-25.63000488,1.48806763,-24.28140259,0,0.0,4.2164917,4.2164917,1.0,1.0,1578642405850218,252449925021, HMD, -0.06933, 1.16689, 0.40391, 0.01285, 0.01248, -0.99955, -0.02395
3770148,1578642405858660,1,1,1,1,0,1,1,1,1,0,0.02896118,-0.00979614,0.99952698,0.0456543,-0.00169373,0.99894714,32.65803528,0.60209656,-30.85049438,-25.64402771,1.28387451,-24.35673523,0,0.0,4.19328308,4.19328308,1.0,1.0,1578642405850218,252449925021, HMD, -0.06933, 1.16689, 0.40391, 0.01285, 0.01248, -0.99955, -0.02395
3770156,1578642405862642,1,1,1,1,0,1,1,1,1,0,0.02896118,-0.00979614,0.99952698,0.0456543,-0.00169373,0.99894714,32.65803528,0.60209656,-30.85049438,-25.64402771,1.28387451,-24.35673523,0,0.0,4.19328308,4.19328308,1.0,1.0,1578642405869376,252450116641, HMD, -0.06936, 1.16689, 0.40391, 0.01254, 0.01258, -0.99955, -0.02403
3770164,1578642405866624,1,1,1,1,0,1,1,1,1,0,0.01623535,-0.05177307,0.9985199,0.01753235,-0.03404236,0.99925232,32.5765686,0.37110901,-30.72198486,-25.69207764,1.05264282,-24.35571289,0,0.0,4.21109009,4.21109009,1.0,1.0,1578642405869376,252450116641, HMD, -0.06936, 1.16689, 0.40391, 0.01254, 0.01258, -0.99955, -0.02403
3770164,1578642405870622,1,1,1,1,0,1,1,1,1,0,0.01623535,-0.05177307,0.9985199,0.01753235,-0.03404236,0.99925232,32.5765686,0.37110901,-30.72198486,-25.69207764,1.05264282,-24.35571289,0,0.0,4.21109009,4.21109009,1.0,1.0,1578642405870658,252450129430, HMD, -0.06938, 1.16690, 0.40393, 0.01250, 0.01260, -0.99955, -0.02403
3770173,1578642405876621,1,1,1,1,0,1,1,1,1,0,0.02362061,-0.11196899,0.99342346,-0.00057983,-0.1162262,0.99320984,32.51133728,0.25245667,-30.77671814,-25.68144226,0.7598114,-23.95227051,0,0.0,4.31399536,4.31399536,0.9603371,0.95284897,1578642405873114,252450153988, HMD, -0.06939, 1.16690, 0.40393, 0.01247, 0.01262, -0.99955, -0.02403
3770173,1578642405880083,1,1,1,1,0,1,1,1,1,0,0.02362061,-0.11196899,0.99342346,-0.00057983,-0.1162262,0.99320984,32.51133728,0.25245667,-30.77671814,-25.68144226,0.7598114,-23.95227051,0,0.0,4.31399536,4.31399536,0.9603371,0.95284897,1578642405873114,252450153988, HMD, -0.06939, 1.16690, 0.40393, 0.01247, 0.01262, -0.99955, -0.02403
3770181,1578642405884104,1,1,1,1,0,1,1,1,1,0,0.02609253,-0.21348572,0.97659302,0.01931763,-0.13848877,0.99017334,32.47631836,-0.01554871,-30.36036682,-25.6789856,0.54347229,-23.83201599,0,0.0,3.81622314,3.81622314,0.9603371,0.95284897,1578642405873114,252450153988, HMD, -0.06939, 1.16690, 0.40393, 0.01247, 0.01262, -0.99955, -0.02403
3770181,1578642405888071,1,1,1,1,0,1,1,1,1,0,0.02609253,-0.21348572,0.97659302,0.01931763,-0.13848877,0.99017334,32.47631836,-0.01554871,-30.36036682,-25.6789856,0.54347229,-23.83201599,0,0.0,3.81622314,3.81622314,0.9603371,0.95284897,1578642405897489,252450397745, HMD, -0.06950, 1.16689, 0.40399, 0.01212, 0.01267, -0.99956, -0.02409
3770189,1578642405892068,1,1,1,1,0,1,1,1,1,0,0.01832581,-0.2958374,0.95504761,0.00396729,-0.18513489,0.98269653,32.46459961,-0.17047119,-30.39660645,-25.67137146,0.4526062,-24.4876709,0,0.0,3.77320862,3.77320862,0.66993797,0.62639052,1578642405897489,252450397745, HMD, -0.06950, 1.16689, 0.40399, 0.01212, 0.01267, -0.99956, -0.02409
3770198,1578642405898053,1,1,1,1,0,1,1,1,1,0,0.01202393,-0.31231689,0.94989014,0.0287323,-0.30714417,0.95121765,32.44732666,-0.3053894,-30.54615784,-25.69723511,0.32449341,-24.26025391,0,0.0,3.85057068,3.85057068,0.66993797,0.62639052,1578642405898016,252450403000, HMD, -0.06951, 1.16689, 0.40399, 0.01212, 0.01267, -0.99956, -0.02410
3770198,1578642405902054,1,1,1,1,0,1,1,1,1,0,0.01202393,-0.31231689,0.94989014,0.0287323,-0.30714417,0.95121765,32.44732666,-0.3053894,-30.54615784,-25.69723511,0.32449341,-24.26025391,0,0.0,3.85057068,3.85057068,0.66993797,0.62639052,1578642405900610,252450428941, HMD, -0.06952, 1.16688, 0.40399, 0.01208, 0.01267, -0.99956, -0.02410
3770198,1578642405906065,1,1,1,1,0,1,1,1,1,0,-0.00338745,-0.17932129,0.98377991,0.0111084,-0.35377502,0.93525696,32.48971558,2.1701355,-42.30952454,-25.62097168,0.04376221,-24.08479309,0,0.0,3.46279907,3.46279907,0.66993797,0.62639052,1578642405900610,252450428941, HMD, -0.06952, 1.16688, 0.40399, 0.01208, 0.01267, -0.99956, -0.02410
3770206,1578642405910049,1,1,1,1,0,1,1,1,1,0,-0.00338745,-0.17932129,0.98377991,0.0111084,-0.35377502,0.93525696,32.48971558,2.1701355,-42.30952454,-25.62097168,0.04376221,-24.08479309,0,0.0,3.46279907,3.46279907,0.39111438,0.30716294,1578642405900610,252450428941, HMD, -0.06952, 1.16688, 0.40399, 0.01208, 0.01267, -0.99956, -0.02410
3770206,1578642405913982,1,1,1,1,0,0,0,1,1,0,0.03274536,-0.39903259,0.91633606,0.0,0.0,0.0,32.50671387,-0.68870544,-30.39842224,0.0,0.0,0.0,0,0.0,3.84437561,3.84437561,0.39111438,0.30716294,1578642405900610,252450428941, HMD, -0.06952, 1.16688, 0.40399, 0.01208, 0.01267, -0.99956, -0.02410
3770223,1578642405927543,1,1,1,1,0,0,0,1,1,0,0.03465271,-0.40258789,0.91471863,0.0,0.0,0.0,32.54205322,-0.74983215,-30.27552795,0.0,0.0,0.0,0,0.0,3.78274536,3.78274536,0.27917933,0.20230399,1578642405929891,252450721760, HMD, -0.06965, 1.16689, 0.40407, 0.01187, 0.01255, -0.99956, -0.02404
3770231,1578642405931540,1,1,1,1,0,0,0,1,1,0,0.04455566,-0.39608765,0.91711426,0.0,0.0,0.0,32.58811951,-0.77810669,-30.1005249,0.0,0.0,0.0,0,0.0,3.92799377,3.92799377,0.27917933,0.20230399,1578642405931504,252450737881, HMD, -0.06965, 1.16689, 0.40407, 0.01187, 0.01256, -0.99956, -0.02403
3770231,1578642405936529,1,1,1,1,0,0,0,1,1,0,0.04455566,-0.39608765,0.91711426,0.0,0.0,0.0,32.58811951,-0.77810669,-30.1005249,0.0,0.0,0.0,0,0.0,3.92799377,3.92799377,0.27917933,0.20230399,1578642405932959,252450752436, HMD, -0.06966, 1.16689, 0.40407, 0.01187, 0.01255, -0.99956, -0.02401
3770239,1578642405940543,1,1,1,1,0,0,0,1,1,0,0.01683044,-0.36799622,0.92965698,0.0,0.0,0.0,32.66641235,-0.82600403,-30.1512146,0.0,0.0,0.0,0,0.0,3.82983398,3.82983398,0.29154345,0.17281824,1578642405942844,252450851292, HMD, -0.06967, 1.16690, 0.40410, 0.01184, 0.01254, -0.99956, -0.02396
3770239,1578642405945537,1,1,1,1,0,0,0,1,1,0,0.01683044,-0.36799622,0.92965698,0.0,0.0,0.0,32.66641235,-0.82600403,-30.1512146,0.0,0.0,0.0,0,0.0,3.82983398,3.82983398,0.29154345,0.17281824,1578642405945455,252450877397, HMD, -0.06967, 1.16690, 0.40411, 0.01184, 0.01254, -0.99956, -0.02394
3770248,1578642405949538,1,1,1,1,0,0,0,1,1,0,0.03765869,-0.38922119,0.92036438,0.0,0.0,0.0,32.64544678,-0.79241943,-30.12312317,0.0,0.0,0.0,0,0.0,3.89021301,3.89021301,0.29154345,0.17281824,1578642405946325,252450886091, HMD, -0.06968, 1.16690, 0.40411, 0.01183, 0.01253, -0.99957, -0.02393
3770248,1578642405953530,1,1,1,1,0,0,0,1,1,0,0.03765869,-0.38922119,0.92036438,0.0,0.0,0.0,32.64544678,-0.79241943,-30.12312317,0.0,0.0,0.0,0,0.0,3.89021301,3.89021301,0.29154345,0.17281824,1578642405954713,252450970008, HMD, -0.06971, 1.16691, 0.40412, 0.01181, 0.01256, -0.99957, -0.02385
3770256,1578642405957543,1,1,1,1,0,0,0,1,1,0,0.03868103,-0.38697815,0.92126465,0.0,0.0,0.0,32.65493774,-0.79380798,-30.12312317,0.0,0.0,0.0,0,0.0,3.93006897,3.93006897,0.32014301,0.18917726,1578642405957517,252450998016, HMD, -0.06972, 1.16689, 0.40412, 0.01182, 0.01257, -0.99957, -0.02382
3770256,1578642405961542,1,1,1,1,0,0,0,1,1,0,0.03868103,-0.38697815,0.92126465,0.0,0.0,0.0,32.65493774,-0.79380798,-30.12312317,0.0,0.0,0.0,0,0.0,3.93006897,3.93006897,0.32014301,0.18917726,1578642405957889,252451001734, HMD, -0.06972, 1.16689, 0.40412, 0.01182, 0.01258, -0.99957, -0.02381
3770264,1578642405966534,1,1,1,1,0,0,0,1,1,0,0.02601624,-0.38365173,0.9230957,0.0,0.0,0.0,32.72659302,-0.83679199,-30.15602112,0.0,0.0,0.0,0,0.0,4.00280762,4.00280762,0.32014301,0.18917726,1578642405970521,252451128076, HMD, -0.06977, 1.16691, 0.40414, 0.01181, 0.01266, -0.99957, -0.02370
3770264,1578642405970551,1,1,1,1,0,0,0,1,1,0,0.02601624,-0.38365173,0.9230957,0.0,0.0,0.0,32.72659302,-0.83679199,-30.15602112,0.0,0.0,0.0,0,0.0,4.00280762,4.00280762,0.32014301,0.18917726,1578642405970521,252451128076, HMD, -0.06977, 1.16691, 0.40414, 0.01181, 0.01266, -0.99957, -0.02370
3770273,1578642405975538,0,0,1,1,0,0,0,1,1,0,0.0,0.0,0.0,0.0,0.0,0.0,0.0,0.0,0.0,0.0,0.0,0.0,0,0.0,-1.0,-1.0,0.3228333,0.17637014,1578642405974988,252451172724, HMD, -0.06978, 1.16691, 0.40415, 0.01181, 0.01268, -0.99957, -0.02366
3770273,1578642405979528,0,0,1,1,0,0,0,1,1,0,0.0,0.0,0.0,0.0,0.0,0.0,0.0,0.0,0.0,0.0,0.0,0.0,0,0.0,-1.0,-1.0,0.3228333,0.17637014,1578642405974988,252451172724, HMD, -0.06978, 1.16691, 0.40415, 0.01181, 0.01268, -0.99957, -0.02366
3770281,1578642405983536,1,1,1,1,0,0,0,1,1,0,0.02429199,-0.39109802,0.92001343,0.0,0.0,0.0,32.76071167,-0.97219849,-29.60830688,0.0,0.0,0.0,0,0.0,3.99674988,3.99674988,0.3228333,0.17637014,1578642405984191,252451264774, HMD, -0.06978, 1.16693, 0.40417, 0.01183, 0.01274, -0.99957, -0.02358
3770281,1578642405987513,1,1,1,1,0,0,0,1,1,0,0.02429199,-0.39109802,0.92001343,0.0,0.0,0.0,32.76071167,-0.97219849,-29.60830688,0.0,0.0,0.0,0,0.0,3.99674988,3.99674988,0.3228333,0.17637014,1578642405987346,252451296308, HMD, -0.06978, 1.16694, 0.40417, 0.01183, 0.01276, -0.99957, -0.02355
3770289,1578642405991544,1,1,1,1,0,0,0,1,1,0,0.02711487,-0.40785217,0.91262817,0.0,0.0,0.0,32.76121521,-0.78677368,-30.12664795,0.0,0.0,0.0,0,0.0,3.91673279,3.91673279,0.35542664,0.20508729,1578642405987346,252451296308, HMD, -0.06978, 1.16694, 0.40417, 0.01183, 0.01276, -0.99957, -0.02355
3770289,1578642405995531,1,1,1,1,0,0,0,1,1,0,0.02711487,-0.40785217,0.91262817,0.0,0.0,0.0,32.76121521,-0.78677368,-30.12664795,0.0,0.0,0.0,0,0.0,3.91673279,3.91673279,0.35542664,0.20508729,1578642406001361,252451436507, HMD, -0.06980, 1.16696, 0.40417, 0.01185, 0.01285, -0.99957, -0.02341
3770298,1578642405999521,1,1,1,1,0,1,1,1,1,0,0.02745056,-0.39329529,0.91899109,0.12484741,-0.38311768,0.91522217,32.78225708,-0.86933899,-29.92137146,-26.22499084,1.11669922,-28.38790894,0,0.0,4.04005432,4.04005432,0.35542664,0.20508729,1578642406001361,252451436507, HMD, -0.06980, 1.16696, 0.40417, 0.01185, 0.01285, -0.99957, -0.02341
3770298,1578642406003536,1,1,1,1,0,1,1,1,1,0,0.02745056,-0.39329529,0.91899109,0.12484741,-0.38311768,0.91522217,32.78225708,-0.86933899,-29.92137146,-26.22499084,1.11669922,-28.38790894,0,0.0,4.04005432,4.04005432,0.35542664,0.20508729,1578642406003560,252451458446, HMD, -0.06981, 1.16696, 0.40417, 0.01185, 0.01286, -0.99957, -0.02339
3770306,1578642406007520,1,1,1,1,0,0,0,1,1,0,0.03781128,-0.42182922,0.90588379,0.0,0.0,0.0,32.770401,-0.74699402,-30.2194519,0.0,0.0,0.0,0,0.0,3.83377075,3.83377075,0.40613562,0.24718584,1578642406004517,252451468014, HMD, -0.06981, 1.16696, 0.40418, 0.01185, 0.01287, -0.99957, -0.02338
3770306,1578642406011518,1,1,1,1,0,0,0,1,1,0,0.03781128,-0.42182922,0.90588379,0.0,0.0,0.0,32.770401,-0.74699402,-30.2194519,0.0,0.0,0.0,0,0.0,3.83377075,3.83377075,0.40613562,0.24718584,1578642406013451,252451557353, HMD, -0.06986, 1.16698, 0.40420, 0.01188, 0.01293, -0.99957, -0.02330
3770314,1578642406015519,1,1,1,1,0,1,1,1,1,0,0.03591919,-0.41758728,0.90791321,0.09951782,-0.37879944,0.92010498,32.78096008,-0.77932739,-30.12820435,-26.07496643,0.45845032,-26.13412476,0,0.0,4.0796814,4.0796814,0.40613562,0.24718584,1578642406015474,252451577585, HMD, -0.06986, 1.16699, 0.40420, 0.01188, 0.01294, -0.99957, -0.02328
3770314,1578642406019531,1,1,1,1,0,1,1,1,1,0,0.03591919,-0.41758728,0.90791321,0.09951782,-0.37879944,0.92010498,32.78096008,-0.77932739,-30.12820435,-26.07496643,0.45845032,-26.13412476,0,0.0,4.0796814,4.0796814,0.40613562,0.24718584,1578642406016758,252451590425, HMD, -0.06987, 1.16698, 0.40420, 0.01188, 0.01296, -0.99957, -0.02327
3770323,1578642406025515,1,1,1,1,0,1,1,1,1,0,0.02023315,-0.38114929,0.92428589,0.03804016,-0.404953,0.91352844,32.79278564,-0.72520447,-30.42033386,-25.90634155,-0.30007935,-23.52655029,0,0.0,4.16410828,4.16410828,0.45226356,0.27213147,1578642406028704,252451709896, HMD, -0.06991, 1.16700, 0.40421, 0.01188, 0.01301, -0.99958, -0.02315
3770323,1578642406029516,1,1,1,1,0,1,1,1,1,0,0.02023315,-0.38114929,0.92428589,0.03804016,-0.404953,0.91352844,32.79278564,-0.72520447,-30.42033386,-25.90634155,-0.30007935,-23.52655029,0,0.0,4.16410828,4.16410828,0.45226356,0.27213147,1578642406029541,252451718256, HMD, -0.06992, 1.16700, 0.40421, 0.01188, 0.01301, -0.99958, -0.02314
3770331,1578642406034561,1,1,1,1,0,1,1,1,1,0,0.02140808,-0.39537048,0.91825867,0.03842163,-0.40100098,0.91526794,32.82136536,-0.81599426,-30.15072632,-25.91271973,-0.30413818,-23.60250854,0,0.0,4.09370422,4.09370422,0.45226356,0.27213147,1578642406031668,252451739520, HMD, -0.06992, 1.16700, 0.40421, 0.01188, 0.01302, -0.99958, -0.02312
3770331,1578642406038506,1,1,1,1,0,1,1,1,1,0,0.02140808,-0.39537048,0.91825867,0.03842163,-0.40100098,0.91526794,32.82136536,-0.81599426,-30.15072632,-25.91271973,-0.30413818,-23.60250854,0,0.0,4.09370422,4.09370422,0.45226356,0.27213147,1578642406042857,252451851422, HMD, -0.06993, 1.16703, 0.40420, 0.01189, 0.01309, -0.99958, -0.02305
3770339,1578642406043499,1,1,1,1,0,1,1,1,1,0,0.037323,-0.37695313,0.92547607,0.03736877,-0.35484314,0.93417358,32.79502869,-1.03620911,-29.46263123,-25.96307373,0.03625488,-25.19181824,0,0.0,4.24702454,4.24702454,0.47758597,0.30144238,1578642406043517,252451858009, HMD, -0.06994, 1.16703, 0.40421, 0.01189, 0.01310, -0.99958, -0.02305
3770348,1578642406047519,1,1,1,1,0,1,1,1,1,0,0.04115295,-0.36375427,0.93057251,0.03540039,-0.37565613,0.92607117,32.78327942,-1.05526733,-29.51193237,-25.93800354,-0.23236084,-23.84838867,0,0.0,4.20344543,4.20344543,0.47758597,0.30144238,1578642406046698,252451889826, HMD, -0.06994, 1.16704, 0.40421, 0.01188, 0.01311, -0.99958, -0.02303
3770348,1578642406051509,1,1,1,1,0,1,1,1,1,0,0.04115295,-0.36375427,0.93057251,0.03540039,-0.37565613,0.92607117,32.78327942,-1.05526733,-29.51193237,-25.93800354,-0.23236084,-23.84838867,0,0.0,4.20344543,4.20344543,0.47758597,0.30144238,1578642406055732,252451980175, HMD, -0.06999, 1.16706, 0.40423, 0.01184, 0.01316, -0.99958, -0.02295
3770348,1578642406055511,1,1,1,1,0,1,1,1,1,0,0.04115295,-0.36375427,0.93057251,0.03540039,-0.37565613,0.92607117,32.78327942,-1.05526733,-29.51193237,-25.93800354,-0.23236084,-23.84838867,0,0.0,4.20344543,4.20344543,0.47758597,0.30144238,1578642406055732,252451980175, HMD, -0.06999, 1.16706, 0.40423, 0.01184, 0.01316, -0.99958, -0.02295
3770356,1578642406059511,1,1,1,1,0,1,1,1,1,0,0.03555298,-0.41262817,0.91018677,0.03022766,-0.35317993,0.93505859,32.81651306,-0.99899292,-29.68132019,-25.92770386,-0.32830811,-23.81942749,0,0.0,4.05397034,4.05397034,0.51992851,0.3373358,1578642406059552,252452018363, HMD, -0.07001, 1.16706, 0.40424, 0.01182, 0.01319, -0.99958, -0.02293
3770356,1578642406063508,1,1,1,1,0,1,1,1,1,0,0.03555298,-0.41262817,0.91018677,0.03022766,-0.35317993,0.93505859,32.81651306,-0.99899292,-29.68132019,-25.92770386,-0.32830811,-23.81942749,0,0.0,4.05397034,4.05397034,0.51992851,0.3373358,1578642406059552,252452018363, HMD, -0.07001, 1.16706, 0.40424, 0.01182, 0.01319, -0.99958, -0.02293
3770364,1578642406067510,1,1,1,1,0,1,1,1,1,0,0.02766418,-0.37942505,0.92480469,0.02018738,-0.36117554,0.93226624,32.82266235,-0.97940063,-29.77796936,-25.94668579,-0.29750061,-23.79637146,0,0.0,4.21429443,4.21429443,0.51992851,0.3373358,1578642406070418,252452127038, HMD, -0.07007, 1.16709, 0.40426, 0.01176, 0.01323, -0.99958, -0.02283
3770364,1578642406072492,1,1,1,1,0,1,1,1,1,0,0.02766418,-0.37942505,0.92480469,0.02018738,-0.36117554,0.93226624,32.82266235,-0.97940063,-29.77796936,-25.94668579,-0.29750061,-23.79637146,0,0.0,4.21429443,4.21429443,0.51992851,0.3373358,1578642406072538,252452148221, HMD, -0.07009, 1.16711, 0.40428, 0.01173, 0.01325, -0.99958, -0.02280
3770373,1578642406076492,1,1,1,1,0,1,1,1,1,0,0.03027344,-0.36763,0.92945862,0.02815247,-0.35569763,0.93415833,32.83390808,-0.87120056,-30.28968811,-25.94026184,-0.33343506,-23.62353516,0,0.0,4.21839905,4.21839905,0.56562448,0.35664013,1578642406073776,252452160607, HMD, -0.07010, 1.16711, 0.40428, 0.01173, 0.01325, -0.99958, -0.02279
3770381,1578642406080500,1,1,1,1,0,1,1,1,1,0,0.03027344,-0.36763,0.92945862,0.02815247,-0.35569763,0.93415833,32.83390808,-0.87120056,-30.28968811,-25.94026184,-0.33343506,-23.62353516,0,0.0,4.21839905,4.21839905,0.56562448,0.35664013,1578642406073776,252452160607, HMD, -0.07010, 1.16711, 0.40428, 0.01173, 0.01325, -0.99958, -0.02279
3770381,1578642406084499,1,1,1,1,0,1,1,1,1,0,0.04251099,-0.39193726,0.91899109,0.06520081,-0.35488892,0.93261719,32.83944702,-0.91662598,-30.11083984,-26.09222412,0.07633972,-25.17463684,0,0.0,4.0199585,4.0199585,0.56562448,0.35664013,1578642406087606,252452298914, HMD, -0.07016, 1.16714, 0.40427, 0.01164, 0.01327, -0.99959, -0.02260
3770381,1578642406088493,1,1,1,1,0,1,1,1,1,0,0.04251099,-0.39193726,0.91899109,0.06520081,-0.35488892,0.93261719,32.83944702,-0.91662598,-30.11083984,-26.09222412,0.07633972,-25.17463684,0,0.0,4.0199585,4.0199585,0.56562448,0.35664013,1578642406088481,252452307658, HMD, -0.07016, 1.16714, 0.40427, 0.01164, 0.01326, -0.99959, -0.02259
3770389,1578642406092495,1,1,1,1,0,1,1,1,1,0,0.03260803,-0.37762451,0.92536926,0.05603027,-0.33573914,0.9402771,32.84155273,-0.88684082,-30.23919678,-26.04780579,-0.06140137,-24.85627747,0,0.0,4.0464325,4.0464325,0.61725897,0.41615242,1578642406091634,252452339185, HMD, -0.07018, 1.16715, 0.40428, 0.01161, 0.01328, -0.99959, -0.02256
3770389,1578642406096505,1,1,1,1,0,1,1,1,1,0,0.03260803,-0.37762451,0.92536926,0.05603027,-0.33573914,0.9402771,32.84155273,-0.88684082,-30.23919678,-26.04780579,-0.06140137,-24.85627747,0,0.0,4.0464325,4.0464325,0.61725897,0.41615242,1578642406099639,252452419236, HMD, -0.07021, 1.16717, 0.40429, 0.01154, 0.01327, -0.99959, -0.02244
3770398,1578642406100492,1,1,1,1,0,1,1,1,1,0,0.03561401,-0.35112,0.93563843,0.03152466,-0.32681274,0.94454956,32.83688354,-0.94914246,-30.10427856,-25.94865417,-0.31610107,-24.02171326,0,0.0,4.2204895,4.2204895,0.61725897,0.41615242,1578642406100550,252452428341, HMD, -0.07021, 1.16718, 0.40430, 0.01152, 0.01327, -0.99959, -0.02244
3770398,1578642406104480,1,1,1,1,0,1,1,1,1,0,0.03561401,-0.35112,0.93563843,0.03152466,-0.32681274,0.94454956,32.83688354,-0.94914246,-30.10427856,-25.94865417,-0.31610107,-24.02171326,0,0.0,4.2204895,4.2204895,0.61725897,0.41615242,1578642406104046,252452463307, HMD, -0.07023, 1.16718, 0.40431, 0.01150, 0.01328, -0.99960, -0.02239
3770406,1578642406108496,1,1,1,1,0,1,1,1,1,0,0.029953,-0.40846252,0.91227722,0.02713013,-0.31494141,0.94871521,32.84233093,-0.94694519,-30.09074402,-25.9392395,-0.3707428,-23.85559082,0,0.0,3.89411926,3.89411926,0.65257144,0.46260849,1578642406104046,252452463307, HMD, -0.07023, 1.16718, 0.40431, 0.01150, 0.01328, -0.99960, -0.02239
3770414,1578642406121491,1,1,1,1,0,1,1,1,1,0,0.02755737,-0.38673401,0.92176819,0.02944946,-0.33599854,0.94139099,32.85105896,-0.97125244,-30.01811218,-25.942276,-0.38052368,-23.82940674,0,0.0,4.01255798,4.01255798,0.65257144,0.46260849,1578642406122867,252452651533, HMD, -0.07032, 1.16722, 0.40433, 0.01132, 0.01333, -0.99960, -0.02213
3770423,1578642406125481,1,1,1,1,0,1,1,1,1,0,0.0398407,-0.38327026,0.92276001,0.02867126,-0.34661865,0.93756104,32.85690308,-0.97001648,-30.01687622,-25.9453125,-0.39028931,-23.80323792,0,0.0,4.12716675,4.12716675,0.69626325,0.49516845,1578642406125426,252452677099, HMD, -0.07033, 1.16723, 0.40433, 0.01129, 0.01333, -0.99960, -0.02210
3770423,1578642406129481,1,1,1,1,0,1,1,1,1,0,0.0398407,-0.38327026,0.92276001,0.02867126,-0.34661865,0.93756104,32.85690308,-0.97001648,-30.01687622,-25.9453125,-0.39028931,-23.80323792,0,0.0,4.12716675,4.12716675,0.69626325,0.49516845,1578642406126634,252452689189, HMD, -0.07033, 1.16723, 0.40434, 0.01128, 0.01334, -0.99960, -0.02208
3770431,1578642406133469,1,1,1,1,0,1,1,1,1,0,0.03607178,-0.38674927,0.92146301,0.03184509,-0.34658813,0.93746948,32.85766602,-0.96342468,-30.04768372,-25.95022583,-0.40692139,-23.76498413,0,0.0,4.12716675,4.12716675,0.69626325,0.49516845,1578642406135602,252452778886, HMD, -0.07040, 1.16725, 0.40435, 0.01120, 0.01337, -0.99961, -0.02199
3770431,1578642406137488,1,1,1,1,0,1,1,1,1,0,0.03607178,-0.38674927,0.92146301,0.03184509,-0.34658813,0.93746948,32.85766602,-0.96342468,-30.04768372,-25.95022583,-0.40692139,-23.76498413,0,0.0,4.12716675,4.12716675,0.69626325,0.49516845,1578642406137505,252452797891, HMD, -0.07041, 1.16725, 0.40436, 0.01118, 0.01338, -0.99961, -0.02197
3770439,1578642406141480,1,1,1,1,0,1,1,1,1,0,0.02163696,-0.3407135,0.93991089,0.03471375,-0.34420776,0.93824768,32.85508728,-0.95301819,-30.09867859,-25.95513916,-0.42355347,-23.72674561,0,0.0,4.35432434,4.35432434,0.69770271,0.50795299,1578642406138768,252452810520, HMD, -0.07041, 1.16725, 0.40436, 0.01116, 0.01338, -0.99961, -0.02196
3770439,1578642406145481,1,1,1,1,0,1,1,1,1,0,0.02163696,-0.3407135,0.93991089,0.03471375,-0.34420776,0.93824768,32.85508728,-0.95301819,-30.09867859,-25.95513916,-0.42355347,-23.72674561,0,0.0,4.35432434,4.35432434,0.69770271,0.50795299,1578642406147669,252452899538, HMD, -0.07044, 1.16726, 0.40436, 0.01107, 0.01341, -0.99961, -0.02189
3770448,1578642406149476,1,1,1,1,0,1,1,1,1,0,0.02458191,-0.35902405,0.93299866,0.03396606,-0.33970642,0.93991089,32.86495972,-0.97317505,-30.0710144,-25.95022583,-0.44754028,-23.70068359,0,0.0,4.25286865,4.25286865,0.69770271,0.50795299,1578642406149530,252452918148, HMD, -0.07045, 1.16726, 0.40436, 0.01105, 0.01341, -0.99961, -0.02188
3770448,1578642406153472,1,1,1,1,0,1,1,1,1,0,0.02458191,-0.35902405,0.93299866,0.03396606,-0.33970642,0.93991089,32.86495972,-0.97317505,-30.0710144,-25.95022583,-0.44754028,-23.70068359,0,0.0,4.25286865,4.25286865,0.69770271,0.50795299,1578642406150469,252452927528, HMD, -0.07044, 1.16726, 0.40436, 0.01104, 0.01342, -0.99961, -0.02187
3770448,1578642406157481,1,1,1,1,0,1,1,1,1,0,0.02767944,-0.41549683,0.90916443,0.03326416,-0.33529663,0.94151306,32.8692627,-0.95587158,-30.13955688,-25.9453125,-0.47154236,-23.67463684,0,0.0,3.94180298,3.94180298,0.69770271,0.50795299,1578642406150469,252452927528, HMD, -0.07044, 1.16726, 0.40436, 0.01104, 0.01342, -0.99961, -0.02187
3770464,1578642406166482,1,1,1,1,0,1,1,1,1,0,0.04454041,-0.379776,0.92399597,0.03289795,-0.33294678,0.94236755,32.87313843,-0.93736267,-30.20344543,-25.942276,-0.48345947,-23.64076233,0,0.0,4.05801392,4.05801392,0.70437056,0.52886623,1578642406166562,252453088468, HMD, -0.07049, 1.16728, 0.40436, 0.01089, 0.01342, -0.99961, -0.02181
3770464,1578642406170484,1,1,1,1,0,1,1,1,1,0,0.04454041,-0.379776,0.92399597,0.03289795,-0.33294678,0.94236755,32.87313843,-0.93736267,-30.20344543,-25.942276,-0.48345947,-23.64076233,0,0.0,4.05801392,4.05801392,0.70437056,0.52886623,1578642406170366,252453126504, HMD, -0.07052, 1.16729, 0.40437, 0.01086, 0.01344, -0.99961, -0.02181
3770473,1578642406175483,1,1,1,1,0,1,1,1,1,0,0.0365448,-0.36643982,0.92971802,0.03265381,-0.33427429,0.94189453,32.87896729,-0.95269775,-30.15690613,-25.94088745,-0.49537659,-23.60688782,0,0.0,4.17576599,4.17576599,0.71829271,0.55646878,1578642406170366,252453126504, HMD, -0.07052, 1.16729, 0.40437, 0.01086, 0.01344, -0.99961, -0.02181
3770473,1578642406179474,1,1,1,1,0,1,1,1,1,0,0.0365448,-0.36643982,0.92971802,0.03265381,-0.33427429,0.94189453,32.87896729,-0.95269775,-30.15690613,-25.94088745,-0.49537659,-23.60688782,0,0.0,4.17576599,4.17576599,0.71829271,0.55646878,1578642406182843,252453251280, HMD, -0.07056, 1.16729, 0.40437, 0.01077, 0.01344, -0.99961, -0.02182
3770481,1578642406183497,1,1,1,1,0,1,1,1,1,0,0.03804016,-0.37660217,0.92558289,0.03752136,-0.35441589,0.93432617,32.88201904,-0.88471985,-30.32727051,-25.96939087,-0.43615723,-23.70944214,0,0.0,4.08081055,4.08081055,0.71829271,0.55646878,1578642406183500,252453257848, HMD, -0.07057, 1.16729, 0.40437, 0.01077, 0.01344, -0.99961, -0.02182
3770481,1578642406187475,1,1,1,1,0,1,1,1,1,0,0.03804016,-0.37660217,0.92558289,0.03752136,-0.35441589,0.93432617,32.88201904,-0.88471985,-30.32727051,-25.96939087,-0.43615723,-23.70944214,0,0.0,4.08081055,4.08081055,0.71829271,0.55646878,1578642406185904,252453281882, HMD, -0.07058, 1.16729, 0.40437, 0.01075, 0.01344, -0.99961, -0.02183
3770489,1578642406191468,1,1,1,1,0,1,1,1,1,0,0.04490662,-0.39863586,0.91600037,0.02909851,-0.33427429,0.9420166,32.89677429,-0.84017944,-30.390625,-25.98616028,-0.38749695,-23.81617737,0,0.0,4.07884216,4.07884216,0.68424326,0.49211335,1578642406196694,252453389850, HMD, -0.07065, 1.16727, 0.40437, 0.01066, 0.01346, -0.99961, -0.02189
3770489,1578642406195465,1,1,1,1,0,1,1,1,1,0,0.04490662,-0.39863586,0.91600037,0.02909851,-0.33427429,0.9420166,32.89677429,-0.84017944,-30.390625,-25.98616028,-0.38749695,-23.81617737,0,0.0,4.07884216,4.07884216,0.68424326,0.49211335,1578642406196694,252453389850, HMD, -0.07065, 1.16727, 0.40437, 0.01066, 0.01346, -0.99961, -0.02189
3770498,1578642406199490,1,1,1,1,0,1,1,1,1,0,-0.01782227,-0.39508057,0.91847229,0.04095459,-0.35148621,0.93528748,32.99931335,0.26225281,-33.93556213,-25.99713135,-0.38961792,-23.55122375,0,0.0,3.98867798,3.98867798,0.68424326,0.49211335,1578642406199400,252453416843, HMD, -0.07063, 1.16728, 0.40435, 0.01063, 0.01347, -0.99961, -0.02191
3770498,1578642406203476,1,1,1,1,0,1,1,1,1,0,-0.01782227,-0.39508057,0.91847229,0.04095459,-0.35148621,0.93528748,32.99931335,0.26225281,-33.93556213,-25.99713135,-0.38961792,-23.55122375,0,0.0,3.98867798,3.98867798,0.68424326,0.49211335,1578642406200095,252453423794, HMD, -0.07063, 1.16728, 0.40435, 0.01063, 0.01347, -0.99961, -0.02191
3770498,1578642406207468,1,1,1,1,0,1,1,1,1,0,-0.01196289,-0.41744995,0.90861511,0.04144287,-0.387146,0.92106628,32.99822998,0.15803528,-33.52293396,-26.01004028,-0.32180786,-23.66105652,0,0.0,3.85656738,3.85656738,0.68424326,0.49211335,1578642406210673,252453529584, HMD, -0.07067, 1.16726, 0.40434, 0.01058, 0.01350, -0.99961, -0.02195
3770506,1578642406211467,1,1,1,1,0,1,1,1,1,0,-0.01196289,-0.41744995,0.90861511,0.04144287,-0.387146,0.92106628,32.99822998,0.15803528,-33.52293396,-26.01004028,-0.32180786,-23.66105652,0,0.0,3.85656738,3.85656738,0.57164669,0.38727167,1578642406211512,252453537960, HMD, -0.07068, 1.16726, 0.40434, 0.01057, 0.01351, -0.99961, -0.02196
3770514,1578642406216482,1,1,1,1,0,0,0,1,1,0,0.03117371,-0.43800354,0.89842224,0.0,0.0,0.0,32.9078064,-0.84957886,-30.0037384,0.0,0.0,0.0,0,0.0,4.01924133,4.01924133,0.57164669,0.38727167,1578642406213960,252453562444, HMD, -0.07069, 1.16726, 0.40434, 0.01056, 0.01352, -0.99961, -0.02197
3770514,1578642406220535,1,1,1,1,0,0,0,1,1,0,0.03117371,-0.43800354,0.89842224,0.0,0.0,0.0,32.9078064,-0.84957886,-30.0037384,0.0,0.0,0.0,0,0.0,4.01924133,4.01924133,0.57164669,0.38727167,1578642406225519,252453678055, HMD, -0.07070, 1.16727, 0.40432, 0.01052, 0.01358, -0.99961, -0.02200
3770523,1578642406224468,1,1,1,1,0,0,0,1,1,0,0.01249695,-0.46311951,0.88619995,0.0,0.0,0.0,32.95503235,-0.93411255,-29.43055725,0.0,0.0,0.0,0,0.0,3.94558716,3.94558716,0.41402614,0.26112902,1578642406225519,252453678055, HMD, -0.07070, 1.16727, 0.40432, 0.01052, 0.01358, -0.99961, -0.02200
3770523,1578642406228447,1,1,1,1,0,0,0,1,1,0,0.01249695,-0.46311951,0.88619995,0.0,0.0,0.0,32.95503235,-0.93411255,-29.43055725,0.0,0.0,0.0,0,0.0,3.94558716,3.94558716,0.41402614,0.26112902,1578642406228400,252453706843, HMD, -0.07069, 1.16725, 0.40432, 0.01050, 0.01360, -0.99961, -0.02199
3770531,1578642406232463,0,0,1,1,0,0,0,1,1,0,0.0,0.0,0.0,0.0,0.0,0.0,0.0,0.0,0.0,0.0,0.0,0.0,0,0.0,-1.0,-1.0,0.41402614,0.26112902,1578642406230916,252453732001, HMD, -0.07070, 1.16725, 0.40432, 0.01047, 0.01363, -0.99961, -0.02197
3770531,1578642406236463,0,0,1,1,0,0,0,1,1,0,0.0,0.0,0.0,0.0,0.0,0.0,0.0,0.0,0.0,0.0,0.0,0.0,0,0.0,-1.0,-1.0,0.41402614,0.26112902,1578642406230916,252453732001, HMD, -0.07070, 1.16725, 0.40432, 0.01047, 0.01363, -0.99961, -0.02197
3770539,1578642406240444,0,0,1,1,0,0,0,1,1,0,0.0,0.0,0.0,0.0,0.0,0.0,0.0,0.0,0.0,0.0,0.0,0.0,0,0.0,-1.0,-1.0,0.11235896,0.09887446,1578642406244197,252453864823, HMD, -0.07071, 1.16726, 0.40434, 0.01045, 0.01374, -0.99961, -0.02195
3770539,1578642406244456,0,0,1,1,0,0,0,1,1,0,0.0,0.0,0.0,0.0,0.0,0.0,0.0,0.0,0.0,0.0,0.0,0.0,0,0.0,-1.0,-1.0,0.11235896,0.09887446,1578642406244478,252453867631, HMD, -0.07071, 1.16726, 0.40434, 0.01044, 0.01375, -0.99961, -0.02195
3770548,1578642406249447,0,0,1,1,0,0,0,1,1,0,0.0,0.0,0.0,0.0,0.0,0.0,0.0,0.0,0.0,0.0,0.0,0.0,0,0.0,-1.0,-1.0,0.11235896,0.09887446,1578642406247336,252453896206, HMD, -0.07071, 1.16726, 0.40434, 0.01045, 0.01377, -0.99961, -0.02193
3770548,1578642406253446,0,0,1,1,0,0,0,1,1,0,0.0,0.0,0.0,0.0,0.0,0.0,0.0,0.0,0.0,0.0,0.0,0.0,0,0.0,-1.0,-1.0,0.11235896,0.09887446,1578642406256352,252453986396, HMD, -0.07074, 1.16728, 0.40434, 0.01043, 0.01388, -0.99961, -0.02189
3770556,1578642406257456,0,0,1,1,0,0,0,1,1,0,0.0,0.0,0.0,0.0,0.0,0.0,0.0,0.0,0.0,0.0,0.0,0.0,0,0.0,-1.0,-1.0,0.0,0.04576308,1578642406257515,252453998000, HMD, -0.07075, 1.16728, 0.40434, 0.01043, 0.01389, -0.99961, -0.02188
3770556,1578642406261436,0,0,1,1,0,0,0,1,1,0,0.0,0.0,0.0,0.0,0.0,0.0,0.0,0.0,0.0,0.0,0.0,0.0,0,0.0,-1.0,-1.0,0.0,0.04576308,1578642406260014,252454022980, HMD, -0.07075, 1.16728, 0.40434, 0.01041, 0.01392, -0.99961, -0.02188
3770564,1578642406265449,0,0,1,1,0,0,0,1,1,0,0.0,0.0,0.0,0.0,0.0,0.0,0.0,0.0,0.0,0.0,0.0,0.0,0,0.0,-1.0,-1.0,0.0,0.04576308,1578642406260014,252454022980, HMD, -0.07075, 1.16728, 0.40434, 0.01041, 0.01392, -0.99961, -0.02188
3770564,1578642406270434,0,0,1,1,0,0,0,1,1,0,0.0,0.0,0.0,0.0,0.0,0.0,0.0,0.0,0.0,0.0,0.0,0.0,0,0.0,-1.0,-1.0,0.0,0.04576308,1578642406271532,252454138176, HMD, -0.07077, 1.16728, 0.40433, 0.01040, 0.01405, -0.99961, -0.02183
3770573,1578642406273897,0,0,1,0,0,0,0,1,1,0,0.0,0.0,0.0,0.0,0.0,0.0,0.0,0.0,0.0,0.0,0.0,0.0,0,0.0,-1.0,-1.0,0.0,0.00039946,1578642406273906,252454161909, HMD, -0.07078, 1.16728, 0.40433, 0.01039, 0.01408, -0.99961, -0.02183
3770573,1578642406277905,0,0,1,0,0,0,0,1,1,0,0.0,0.0,0.0,0.0,0.0,0.0,0.0,0.0,0.0,0.0,0.0,0.0,0,0.0,-1.0,-1.0,0.0,0.00039946,1578642406274672,252454169566, HMD, -0.07078, 1.16729, 0.40433, 0.01039, 0.01409, -0.99961, -0.02183
3770581,1578642406281911,0,0,1,0,0,0,0,1,1,0,0.0,0.0,0.0,0.0,0.0,0.0,0.0,0.0,0.0,0.0,0.0,0.0,0,0.0,-1.0,-1.0,0.0,0.00039946,1578642406284092,252454263773, HMD, -0.07077, 1.16732, 0.40429, 0.01036, 0.01418, -0.99961, -0.02178
3770581,1578642406285893,0,0,1,0,0,0,0,1,1,0,0.0,0.0,0.0,0.0,0.0,0.0,0.0,0.0,0.0,0.0,0.0,0.0,0,0.0,-1.0,-1.0,0.0,0.00039946,1578642406285881,252454281656, HMD, -0.07077, 1.16732, 0.40429, 0.01036, 0.01421, -0.99961, -0.02178
3770589,1578642406289900,0,0,1,0,0,0,0,1,1,0,0.0,0.0,0.0,0.0,0.0,0.0,0.0,0.0,0.0,0.0,0.0,0.0,0,0.0,-1.0,-1.0,0.0,0.00217396,1578642406287504,252454297888, HMD, -0.07077, 1.16732, 0.40429, 0.01036, 0.01422, -0.99961, -0.02177
3770589,1578642406293888,0,0,1,0,0,0,0,1,1,0,0.0,0.0,0.0,0.0,0.0,0.0,0.0,0.0,0.0,0.0,0.0,0.0,0,0.0,-1.0,-1.0,0.0,0.00217396,1578642406297778,252454400630, HMD, -0.07083, 1.16733, 0.40428, 0.01033, 0.01434, -0.99961, -0.02172
3770598,1578642406297901,0,0,1,0,0,0,0,1,1,0,0.0,0.0,0.0,0.0,0.0,0.0,0.0,0.0,0.0,0.0,0.0,0.0,0,0.0,-1.0,-1.0,0.0,0.00217396,1578642406297983,252454402676, HMD, -0.07083, 1.16733, 0.40428, 0.01033, 0.01434, -0.99961, -0.02172
3770598,1578642406301901,0,0,1,0,0,0,0,1,1,0,0.0,0.0,0.0,0.0,0.0,0.0,0.0,0.0,0.0,0.0,0.0,0.0,0,0.0,-1.0,-1.0,0.0,0.00217396,1578642406300827,252454431108, HMD, -0.07084, 1.16733, 0.40428, 0.01032, 0.01437, -0.99961, -0.02171
3770606,1578642406305904,0,0,1,0,0,0,0,1,1,0,0.0,0.0,0.0,0.0,0.0,0.0,0.0,0.0,0.0,0.0,0.0,0.0,0,0.0,-1.0,-1.0,0.0,0.0,1578642406300827,252454431108, HMD, -0.07084, 1.16733, 0.40428, 0.01032, 0.01437, -0.99961, -0.02171
3770606,1578642406309901,0,0,1,0,0,0,0,1,1,0,0.0,0.0,0.0,0.0,0.0,0.0,0.0,0.0,0.0,0.0,0.0,0.0,0,0.0,-1.0,-1.0,0.0,0.0,1578642406300827,252454431108, HMD, -0.07084, 1.16733, 0.40428, 0.01032, 0.01437, -0.99961, -0.02171
3770614,1578642406313902,0,0,1,0,0,0,0,1,1,0,0.0,0.0,0.0,0.0,0.0,0.0,0.0,0.0,0.0,0.0,0.0,0.0,0,0.0,-1.0,-1.0,0.0,0.0,1578642406320961,252454632465, HMD, -0.07086, 1.16737, 0.40427, 0.01023, 0.01451, -0.99961, -0.02161
3770614,1578642406317901,0,0,1,0,0,0,0,1,1,0,0.0,0.0,0.0,0.0,0.0,0.0,0.0,0.0,0.0,0.0,0.0,0.0,0,0.0,-1.0,-1.0,0.0,0.0,1578642406320961,252454632465, HMD, -0.07086, 1.16737, 0.40427, 0.01023, 0.01451, -0.99961, -0.02161
3770623,1578642406321892,0,0,1,0,0,0,0,1,1,0,0.0,0.0,0.0,0.0,0.0,0.0,0.0,0.0,0.0,0.0,0.0,0.0,0,0.0,-1.0,-1.0,0.0,0.0,1578642406321918,252454642028, HMD, -0.07087, 1.16737, 0.40427, 0.01022, 0.01451, -0.99961, -0.02161
3770623,1578642406325885,0,0,1,0,0,0,0,1,1,0,0.0,0.0,0.0,0.0,0.0,0.0,0.0,0.0,0.0,0.0,0.0,0.0,0,0.0,-1.0,-1.0,0.0,0.0,1578642406324159,252454664440, HMD, -0.07087, 1.16737, 0.40427, 0.01021, 0.01452, -0.99961, -0.02160
3770631,1578642406329888,0,0,1,0,0,0,0,1,1,0,0.0,0.0,0.0,0.0,0.0,0.0,0.0,0.0,0.0,0.0,0.0,0.0,0,0.0,-1.0,-1.0,0.0,0.0,1578642406332735,252454750191, HMD, -0.07088, 1.16738, 0.40427, 0.01017, 0.01454, -0.99961, -0.02157
3770631,1578642406333872,0,0,1,0,0,0,0,1,1,0,0.0,0.0,0.0,0.0,0.0,0.0,0.0,0.0,0.0,0.0,0.0,0.0,0,0.0,-1.0,-1.0,0.0,0.0,1578642406333811,252454760954, HMD, -0.07088, 1.16738, 0.40427, 0.01017, 0.01454, -0.99961, -0.02156
3770639,1578642406337891,0,0,1,0,0,0,0,1,1,0,0.0,0.0,0.0,0.0,0.0,0.0,0.0,0.0,0.0,0.0,0.0,0.0,0,0.0,-1.0,-1.0,0.0,0.0,1578642406336117,252454784010, HMD, -0.07088, 1.16738, 0.40427, 0.01016, 0.01455, -0.99961, -0.02156
3770639,1578642406341889,0,0,1,0,0,0,0,1,1,0,0.0,0.0,0.0,0.0,0.0,0.0,0.0,0.0,0.0,0.0,0.0,0.0,0,0.0,-1.0,-1.0,0.0,0.0,1578642406343976,252454862608, HMD, -0.07089, 1.16739, 0.40426, 0.01013, 0.01456, -0.99961, -0.02153
3770648,1578642406345888,0,0,1,0,0,0,0,1,0,0,0.0,0.0,0.0,0.0,0.0,0.0,0.0,0.0,0.0,0.0,0.0,0.0,0,0.0,-1.0,-1.0,0.0,0.0,1578642406345960,252454882440, HMD, -0.07089, 1.16739, 0.40426, 0.01013, 0.01456, -0.99961, -0.02151
3770648,1578642406350873,0,0,1,0,0,0,0,1,0,0,0.0,0.0,0.0,0.0,0.0,0.0,0.0,0.0,0.0,0.0,0.0,0.0,0,0.0,-1.0,-1.0,0.0,0.0,1578642406347473,252454897573, HMD, -0.07090, 1.16739, 0.40426, 0.01012, 0.01457, -0.99961, -0.02150
3770656,1578642406354882,0,0,1,1,0,0,0,1,0,0,0.0,0.0,0.0,0.0,0.0,0.0,0.0,0.0,0.0,0.0,0.0,0.0,0,0.0,-1.0,-1.0,0.0,0.0,1578642406360374,252455026636, HMD, -0.07089, 1.16738, 0.40424, 0.01005, 0.01459, -0.99961, -0.02143
3770656,1578642406359885,0,0,1,1,0,0,0,1,0,0,0.0,0.0,0.0,0.0,0.0,0.0,0.0,0.0,0.0,0.0,0.0,0.0,0,0.0,-1.0,-1.0,0.0,0.0,1578642406360374,252455026636, HMD, -0.07089, 1.16738, 0.40424, 0.01005, 0.01459, -0.99961, -0.02143
3770656,1578642406363992,0,0,1,1,0,0,0,1,1,0,0.0,0.0,0.0,0.0,0.0,0.0,0.0,0.0,0.0,0.0,0.0,0.0,0,0.0,-1.0,-1.0,0.0,0.0,1578642406364067,252455063516, HMD, -0.07089, 1.16738, 0.40424, 0.01003, 0.01459, -0.99961, -0.02142
3770681,1578642406378020,0,0,1,0,0,0,0,1,0,0,0.0,0.0,0.0,0.0,0.0,0.0,0.0,0.0,0.0,0.0,0.0,0.0,0,0.0,-1.0,-1.0,0.0,0.0,1578642406365573,252455078576, HMD, -0.07090, 1.16738, 0.40424, 0.01002, 0.01459, -0.99961, -0.02141
3770681,1578642406383079,0,0,1,0,0,0,0,1,0,0,0.0,0.0,0.0,0.0,0.0,0.0,0.0,0.0,0.0,0.0,0.0,0.0,0,0.0,-1.0,-1.0,0.0,0.0,1578642406400313,252455426033, HMD, -0.07092, 1.16742, 0.40414, 0.00988, 0.01463, -0.99962, -0.02118
3770689,1578642406395457,0,0,1,0,0,0,0,1,0,0,0.0,0.0,0.0,0.0,0.0,0.0,0.0,0.0,0.0,0.0,0.0,0.0,0,0.0,-1.0,-1.0,0.0,0.0,1578642406400313,252455426033, HMD, -0.07092, 1.16742, 0.40414, 0.00988, 0.01463, -0.99962, -0.02118
3770698,1578642406399408,0,0,1,0,0,0,0,1,1,0,0.0,0.0,0.0,0.0,0.0,0.0,0.0,0.0,0.0,0.0,0.0,0.0,0,0.0,-1.0,-1.0,0.0,0.0,1578642406400313,252455426033, HMD, -0.07092, 1.16742, 0.40414, 0.00988, 0.01463, -0.99962, -0.02118
3770698,1578642406403418,0,0,1,0,0,0,0,1,1,0,0.0,0.0,0.0,0.0,0.0,0.0,0.0,0.0,0.0,0.0,0.0,0.0,0,0.0,-1.0,-1.0,0.0,0.0,1578642406403349,252455456336, HMD, -0.07092, 1.16742, 0.40413, 0.00987, 0.01463, -0.99962, -0.02114
3770706,1578642406407396,0,0,1,1,0,0,0,1,1,0,0.0,0.0,0.0,0.0,0.0,0.0,0.0,0.0,0.0,0.0,0.0,0.0,0,0.0,-1.0,-1.0,0.0,0.0,1578642406404664,252455469485, HMD, -0.07092, 1.16742, 0.40413, 0.00986, 0.01463, -0.99962, -0.02112
3770706,1578642406411388,0,0,1,1,0,0,0,1,1,0,0.0,0.0,0.0,0.0,0.0,0.0,0.0,0.0,0.0,0.0,0.0,0.0,0,0.0,-1.0,-1.0,0.0,0.0,1578642406404664,252455469485, HMD, -0.07092, 1.16742, 0.40413, 0.00986, 0.01463, -0.99962, -0.02112
3770714,1578642406416393,0,0,1,1,0,0,0,1,1,0,0.0,0.0,0.0,0.0,0.0,0.0,0.0,0.0,0.0,0.0,0.0,0.0,0,0.0,-1.0,-1.0,0.0,0.0,1578642406424308,252455666044, HMD, -0.07094, 1.16748, 0.40409, 0.00979, 0.01467, -0.99963, -0.02080
3770714,1578642406420150,0,0,1,0,0,0,0,1,1,0,0.0,0.0,0.0,0.0,0.0,0.0,0.0,0.0,0.0,0.0,0.0,0.0,0,0.0,-1.0,-1.0,0.0,0.0,1578642406424308,252455666044, HMD, -0.07094, 1.16748, 0.40409, 0.00979, 0.01467, -0.99963, -0.02080
3770723,1578642406425136,0,0,1,0,0,0,0,1,1,0,0.0,0.0,0.0,0.0,0.0,0.0,0.0,0.0,0.0,0.0,0.0,0.0,0,0.0,-1.0,-1.0,0.0,0.0,1578642406425190,252455674747, HMD, -0.07094, 1.16749, 0.40409, 0.00979, 0.01468, -0.99963, -0.02079
3770731,1578642406429150,0,0,1,0,0,0,0,1,0,0,0.0,0.0,0.0,0.0,0.0,0.0,0.0,0.0,0.0,0.0,0.0,0.0,0,0.0,-1.0,-1.0,0.0,0.0,1578642406429210,252455714948, HMD, -0.07094, 1.16750, 0.40409, 0.00978, 0.01468, -0.99963, -0.02071
3770731,1578642406432768,0,0,1,0,0,0,0,1,0,0,0.0,0.0,0.0,0.0,0.0,0.0,0.0,0.0,0.0,0.0,0.0,0.0,0,0.0,-1.0,-1.0,0.0,0.0,1578642406430023,252455723078, HMD, -0.07094, 1.16750, 0.40408, 0.00978, 0.01468, -0.99963, -0.02069
3770731,1578642406435803,0,0,1,0,0,0,0,1,0,0,0.0,0.0,0.0,0.0,0.0,0.0,0.0,0.0,0.0,0.0,0.0,0.0,0,0.0,-1.0,-1.0,0.0,0.0,1578642406430023,252455723078, HMD, -0.07094, 1.16750, 0.40408, 0.00978, 0.01468, -0.99963, -0.02069
3770739,1578642406442831,0,0,1,1,0,0,0,1,0,0,0.0,0.0,0.0,0.0,0.0,0.0,0.0,0.0,0.0,0.0,0.0,0.0,0,0.0,-1.0,-1.0,0.0,0.0,1578642406445463,252455877500, HMD, -0.07096, 1.16758, 0.40410, 0.00977, 0.01470, -0.99964, -0.02039
3770748,1578642406446822,0,0,1,1,0,0,0,1,1,0,0.0,0.0,0.0,0.0,0.0,0.0,0.0,0.0,0.0,0.0,0.0,0.0,0,0.0,-1.0,-1.0,0.0,0.0,1578642406446761,252455890457, HMD, -0.07096, 1.16759, 0.40410, 0.00977, 0.01470, -0.99964, -0.02037
3770748,1578642406451822,0,0,1,1,0,0,0,1,1,0,0.0,0.0,0.0,0.0,0.0,0.0,0.0,0.0,0.0,0.0,0.0,0.0,0,0.0,-1.0,-1.0,0.0,0.0,1578642406449155,252455914393, HMD, -0.07096, 1.16760, 0.40410, 0.00977, 0.01471, -0.99964, -0.02033
3770756,1578642406455817,0,0,1,0,0,0,0,1,1,0,0.0,0.0,0.0,0.0,0.0,0.0,0.0,0.0,0.0,0.0,0.0,0.0,0,0.0,-1.0,-1.0,0.0,0.0,1578642406449155,252455914393, HMD, -0.07096, 1.16760, 0.40410, 0.00977, 0.01471, -0.99964, -0.02033
3770756,1578642406459827,0,0,1,0,0,0,0,1,1,0,0.0,0.0,0.0,0.0,0.0,0.0,0.0,0.0,0.0,0.0,0.0,0.0,0,0.0,-1.0,-1.0,0.0,0.0,1578642406465036,252456073251, HMD, -0.07096, 1.16767, 0.40408, 0.00979, 0.01476, -0.99964, -0.02008
3770764,1578642406463340,0,0,1,0,0,0,0,1,1,0,0.0,0.0,0.0,0.0,0.0,0.0,0.0,0.0,0.0,0.0,0.0,0.0,0,0.0,-1.0,-1.0,0.0,0.0,1578642406465036,252456073251, HMD, -0.07096, 1.16767, 0.40408, 0.00979, 0.01476, -0.99964, -0.02008
3770764,1578642406467337,0,0,1,0,0,0,0,1,1,0,0.0,0.0,0.0,0.0,0.0,0.0,0.0,0.0,0.0,0.0,0.0,0.0,0,0.0,-1.0,-1.0,0.0,0.0,1578642406467297,252456095811, HMD, -0.07096, 1.16767, 0.40408, 0.00980, 0.01476, -0.99964, -0.02004
3770764,1578642406471322,0,0,1,0,0,0,0,1,1,0,0.0,0.0,0.0,0.0,0.0,0.0,0.0,0.0,0.0,0.0,0.0,0.0,0,0.0,-1.0,-1.0,0.0,0.0,1578642406468595,252456108792, HMD, -0.07096, 1.16768, 0.40407, 0.00980, 0.01477, -0.99964, -0.02002
3770773,1578642406477362,0,0,1,1,0,0,0,1,1,0,0.0,0.0,0.0,0.0,0.0,0.0,0.0,0.0,0.0,0.0,0.0,0.0,0,0.0,-1.0,-1.0,0.0,0.0,1578642406468595,252456108792, HMD, -0.07096, 1.16768, 0.40407, 0.00980, 0.01477, -0.99964, -0.02002
3770781,1578642406480934,0,0,1,1,0,0,0,1,0,0,0.0,0.0,0.0,0.0,0.0,0.0,0.0,0.0,0.0,0.0,0.0,0.0,0,0.0,-1.0,-1.0,0.0,0.0,1578642406487574,252456298629, HMD, -0.07092, 1.16772, 0.40404, 0.00986, 0.01485, -0.99965, -0.01972
3770781,1578642406486492,0,0,1,1,0,0,0,1,0,0,0.0,0.0,0.0,0.0,0.0,0.0,0.0,0.0,0.0,0.0,0.0,0.0,0,0.0,-1.0,-1.0,0.0,0.0,1578642406487574,252456298629, HMD, -0.07092, 1.16772, 0.40404, 0.00986, 0.01485, -0.99965, -0.01972
3770789,1578642406490518,0,0,1,0,0,0,0,1,0,0,0.0,0.0,0.0,0.0,0.0,0.0,0.0,0.0,0.0,0.0,0.0,0.0,0,0.0,-1.0,-1.0,0.0,0.01600561,1578642406490554,252456328382, HMD, -0.07091, 1.16772, 0.40402, 0.00987, 0.01486, -0.99965, -0.01969
3770789,1578642406494296,0,0,1,0,0,0,0,1,0,0,0.0,0.0,0.0,0.0,0.0,0.0,0.0,0.0,0.0,0.0,0.0,0.0,0,0.0,-1.0,-1.0,0.0,0.01600561,1578642406491111,252456333955, HMD, -0.07091, 1.16773, 0.40402, 0.00987, 0.01486, -0.99965, -0.01968
3770798,1578642406498280,0,0,1,0,0,0,0,1,0,0,0.0,0.0,0.0,0.0,0.0,0.0,0.0,0.0,0.0,0.0,0.0,0.0,0,0.0,-1.0,-1.0,0.0,0.01600561,1578642406504118,252456464090, HMD, -0.07090, 1.16776, 0.40401, 0.00997, 0.01493, -0.99965, -0.01955
3770798,1578642406502312,0,0,1,0,0,0,0,1,0,0,0.0,0.0,0.0,0.0,0.0,0.0,0.0,0.0,0.0,0.0,0.0,0.0,0,0.0,-1.0,-1.0,0.0,0.01600561,1578642406504118,252456464090, HMD, -0.07090, 1.16776, 0.40401, 0.00997, 0.01493, -0.99965, -0.01955
3770806,1578642406507917,0,0,1,0,0,0,0,1,0,0,0.0,0.0,0.0,0.0,0.0,0.0,0.0,0.0,0.0,0.0,0.0,0.0,0,0.0,-1.0,-1.0,0.0,0.01380409,1578642406507542,252456498261, HMD, -0.07090, 1.16776, 0.40401, 0.01000, 0.01495, -0.99965, -0.01951
3770806,1578642406511293,0,0,1,0,0,0,0,1,1,0,0.0,0.0,0.0,0.0,0.0,0.0,0.0,0.0,0.0,0.0,0.0,0.0,0,0.0,-1.0,-1.0,0.0,0.01380409,1578642406507542,252456498261, HMD, -0.07090, 1.16776, 0.40401, 0.01000, 0.01495, -0.99965, -0.01951
3770814,1578642406515343,0,0,1,0,0,0,0,1,1,0,0.0,0.0,0.0,0.0,0.0,0.0,0.0,0.0,0.0,0.0,0.0,0.0,0,0.0,-1.0,-1.0,0.0,0.01380409,1578642406507542,252456498261, HMD, -0.07090, 1.16776, 0.40401, 0.01000, 0.01495, -0.99965, -0.01951
3770814,1578642406522299,0,0,1,1,0,0,0,1,1,0,0.0,0.0,0.0,0.0,0.0,0.0,0.0,0.0,0.0,0.0,0.0,0.0,0,0.0,-1.0,-1.0,0.0,0.01380409,1578642406507542,252456498261, HMD, -0.07090, 1.16776, 0.40401, 0.01000, 0.01495, -0.99965, -0.01951
3770823,1578642406526303,0,0,1,1,0,0,0,1,1,0,0.0,0.0,0.0,0.0,0.0,0.0,0.0,0.0,0.0,0.0,0.0,0.0,0,0.0,-1.0,-1.0,0.0,0.0,1578642406507542,252456498261, HMD, -0.07090, 1.16776, 0.40401, 0.01000, 0.01495, -0.99965, -0.01951
3770831,1578642406534292,0,0,1,1,0,0,0,1,1,0,0.0,0.0,0.0,0.0,0.0,0.0,0.0,0.0,0.0,0.0,0.0,0.0,0,0.0,-1.0,-1.0,0.0,0.0,1578642406547263,252456895490, HMD, -0.07085, 1.16784, 0.40398, 0.01028, 0.01520, -0.99965, -0.01921
3770839,1578642406538277,0,0,1,1,0,0,0,1,1,0,0.0,0.0,0.0,0.0,0.0,0.0,0.0,0.0,0.0,0.0,0.0,0.0,0,0.0,-1.0,-1.0,0.0,0.0,1578642406547263,252456895490, HMD, -0.07085, 1.16784, 0.40398, 0.01028, 0.01520, -0.99965, -0.01921
3770839,1578642406542285,0,0,1,1,0,0,0,1,1,0,0.0,0.0,0.0,0.0,0.0,0.0,0.0,0.0,0.0,0.0,0.0,0.0,0,0.0,-1.0,-1.0,0.0,0.0,1578642406547263,252456895490, HMD, -0.07085, 1.16784, 0.40398, 0.01028, 0.01520, -0.99965, -0.01921
3770848,1578642406546289,0,0,1,1,0,0,0,1,0,0,0.0,0.0,0.0,0.0,0.0,0.0,0.0,0.0,0.0,0.0,0.0,0.0,0,0.0,-1.0,-1.0,0.0,0.0,1578642406547263,252456895490, HMD, -0.07085, 1.16784, 0.40398, 0.01028, 0.01520, -0.99965, -0.01921
3770848,1578642406550265,0,0,1,1,0,0,0,1,0,0,0.0,0.0,0.0,0.0,0.0,0.0,0.0,0.0,0.0,0.0,0.0,0.0,0,0.0,-1.0,-1.0,0.0,0.0,1578642406550290,252456925746, HMD, -0.07086, 1.16785, 0.40399, 0.01032, 0.01521, -0.99965, -0.01920
3770848,1578642406555295,0,0,1,1,0,0,0,1,0,0,0.0,0.0,0.0,0.0,0.0,0.0,0.0,0.0,0.0,0.0,0.0,0.0,0,0.0,-1.0,-1.0,0.0,0.0,1578642406550860,252456931444, HMD, -0.07086, 1.16785, 0.40399, 0.01032, 0.01521, -0.99965, -0.01920
3770856,1578642406559308,0,0,1,1,0,0,0,1,0,0,0.0,0.0,0.0,0.0,0.0,0.0,0.0,0.0,0.0,0.0,0.0,0.0,0,0.0,-1.0,-1.0,0.0,0.0,1578642406550860,252456931444, HMD, -0.07086, 1.16785, 0.40399, 0.01032, 0.01521, -0.99965, -0.01920
3770856,1578642406563281,0,0,1,1,0,0,0,1,1,0,0.0,0.0,0.0,0.0,0.0,0.0,0.0,0.0,0.0,0.0,0.0,0.0,0,0.0,-1.0,-1.0,0.0,0.0,1578642406550860,252456931444, HMD, -0.07086, 1.16785, 0.40399, 0.01032, 0.01521, -0.99965, -0.01920
3770873,1578642406574260,0,0,1,1,0,0,0,1,1,0,0.0,0.0,0.0,0.0,0.0,0.0,0.0,0.0,0.0,0.0,0.0,0.0,0,0.0,-1.0,-1.0,0.0,0.0,1578642406578148,252457204374, HMD, -0.07083, 1.16787, 0.40397, 0.01045, 0.01538, -0.99965, -0.01904
3770873,1578642406578279,0,0,1,1,0,0,0,1,1,0,0.0,0.0,0.0,0.0,0.0,0.0,0.0,0.0,0.0,0.0,0.0,0.0,0,0.0,-1.0,-1.0,0.0,0.0,1578642406578148,252457204374, HMD, -0.07083, 1.16787, 0.40397, 0.01045, 0.01538, -0.99965, -0.01904
3770881,1578642406584300,0,0,1,1,0,0,0,1,1,0,0.0,0.0,0.0,0.0,0.0,0.0,0.0,0.0,0.0,0.0,0.0,0.0,0,0.0,-1.0,-1.0,0.0,0.0,1578642406581685,252457239689, HMD, -0.07083, 1.16787, 0.40397, 0.01049, 0.01541, -0.99965, -0.01902
3770889,1578642406588276,0,0,1,1,0,0,0,1,1,0,0.0,0.0,0.0,0.0,0.0,0.0,0.0,0.0,0.0,0.0,0.0,0.0,0,0.0,-1.0,-1.0,0.0,0.0,1578642406581685,252457239689, HMD, -0.07083, 1.16787, 0.40397, 0.01049, 0.01541, -0.99965, -0.01902
3770889,1578642406595265,0,0,1,1,0,0,0,1,1,0,0.0,0.0,0.0,0.0,0.0,0.0,0.0,0.0,0.0,0.0,0.0,0.0,0,0.0,-1.0,-1.0,0.0,0.0,1578642406597394,252457396808, HMD, -0.07081, 1.16788, 0.40397, 0.01060, 0.01553, -0.99964, -0.01899
3770898,1578642406599266,0,0,1,1,0,0,0,1,1,0,0.0,0.0,0.0,0.0,0.0,0.0,0.0,0.0,0.0,0.0,0.0,0.0,0,0.0,-1.0,-1.0,0.0,0.0,1578642406599276,252457415610, HMD, -0.07081, 1.16788, 0.40397, 0.01062, 0.01554, -0.99964, -0.01899
3770898,1578642406604274,0,0,1,1,0,0,0,1,1,0,0.0,0.0,0.0,0.0,0.0,0.0,0.0,0.0,0.0,0.0,0.0,0.0,0,0.0,-1.0,-1.0,0.0,0.0,1578642406600770,252457430540, HMD, -0.07081, 1.16788, 0.40397, 0.01063, 0.01555, -0.99964, -0.01899
3770906,1578642406608255,0,0,1,1,0,0,0,1,1,0,0.0,0.0,0.0,0.0,0.0,0.0,0.0,0.0,0.0,0.0,0.0,0.0,0,0.0,-1.0,-1.0,0.0,0.0,1578642406609271,252457515569, HMD, -0.07081, 1.16788, 0.40397, 0.01067, 0.01561, -0.99964, -0.01898
3770914,1578642406612262,0,0,1,1,0,0,0,1,1,0,0.0,0.0,0.0,0.0,0.0,0.0,0.0,0.0,0.0,0.0,0.0,0.0,0,0.0,-1.0,-1.0,0.0,0.0,1578642406612304,252457545883, HMD, -0.07081, 1.16788, 0.40397, 0.01070, 0.01560, -0.99964, -0.01899
3770914,1578642406616255,0,0,1,1,0,0,0,1,1,0,0.0,0.0,0.0,0.0,0.0,0.0,0.0,0.0,0.0,0.0,0.0,0.0,0,0.0,-1.0,-1.0,0.0,0.0,1578642406612504,252457547884, HMD, -0.07081, 1.16788, 0.40397, 0.01070, 0.01561, -0.99964, -0.01899
3770914,1578642406620261,0,0,1,1,0,0,0,1,1,0,0.0,0.0,0.0,0.0,0.0,0.0,0.0,0.0,0.0,0.0,0.0,0.0,0,0.0,-1.0,-1.0,0.0,0.0,1578642406612504,252457547884, HMD, -0.07081, 1.16788, 0.40397, 0.01070, 0.01561, -0.99964, -0.01899
3770923,1578642406624264,0,0,1,1,0,0,0,1,1,0,0.0,0.0,0.0,0.0,0.0,0.0,0.0,0.0,0.0,0.0,0.0,0.0,0,0.0,-1.0,-1.0,0.0,0.0,1578642406632529,252457748155, HMD, -0.07079, 1.16789, 0.40398, 0.01081, 0.01562, -0.99964, -0.01896
3770923,1578642406628268,0,0,1,1,0,0,0,1,1,0,0.0,0.0,0.0,0.0,0.0,0.0,0.0,0.0,0.0,0.0,0.0,0.0,0,0.0,-1.0,-1.0,0.0,0.0,1578642406632529,252457748155, HMD, -0.07079, 1.16789, 0.40398, 0.01081, 0.01562, -0.99964, -0.01896
3770931,1578642406632254,0,0,1,1,0,0,0,1,1,0,0.0,0.0,0.0,0.0,0.0,0.0,0.0,0.0,0.0,0.0,0.0,0.0,0,0.0,-1.0,-1.0,0.0,0.0,1578642406632529,252457748155, HMD, -0.07079, 1.16789, 0.40398, 0.01081, 0.01562, -0.99964, -0.01896
3770939,1578642406636271,0,0,1,0,0,0,0,1,1,0,0.0,0.0,0.0,0.0,0.0,0.0,0.0,0.0,0.0,0.0,0.0,0.0,0,0.0,-1.0,-1.0,0.0,0.03195452,1578642406635843,252457781280, HMD, -0.07077, 1.16790, 0.40399, 0.01084, 0.01561, -0.99964, -0.01895
3770939,1578642406640242,0,0,1,0,0,0,0,1,1,0,0.0,0.0,0.0,0.0,0.0,0.0,0.0,0.0,0.0,0.0,0.0,0.0,0,0.0,-1.0,-1.0,0.0,0.03195452,1578642406635843,252457781280, HMD, -0.07077, 1.16790, 0.40399, 0.01084, 0.01561, -0.99964, -0.01895
3770948,1578642406651250,0,0,1,0,0,0,0,1,1,0,0.0,0.0,0.0,0.0,0.0,0.0,0.0,0.0,0.0,0.0,0.0,0.0,0,0.0,-1.0,-1.0,0.0,0.03158456,1578642406652270,252457945575, HMD, -0.07077, 1.16787, 0.40401, 0.01094, 0.01556, -0.99964, -0.01888
3770956,1578642406655249,0,0,1,0,0,0,0,1,1,0,0.0,0.0,0.0,0.0,0.0,0.0,0.0,0.0,0.0,0.0,0.0,0.0,0,0.0,-1.0,-1.0,0.0,0.02426539,1578642406655321,252457976051, HMD, -0.07076, 1.16787, 0.40402, 0.01094, 0.01554, -0.99964, -0.01888
3770956,1578642406661232,0,0,1,0,0,0,0,1,1,0,0.0,0.0,0.0,0.0,0.0,0.0,0.0,0.0,0.0,0.0,0.0,0.0,0,0.0,-1.0,-1.0,0.0,0.02426539,1578642406656825,252457991102, HMD, -0.07075, 1.16787, 0.40402, 0.01096, 0.01555, -0.99964, -0.01886
3770964,1578642406665261,0,0,1,0,0,0,0,1,1,0,0.0,0.0,0.0,0.0,0.0,0.0,0.0,0.0,0.0,0.0,0.0,0.0,0,0.0,-1.0,-1.0,0.0,0.02426539,1578642406668540,252458108262, HMD, -0.07074, 1.16787, 0.40404, 0.01103, 0.01549, -0.99964, -0.01880
3770964,1578642406669257,0,0,1,0,0,0,0,1,1,0,0.0,0.0,0.0,0.0,0.0,0.0,0.0,0.0,0.0,0.0,0.0,0.0,0,0.0,-1.0,-1.0,0.0,0.02426539,1578642406669286,252458115710, HMD, -0.07074, 1.16787, 0.40404, 0.01103, 0.01548, -0.99964, -0.01879
3770973,1578642406673257,0,0,1,1,0,0,0,1,1,0,0.0,0.0,0.0,0.0,0.0,0.0,0.0,0.0,0.0,0.0,0.0,0.0,0,0.0,-1.0,-1.0,0.0,0.01492149,1578642406672001,252458142852, HMD, -0.07074, 1.16787, 0.40404, 0.01105, 0.01546, -0.99964, -0.01877
3770973,1578642406677250,0,0,1,1,0,0,0,1,1,0,0.0,0.0,0.0,0.0,0.0,0.0,0.0,0.0,0.0,0.0,0.0,0.0,0,0.0,-1.0,-1.0,0.0,0.01492149,1578642406672001,252458142852, HMD, -0.07074, 1.16787, 0.40404, 0.01105, 0.01546, -0.99964, -0.01877
3770981,1578642406683244,0,0,1,1,0,0,0,1,1,0,0.0,0.0,0.0,0.0,0.0,0.0,0.0,0.0,0.0,0.0,0.0,0.0,0,0.0,-1.0,-1.0,0.0,0.01492149,1578642406672001,252458142852, HMD, -0.07074, 1.16787, 0.40404, 0.01105, 0.01546, -0.99964, -0.01877
3770981,1578642406687244,0,0,1,1,0,0,0,1,1,0,0.0,0.0,0.0,0.0,0.0,0.0,0.0,0.0,0.0,0.0,0.0,0.0,0,0.0,-1.0,-1.0,0.0,0.01492149,1578642406695443,252458377291, HMD, -0.07074, 1.16788, 0.40409, 0.01121, 0.01535, -0.99964, -0.01869
3770989,1578642406693244,0,0,1,1,0,0,0,1,1,0,0.0,0.0,0.0,0.0,0.0,0.0,0.0,0.0,0.0,0.0,0.0,0.0,0,0.0,-1.0,-1.0,0.0,0.03552758,1578642406695443,252458377291, HMD, -0.07074, 1.16788, 0.40409, 0.01121, 0.01535, -0.99964, -0.01869
3770998,1578642406697236,0,0,1,1,0,0,0,1,1,0,0.0,0.0,0.0,0.0,0.0,0.0,0.0,0.0,0.0,0.0,0.0,0.0,0,0.0,-1.0,-1.0,0.0,0.03552758,1578642406697286,252458395703, HMD, -0.07073, 1.16788, 0.40409, 0.01123, 0.01536, -0.99964, -0.01869
3770998,1578642406701266,0,0,1,1,0,0,0,1,1,0,0.0,0.0,0.0,0.0,0.0,0.0,0.0,0.0,0.0,0.0,0.0,0.0,0,0.0,-1.0,-1.0,0.0,0.03552758,1578642406698606,252458408906, HMD, -0.07073, 1.16788, 0.40409, 0.01124, 0.01536, -0.99964, -0.01869
3771006,1578642406705247,0,0,1,0,0,0,0,1,1,0,0.0,0.0,0.0,0.0,0.0,0.0,0.0,0.0,0.0,0.0,0.0,0.0,0,0.0,-1.0,-1.0,0.0,0.04826822,1578642406698606,252458408906, HMD, -0.07073, 1.16788, 0.40409, 0.01124, 0.01536, -0.99964, -0.01869
3771006,1578642406709249,0,0,1,0,0,0,0,1,1,0,0.0,0.0,0.0,0.0,0.0,0.0,0.0,0.0,0.0,0.0,0.0,0.0,0,0.0,-1.0,-1.0,0.0,0.04826822,1578642406698606,252458408906, HMD, -0.07073, 1.16788, 0.40409, 0.01124, 0.01536, -0.99964, -0.01869
3771023,1578642406727666,0,0,1,0,0,0,0,1,1,0,0.0,0.0,0.0,0.0,0.0,0.0,0.0,0.0,0.0,0.0,0.0,0.0,0,0.0,-1.0,-1.0,0.0,0.07404947,1578642406730084,252458723698, HMD, -0.07071, 1.16794, 0.40417, 0.01139, 0.01545, -0.99964, -0.01861
3771031,1578642406731675,0,0,1,0,0,0,0,1,1,0,0.0,0.0,0.0,0.0,0.0,0.0,0.0,0.0,0.0,0.0,0.0,0.0,0,0.0,-1.0,-1.0,0.0,0.07404947,1578642406731691,252458739759, HMD, -0.07071, 1.16795, 0.40418, 0.01140, 0.01546, -0.99964, -0.01861
3771039,1578642406736683,0,0,1,0,0,0,0,1,1,0,0.0,0.0,0.0,0.0,0.0,0.0,0.0,0.0,0.0,0.0,0.0,0.0,0,0.0,-1.0,-1.0,0.0,0.12030409,1578642406733262,252458755466, HMD, -0.07071, 1.16795, 0.40418, 0.01140, 0.01547, -0.99964, -0.01860
3771039,1578642406740664,0,0,1,0,0,0,0,1,1,0,0.0,0.0,0.0,0.0,0.0,0.0,0.0,0.0,0.0,0.0,0.0,0.0,0,0.0,-1.0,-1.0,0.0,0.12030409,1578642406742792,252458850776, HMD, -0.07069, 1.16798, 0.40418, 0.01148, 0.01551, -0.99964, -0.01855
3771048,1578642406745669,0,0,1,0,0,0,0,1,1,0,0.0,0.0,0.0,0.0,0.0,0.0,0.0,0.0,0.0,0.0,0.0,0.0,0,0.0,-1.0,-1.0,0.0,0.12030409,1578642406745710,252458879945, HMD, -0.07068, 1.16798, 0.40419, 0.01150, 0.01553, -0.99964, -0.01852
3771048,1578642406749665,0,0,1,0,0,0,0,1,1,0,0.0,0.0,0.0,0.0,0.0,0.0,0.0,0.0,0.0,0.0,0.0,0.0,0,0.0,-1.0,-1.0,0.0,0.12030409,1578642406747015,252458892990, HMD, -0.07068, 1.16799, 0.40419, 0.01151, 0.01553, -0.99964, -0.01852
3771048,1578642406753766,0,0,1,0,0,0,0,1,1,0,0.0,0.0,0.0,0.0,0.0,0.0,0.0,0.0,0.0,0.0,0.0,0.0,0,0.0,-1.0,-1.0,0.0,0.12030409,1578642406747015,252458892990, HMD, -0.07068, 1.16799, 0.40419, 0.01151, 0.01553, -0.99964, -0.01852
3771056,1578642406757349,0,0,1,0,0,0,0,1,1,0,0.0,0.0,0.0,0.0,0.0,0.0,0.0,0.0,0.0,0.0,0.0,0.0,0,0.0,-1.0,-1.0,0.0,0.14105001,1578642406765726,252459080120, HMD, -0.07063, 1.16804, 0.40423, 0.01168, 0.01556, -0.99964, -0.01840
3771056,1578642406761652,0,0,1,0,0,0,0,1,1,0,0.0,0.0,0.0,0.0,0.0,0.0,0.0,0.0,0.0,0.0,0.0,0.0,0,0.0,-1.0,-1.0,0.0,0.14105001,1578642406765726,252459080120, HMD, -0.07063, 1.16804, 0.40423, 0.01168, 0.01556, -0.99964, -0.01840
3771064,1578642406767669,0,0,1,0,0,0,0,1,1,0,0.0,0.0,0.0,0.0,0.0,0.0,0.0,0.0,0.0,0.0,0.0,0.0,0,0.0,-1.0,-1.0,0.0,0.14105001,1578642406767680,252459099648, HMD, -0.07062, 1.16804, 0.40423, 0.01171, 0.01557, -0.99964, -0.01838
3771073,1578642406771648,0,0,1,0,0,0,0,1,1,0,0.0,0.0,0.0,0.0,0.0,0.0,0.0,0.0,0.0,0.0,0.0,0.0,0,0.0,-1.0,-1.0,0.0,0.17623949,1578642406769629,252459119139, HMD, -0.07062, 1.16804, 0.40424, 0.01173, 0.01556, -0.99964, -0.01839
3771073,1578642406775655,0,0,1,0,0,0,0,1,1,0,0.0,0.0,0.0,0.0,0.0,0.0,0.0,0.0,0.0,0.0,0.0,0.0,0,0.0,-1.0,-1.0,0.0,0.17623949,1578642406769629,252459119139, HMD, -0.07062, 1.16804, 0.40424, 0.01173, 0.01556, -0.99964, -0.01839
3771081,1578642406783662,0,0,1,0,0,0,0,1,0,0,0.0,0.0,0.0,0.0,0.0,0.0,0.0,0.0,0.0,0.0,0.0,0.0,0,0.0,-1.0,-1.0,0.0,0.17623949,1578642406784151,252459264363, HMD, -0.07058, 1.16805, 0.40422, 0.01183, 0.01551, -0.99964, -0.01830
3771089,1578642406787654,0,0,1,1,0,0,0,1,0,0,0.0,0.0,0.0,0.0,0.0,0.0,0.0,0.0,0.0,0.0,0.0,0.0,0,0.0,-1.0,-1.0,0.0,0.18448289,1578642406787306,252459295902, HMD, -0.07058, 1.16805, 0.40422, 0.01185, 0.01549, -0.99964, -0.01829
3771089,1578642406792664,0,0,1,1,0,0,0,1,0,0,0.0,0.0,0.0,0.0,0.0,0.0,0.0,0.0,0.0,0.0,0.0,0.0,0,0.0,-1.0,-1.0,0.0,0.18448289,1578642406787306,252459295902, HMD, -0.07058, 1.16805, 0.40422, 0.01185, 0.01549, -0.99964, -0.01829
3771098,1578642406796667,0,0,1,1,0,0,0,1,1,0,0.0,0.0,0.0,0.0,0.0,0.0,0.0,0.0,0.0,0.0,0.0,0.0,0,0.0,-1.0,-1.0,0.0,0.18448289,1578642406801327,252459436169, HMD, -0.07054, 1.16804, 0.40420, 0.01193, 0.01539, -0.99964, -0.01823
3771098,1578642406800657,0,0,1,1,0,0,0,1,1,0,0.0,0.0,0.0,0.0,0.0,0.0,0.0,0.0,0.0,0.0,0.0,0.0,0,0.0,-1.0,-1.0,0.0,0.18448289,1578642406801327,252459436169, HMD, -0.07054, 1.16804, 0.40420, 0.01193, 0.01539, -0.99964, -0.01823
3771098,1578642406804665,0,0,1,1,0,0,0,1,1,0,0.0,0.0,0.0,0.0,0.0,0.0,0.0,0.0,0.0,0.0,0.0,0.0,0,0.0,-1.0,-1.0,0.0,0.18448289,1578642406804682,252459469663, HMD, -0.07054, 1.16804, 0.40420, 0.01194, 0.01537, -0.99964, -0.01822
3771106,1578642406808671,0,0,1,1,0,0,0,1,1,0,0.0,0.0,0.0,0.0,0.0,0.0,0.0,0.0,0.0,0.0,0.0,0.0,0,0.0,-1.0,-1.0,0.0,0.21198961,1578642406804682,252459469663, HMD, -0.07054, 1.16804, 0.40420, 0.01194, 0.01537, -0.99964, -0.01822
3771114,1578642406813664,0,0,1,1,0,0,0,1,1,0,0.0,0.0,0.0,0.0,0.0,0.0,0.0,0.0,0.0,0.0,0.0,0.0,0,0.0,-1.0,-1.0,0.0,0.21198961,1578642406804682,252459469663, HMD, -0.07054, 1.16804, 0.40420, 0.01194, 0.01537, -0.99964, -0.01822
3771114,1578642406817658,0,0,1,1,0,0,0,1,1,0,0.0,0.0,0.0,0.0,0.0,0.0,0.0,0.0,0.0,0.0,0.0,0.0,0,0.0,-1.0,-1.0,0.0,0.21198961,1578642406827793,252459700845, HMD, -0.07046, 1.16804, 0.40417, 0.01207, 0.01524, -0.99965, -0.01812
3771123,1578642406821646,0,0,1,1,0,0,0,1,1,0,0.0,0.0,0.0,0.0,0.0,0.0,0.0,0.0,0.0,0.0,0.0,0.0,0,0.0,-1.0,-1.0,0.0,0.22534469,1578642406827793,252459700845, HMD, -0.07046, 1.16804, 0.40417, 0.01207, 0.01524, -0.99965, -0.01812
3771123,1578642406825653,0,0,1,1,0,0,0,1,1,0,0.0,0.0,0.0,0.0,0.0,0.0,0.0,0.0,0.0,0.0,0.0,0.0,0,0.0,-1.0,-1.0,0.0,0.22534469,1578642406827793,252459700845, HMD, -0.07046, 1.16804, 0.40417, 0.01207, 0.01524, -0.99965, -0.01812
3771123,1578642406829644,0,0,1,1,0,0,0,1,1,0,0.0,0.0,0.0,0.0,0.0,0.0,0.0,0.0,0.0,0.0,0.0,0.0,0,0.0,-1.0,-1.0,0.0,0.22534469,1578642406829718,252459720029, HMD, -0.07045, 1.16804, 0.40417, 0.01209, 0.01523, -0.99965, -0.01811
3771131,1578642406835659,0,0,1,1,0,0,0,1,1,0,0.0,0.0,0.0,0.0,0.0,0.0,0.0,0.0,0.0,0.0,0.0,0.0,0,0.0,-1.0,-1.0,0.0,0.22534469,1578642406832659,252459749438, HMD, -0.07048, 1.16807, 0.40419, 0.01210, 0.01523, -0.99965, -0.01811
3771139,1578642406839632,0,0,1,1,0,0,0,1,1,0,0.0,0.0,0.0,0.0,0.0,0.0,0.0,0.0,0.0,0.0,0.0,0.0,0,0.0,-1.0,-1.0,0.0,0.2193756,1578642406845241,252459875265, HMD, -0.07042, 1.16808, 0.40417, 0.01224, 0.01526, -0.99965, -0.01806
3771139,1578642406843673,0,0,1,1,0,0,0,1,1,0,0.0,0.0,0.0,0.0,0.0,0.0,0.0,0.0,0.0,0.0,0.0,0.0,0,0.0,-1.0,-1.0,0.0,0.2193756,1578642406845241,252459875265, HMD, -0.07042, 1.16808, 0.40417, 0.01224, 0.01526, -0.99965, -0.01806
3771139,1578642406847654,0,0,1,1,0,0,0,1,1,0,0.0,0.0,0.0,0.0,0.0,0.0,0.0,0.0,0.0,0.0,0.0,0.0,0,0.0,-1.0,-1.0,0.0,0.2193756,1578642406847674,252459899582, HMD, -0.07042, 1.16808, 0.40417, 0.01227, 0.01526, -0.99965, -0.01806
3771148,1578642406851637,1,1,1,1,0,1,1,1,1,0,0.02555847,-0.70588684,0.70783997,0.05496216,-0.52690125,0.84812927,32.51971436,-3.78236389,-22.76185608,-27.495224,18.96025085,-99.28076172,0,0.0,3.17034912,3.17034912,0.0,0.2193756,1578642406848246,252459905303, HMD, -0.07042, 1.16808, 0.40417, 0.01228, 0.01526, -0.99965, -0.01806
3771156,1578642406855638,0,0,1,1,0,0,0,1,1,0,0.0,0.0,0.0,0.0,0.0,0.0,0.0,0.0,0.0,0.0,0.0,0.0,0,0.0,-1.0,-1.0,0.0,0.24903692,1578642406857666,252459999521, HMD, -0.07037, 1.16810, 0.40418, 0.01238, 0.01529, -0.99964, -0.01806
3771156,1578642406859637,0,0,1,1,0,0,0,1,1,0,0.0,0.0,0.0,0.0,0.0,0.0,0.0,0.0,0.0,0.0,0.0,0.0,0,0.0,-1.0,-1.0,0.0,0.24903692,1578642406859640,252460019247, HMD, -0.07037, 1.16810, 0.40417, 0.01240, 0.01530, -0.99964, -0.01807
3771164,1578642406863633,0,0,1,1,0,0,0,1,1,0,0.0,0.0,0.0,0.0,0.0,0.0,0.0,0.0,0.0,0.0,0.0,0.0,0,0.0,-1.0,-1.0,0.0,0.24903692,1578642406862119,252460044038, HMD, -0.07036, 1.16810, 0.40417, 0.01241, 0.01530, -0.99964, -0.01807
3771164,1578642406867646,0,0,1,1,0,0,0,1,1,0,0.0,0.0,0.0,0.0,0.0,0.0,0.0,0.0,0.0,0.0,0.0,0.0,0,0.0,-1.0,-1.0,0.0,0.24903692,1578642406862119,252460044038, HMD, -0.07036, 1.16810, 0.40417, 0.01241, 0.01530, -0.99964, -0.01807
3771173,1578642406871631,0,0,1,1,0,0,0,1,1,0,0.0,0.0,0.0,0.0,0.0,0.0,0.0,0.0,0.0,0.0,0.0,0.0,0,0.0,-1.0,-1.0,0.0,0.23127779,1578642406873190,252460154794, HMD, -0.07034, 1.16809, 0.40416, 0.01249, 0.01532, -0.99964, -0.01810
3771173,1578642406878632,0,0,1,1,0,0,0,1,1,0,0.0,0.0,0.0,0.0,0.0,0.0,0.0,0.0,0.0,0.0,0.0,0.0,0,0.0,-1.0,-1.0,0.0,0.23127779,1578642406876496,252460187802, HMD, -0.07031, 1.16809, 0.40418, 0.01251, 0.01531, -0.99964, -0.01811
3771181,1578642406882631,0,0,1,1,0,0,0,1,1,0,0.0,0.0,0.0,0.0,0.0,0.0,0.0,0.0,0.0,0.0,0.0,0.0,0,0.0,-1.0,-1.0,0.0,0.23127779,1578642406876496,252460187802, HMD, -0.07031, 1.16809, 0.40418, 0.01251, 0.01531, -0.99964, -0.01811
3771181,1578642406886627,0,0,1,1,0,0,0,1,1,0,0.0,0.0,0.0,0.0,0.0,0.0,0.0,0.0,0.0,0.0,0.0,0.0,0,0.0,-1.0,-1.0,0.0,0.23127779,1578642406889771,252460320571, HMD, -0.07032, 1.16811, 0.40417, 0.01256, 0.01532, -0.99964, -0.01812
3771189,1578642406890619,0,0,1,1,0,0,0,1,1,0,0.0,0.0,0.0,0.0,0.0,0.0,0.0,0.0,0.0,0.0,0.0,0.0,0,0.0,-1.0,-1.0,0.0,0.22095056,1578642406890671,252460329552, HMD, -0.07032, 1.16811, 0.40417, 0.01256, 0.01532, -0.99964, -0.01812
3771198,1578642406894615,0,0,1,1,0,0,0,1,1,0,0.0,0.0,0.0,0.0,0.0,0.0,0.0,0.0,0.0,0.0,0.0,0.0,0,0.0,-1.0,-1.0,0.0,0.22095056,1578642406892878,252460351627, HMD, -0.07031, 1.16811, 0.40417, 0.01256, 0.01532, -0.99964, -0.01812
3771198,1578642406898624,0,0,1,1,0,0,0,1,1,0,0.0,0.0,0.0,0.0,0.0,0.0,0.0,0.0,0.0,0.0,0.0,0.0,0,0.0,-1.0,-1.0,0.0,0.22095056,1578642406900952,252460432383, HMD, -0.07027, 1.16812, 0.40416, 0.01261, 0.01531, -0.99964, -0.01812
3771198,1578642406902701,0,0,1,1,0,0,0,1,1,0,0.0,0.0,0.0,0.0,0.0,0.0,0.0,0.0,0.0,0.0,0.0,0.0,0,0.0,-1.0,-1.0,0.0,0.22095056,1578642406902709,252460449938, HMD, -0.07027, 1.16812, 0.40416, 0.01261, 0.01532, -0.99964, -0.01811
3771206,1578642406906658,0,0,1,1,0,0,0,1,1,0,0.0,0.0,0.0,0.0,0.0,0.0,0.0,0.0,0.0,0.0,0.0,0.0,0,0.0,-1.0,-1.0,0.0,0.23943402,1578642406904670,252460469543, HMD, -0.07027, 1.16813, 0.40416, 0.01262, 0.01532, -0.99964, -0.01810
3771206,1578642406910617,0,0,1,1,0,0,0,1,1,0,0.0,0.0,0.0,0.0,0.0,0.0,0.0,0.0,0.0,0.0,0.0,0.0,0,0.0,-1.0,-1.0,0.0,0.23943402,1578642406916054,252460583397, HMD, -0.07024, 1.16816, 0.40416, 0.01268, 0.01530, -0.99964, -0.01806
3771214,1578642406914621,0,0,1,1,0,0,0,1,1,0,0.0,0.0,0.0,0.0,0.0,0.0,0.0,0.0,0.0,0.0,0.0,0.0,0,0.0,-1.0,-1.0,0.0,0.23943402,1578642406916054,252460583397, HMD, -0.07024, 1.16816, 0.40416, 0.01268, 0.01530, -0.99964, -0.01806
3771223,1578642406924129,0,0,1,1,0,0,0,1,1,0,0.0,0.0,0.0,0.0,0.0,0.0,0.0,0.0,0.0,0.0,0.0,0.0,0,0.0,-1.0,-1.0,0.0,0.25454995,1578642406928661,252460709460, HMD, -0.07021, 1.16819, 0.40414, 0.01272, 0.01529, -0.99964, -0.01802
3771223,1578642406928117,0,0,1,1,0,0,0,1,1,0,0.0,0.0,0.0,0.0,0.0,0.0,0.0,0.0,0.0,0.0,0.0,0.0,0,0.0,-1.0,-1.0,0.0,0.25454995,1578642406928661,252460709460, HMD, -0.07021, 1.16819, 0.40414, 0.01272, 0.01529, -0.99964, -0.01802
3771231,1578642406933114,0,0,1,1,0,0,0,1,1,0,0.0,0.0,0.0,0.0,0.0,0.0,0.0,0.0,0.0,0.0,0.0,0.0,0,0.0,-1.0,-1.0,0.0,0.25454995,1578642406931753,252460740370, HMD, -0.07022, 1.16819, 0.40414, 0.01273, 0.01528, -0.99964, -0.01798
3771231,1578642406937119,0,0,1,1,0,0,0,1,1,0,0.0,0.0,0.0,0.0,0.0,0.0,0.0,0.0,0.0,0.0,0.0,0.0,0,0.0,-1.0,-1.0,0.0,0.25454995,1578642406940762,252460830478, HMD, -0.07017, 1.16821, 0.40414, 0.01273, 0.01525, -0.99964, -0.01794
3771239,1578642406942111,0,0,1,1,0,0,0,1,1,0,0.0,0.0,0.0,0.0,0.0,0.0,0.0,0.0,0.0,0.0,0.0,0.0,0,0.0,-1.0,-1.0,0.0,0.24530046,1578642406942162,252460844472, HMD, -0.07017, 1.16821, 0.40414, 0.01272, 0.01524, -0.99964, -0.01793
3771247,1578642406946127,0,0,1,1,0,0,0,1,1,0,0.0,0.0,0.0,0.0,0.0,0.0,0.0,0.0,0.0,0.0,0.0,0.0,0,0.0,-1.0,-1.0,0.0,0.24530046,1578642406944404,252460866880, HMD, -0.07017, 1.16822, 0.40414, 0.01273, 0.01524, -0.99964, -0.01792
3771247,1578642406950107,0,0,1,1,0,0,0,1,1,0,0.0,0.0,0.0,0.0,0.0,0.0,0.0,0.0,0.0,0.0,0.0,0.0,0,0.0,-1.0,-1.0,0.0,0.24530046,1578642406954742,252460970301, HMD, -0.07015, 1.16823, 0.40413, 0.01270, 0.01518, -0.99964, -0.01785
3771256,1578642406954127,0,0,1,1,0,0,0,1,1,0,0.0,0.0,0.0,0.0,0.0,0.0,0.0,0.0,0.0,0.0,0.0,0.0,0,0.0,-1.0,-1.0,0.0,0.23049222,1578642406954742,252460970301, HMD, -0.07015, 1.16823, 0.40413, 0.01270, 0.01518, -0.99964, -0.01785
3771256,1578642406958124,0,0,1,1,0,0,0,1,1,0,0.0,0.0,0.0,0.0,0.0,0.0,0.0,0.0,0.0,0.0,0.0,0.0,0,0.0,-1.0,-1.0,0.0,0.23049222,1578642406958161,252461004459, HMD, -0.07014, 1.16823, 0.40414, 0.01270, 0.01516, -0.99965, -0.01783
3771264,1578642406963111,0,0,1,1,0,0,0,1,1,0,0.0,0.0,0.0,0.0,0.0,0.0,0.0,0.0,0.0,0.0,0.0,0.0,0,0.0,-1.0,-1.0,0.0,0.23049222,1578642406958568,252461008526, HMD, -0.07014, 1.16823, 0.40414, 0.01270, 0.01516, -0.99965, -0.01782
3771264,1578642406967118,0,0,1,1,0,0,0,1,1,0,0.0,0.0,0.0,0.0,0.0,0.0,0.0,0.0,0.0,0.0,0.0,0.0,0,0.0,-1.0,-1.0,0.0,0.23049222,1578642406958568,252461008526, HMD, -0.07014, 1.16823, 0.40414, 0.01270, 0.01516, -0.99965, -0.01782
3771264,1578642406971108,0,0,1,1,0,0,0,1,1,0,0.0,0.0,0.0,0.0,0.0,0.0,0.0,0.0,0.0,0.0,0.0,0.0,0,0.0,-1.0,-1.0,0.0,0.23049222,1578642406982026,252461243117, HMD, -0.07014, 1.16824, 0.40417, 0.01270, 0.01506, -0.99965, -0.01769
3771272,1578642406975112,0,0,1,1,0,0,0,1,1,0,0.0,0.0,0.0,0.0,0.0,0.0,0.0,0.0,0.0,0.0,0.0,0.0,0,0.0,-1.0,-1.0,0.0,0.23522335,1578642406982026,252461243117, HMD, -0.07014, 1.16824, 0.40417, 0.01270, 0.01506, -0.99965, -0.01769
3771272,1578642406979098,0,0,1,1,0,0,0,1,1,0,0.0,0.0,0.0,0.0,0.0,0.0,0.0,0.0,0.0,0.0,0.0,0.0,0,0.0,-1.0,-1.0,0.0,0.23522335,1578642406982026,252461243117, HMD, -0.07014, 1.16824, 0.40417, 0.01270, 0.01506, -0.99965, -0.01769
3771281,1578642406983093,0,0,1,1,0,0,0,1,1,0,0.0,0.0,0.0,0.0,0.0,0.0,0.0,0.0,0.0,0.0,0.0,0.0,0,0.0,-1.0,-1.0,0.0,0.23522335,1578642406983175,252461254614, HMD, -0.07014, 1.16824, 0.40417, 0.01269, 0.01505, -0.99965, -0.01769
3771281,1578642406987087,0,0,1,1,0,0,0,1,1,0,0.0,0.0,0.0,0.0,0.0,0.0,0.0,0.0,0.0,0.0,0.0,0.0,0,0.0,-1.0,-1.0,0.0,0.23522335,1578642406985595,252461278790, HMD, -0.07013, 1.16824, 0.40417, 0.01269, 0.01505, -0.99965, -0.01769
3771289,1578642406991095,0,0,1,1,0,0,0,1,1,0,0.0,0.0,0.0,0.0,0.0,0.0,0.0,0.0,0.0,0.0,0.0,0.0,0,0.0,-1.0,-1.0,0.0,0.23660524,1578642406996594,252461388835, HMD, -0.07013, 1.16822, 0.40415, 0.01267, 0.01502, -0.99965, -0.01768
3771297,1578642406995108,0,0,1,1,0,0,0,1,1,0,0.0,0.0,0.0,0.0,0.0,0.0,0.0,0.0,0.0,0.0,0.0,0.0,0,0.0,-1.0,-1.0,0.0,0.23660524,1578642406996594,252461388835, HMD, -0.07013, 1.16822, 0.40415, 0.01267, 0.01502, -0.99965, -0.01768
3771297,1578642406999098,0,0,1,1,0,0,0,1,1,0,0.0,0.0,0.0,0.0,0.0,0.0,0.0,0.0,0.0,0.0,0.0,0.0,0,0.0,-1.0,-1.0,0.0,0.23660524,1578642406999129,252461414134, HMD, -0.07013, 1.16822, 0.40414, 0.01267, 0.01502, -0.99965, -0.01769
3771297,1578642407003106,0,0,1,1,0,0,0,1,1,0,0.0,0.0,0.0,0.0,0.0,0.0,0.0,0.0,0.0,0.0,0.0,0.0,0,0.0,-1.0,-1.0,0.0,0.23660524,1578642406999806,252461420908, HMD, -0.07013, 1.16822, 0.40414, 0.01267, 0.01502, -0.99965, -0.01769
3771306,1578642407007112,0,0,1,1,0,0,0,1,1,0,0.0,0.0,0.0,0.0,0.0,0.0,0.0,0.0,0.0,0.0,0.0,0.0,0,0.0,-1.0,-1.0,0.0,0.23067988,1578642407009716,252461520018, HMD, -0.07012, 1.16822, 0.40415, 0.01268, 0.01498, -0.99965, -0.01771
3771306,1578642407011094,0,0,1,1,0,0,0,1,1,0,0.0,0.0,0.0,0.0,0.0,0.0,0.0,0.0,0.0,0.0,0.0,0.0,0,0.0,-1.0,-1.0,0.0,0.23067988,1578642407011021,252461533051, HMD, -0.07012, 1.16822, 0.40415, 0.01268, 0.01497, -0.99965, -0.01771
3771314,1578642407015088,0,0,1,1,0,0,0,1,1,0,0.0,0.0,0.0,0.0,0.0,0.0,0.0,0.0,0.0,0.0,0.0,0.0,0,0.0,-1.0,-1.0,0.0,0.23067988,1578642407013540,252461558245, HMD, -0.07012, 1.16822, 0.40415, 0.01268, 0.01496, -0.99965, -0.01771
3771314,1578642407019109,0,0,1,1,0,0,0,1,1,0,0.0,0.0,0.0,0.0,0.0,0.0,0.0,0.0,0.0,0.0,0.0,0.0,0,0.0,-1.0,-1.0,0.0,0.23067988,1578642407024407,252461666928, HMD, -0.07011, 1.16821, 0.40414, 0.01272, 0.01492, -0.99965, -0.01775
3771322,1578642407024089,0,0,1,1,0,0,0,1,1,0,0.0,0.0,0.0,0.0,0.0,0.0,0.0,0.0,0.0,0.0,0.0,0.0,0,0.0,-1.0,-1.0,0.0,0.22123085,1578642407024407,252461666928, HMD, -0.07011, 1.16821, 0.40414, 0.01272, 0.01492, -0.99965, -0.01775
3771322,1578642407028078,0,0,1,1,0,0,0,1,1,0,0.0,0.0,0.0,0.0,0.0,0.0,0.0,0.0,0.0,0.0,0.0,0.0,0,0.0,-1.0,-1.0,0.0,0.22123085,1578642407027849,252461701339, HMD, -0.07011, 1.16820, 0.40414, 0.01274, 0.01491, -0.99965, -0.01775
3771331,1578642407033072,0,0,1,1,0,0,0,1,1,0,0.0,0.0,0.0,0.0,0.0,0.0,0.0,0.0,0.0,0.0,0.0,0.0,0,0.0,-1.0,-1.0,0.0,0.22123085,1578642407037425,252461797102, HMD, -0.07009, 1.16820, 0.40414, 0.01276, 0.01488, -0.99965, -0.01778
3771331,1578642407037095,0,0,1,1,0,0,0,1,1,0,0.0,0.0,0.0,0.0,0.0,0.0,0.0,0.0,0.0,0.0,0.0,0.0,0,0.0,-1.0,-1.0,0.0,0.22123085,1578642407037425,252461797102, HMD, -0.07009, 1.16820, 0.40414, 0.01276, 0.01488, -0.99965, -0.01778
3771339,1578642407041090,0,0,1,1,0,0,0,1,1,0,0.0,0.0,0.0,0.0,0.0,0.0,0.0,0.0,0.0,0.0,0.0,0.0,0,0.0,-1.0,-1.0,0.0,0.24919984,1578642407040503,252461827869, HMD, -0.07009, 1.16820, 0.40414, 0.01277, 0.01487, -0.99965, -0.01779
3771339,1578642407045089,0,0,1,1,0,0,0,1,1,0,0.0,0.0,0.0,0.0,0.0,0.0,0.0,0.0,0.0,0.0,0.0,0.0,0,0.0,-1.0,-1.0,0.0,0.24919984,1578642407040503,252461827869, HMD, -0.07009, 1.16820, 0.40414, 0.01277, 0.01487, -0.99965, -0.01779
3771347,1578642407049067,0,0,1,1,0,0,0,1,1,0,0.0,0.0,0.0,0.0,0.0,0.0,0.0,0.0,0.0,0.0,0.0,0.0,0,0.0,-1.0,-1.0,0.0,0.24919984,1578642407049786,252461920707, HMD, -0.07008, 1.16820, 0.40414, 0.01283, 0.01482, -0.99965, -0.01780
3771347,1578642407053082,0,0,1,1,0,0,0,1,1,0,0.0,0.0,0.0,0.0,0.0,0.0,0.0,0.0,0.0,0.0,0.0,0.0,0,0.0,-1.0,-1.0,0.0,0.24919984,1578642407052997,252461952815, HMD, -0.07008, 1.16820, 0.40414, 0.01285, 0.01481, -0.99965, -0.01781
3771356,1578642407057069,0,0,1,1,0,0,0,1,1,0,0.0,0.0,0.0,0.0,0.0,0.0,0.0,0.0,0.0,0.0,0.0,0.0,0,0.0,-1.0,-1.0,0.0,0.23456688,1578642407052997,252461952815, HMD, -0.07008, 1.16820, 0.40414, 0.01285, 0.01481, -0.99965, -0.01781
3771356,1578642407062068,0,0,1,1,0,0,0,1,1,0,0.0,0.0,0.0,0.0,0.0,0.0,0.0,0.0,0.0,0.0,0.0,0.0,0,0.0,-1.0,-1.0,0.0,0.23456688,1578642407062772,252462050618, HMD, -0.07009, 1.16817, 0.40414, 0.01291, 0.01479, -0.99965, -0.01780
3771364,1578642407066095,0,0,1,1,0,0,0,1,1,0,0.0,0.0,0.0,0.0,0.0,0.0,0.0,0.0,0.0,0.0,0.0,0.0,0,0.0,-1.0,-1.0,0.0,0.23456688,1578642407065988,252462082719, HMD, -0.07009, 1.16817, 0.40414, 0.01294, 0.01478, -0.99965, -0.01780
3771364,1578642407070079,0,0,1,1,0,0,0,1,1,0,0.0,0.0,0.0,0.0,0.0,0.0,0.0,0.0,0.0,0.0,0.0,0.0,0,0.0,-1.0,-1.0,0.0,0.23456688,1578642407065988,252462082719, HMD, -0.07009, 1.16817, 0.40414, 0.01294, 0.01478, -0.99965, -0.01780
3771372,1578642407074075,0,0,1,1,0,0,0,1,1,0,0.0,0.0,0.0,0.0,0.0,0.0,0.0,0.0,0.0,0.0,0.0,0.0,0,0.0,-1.0,-1.0,0.00024836,0.15077049,1578642407065988,252462082719, HMD, -0.07009, 1.16817, 0.40414, 0.01294, 0.01478, -0.99965, -0.01780
3771372,1578642407078062,0,0,1,1,0,0,0,1,1,0,0.0,0.0,0.0,0.0,0.0,0.0,0.0,0.0,0.0,0.0,0.0,0.0,0,0.0,-1.0,-1.0,0.00024836,0.15077049,1578642407082286,252462245717, HMD, -0.07006, 1.16818, 0.40414, 0.01304, 0.01477, -0.99965, -0.01779
3771381,1578642407082072,1,1,1,1,0,0,0,1,1,0,-0.0002594,-0.38014221,0.92492676,0.0,0.0,0.0,33.14726257,-5.74035645,-19.76869202,0.0,0.0,0.0,0,0.0,3.43080139,3.43080139,0.00024836,0.15077049,1578642407082286,252462245717, HMD, -0.07006, 1.16818, 0.40414, 0.01304, 0.01477, -0.99965, -0.01779
3771381,1578642407086077,1,1,1,1,0,0,0,1,1,0,-0.0002594,-0.38014221,0.92492676,0.0,0.0,0.0,33.14726257,-5.74035645,-19.76869202,0.0,0.0,0.0,0,0.0,3.43080139,3.43080139,0.00024836,0.15077049,1578642407085962,252462282460, HMD, -0.07006, 1.16818, 0.40414, 0.01306, 0.01477, -0.99965, -0.01777
3771389,1578642407090066,0,0,1,1,0,0,0,1,1,0,0.0,0.0,0.0,0.0,0.0,0.0,0.0,0.0,0.0,0.0,0.0,0.0,0,0.0,-1.0,-1.0,0.0,0.08884184,1578642407085962,252462282460, HMD, -0.07006, 1.16818, 0.40414, 0.01306, 0.01477, -0.99965, -0.01777
3771389,1578642407094076,0,0,1,1,0,0,0,1,1,0,0.0,0.0,0.0,0.0,0.0,0.0,0.0,0.0,0.0,0.0,0.0,0.0,0,0.0,-1.0,-1.0,0.0,0.08884184,1578642407095516,252462378015, HMD, -0.07005, 1.16819, 0.40413, 0.01310, 0.01481, -0.99965, -0.01768
3771397,1578642407098073,0,0,1,1,0,0,0,1,1,0,0.0,0.0,0.0,0.0,0.0,0.0,0.0,0.0,0.0,0.0,0.0,0.0,0,0.0,-1.0,-1.0,0.0,0.08884184,1578642407098129,252462404139, HMD, -0.07005, 1.16820, 0.40413, 0.01312, 0.01481, -0.99965, -0.01766
3771397,1578642407102102,0,0,1,1,0,0,0,1,1,0,0.0,0.0,0.0,0.0,0.0,0.0,0.0,0.0,0.0,0.0,0.0,0.0,0,0.0,-1.0,-1.0,0.0,0.08884184,1578642407098607,252462408916, HMD, -0.07005, 1.16820, 0.40413, 0.01312, 0.01481, -0.99965, -0.01765
3771406,1578642407106072,0,0,1,1,0,0,0,1,1,0,0.0,0.0,0.0,0.0,0.0,0.0,0.0,0.0,0.0,0.0,0.0,0.0,0,0.0,-1.0,-1.0,0.06175247,0.11838093,1578642407108602,252462508893, HMD, -0.07002, 1.16821, 0.40413, 0.01318, 0.01484, -0.99965, -0.01750
3771406,1578642407111067,0,0,1,1,0,0,0,1,1,0,0.0,0.0,0.0,0.0,0.0,0.0,0.0,0.0,0.0,0.0,0.0,0.0,0,0.0,-1.0,-1.0,0.06175247,0.11838093,1578642407111138,252462534222, HMD, -0.07002, 1.16822, 0.40414, 0.01320, 0.01486, -0.99965, -0.01746
3771414,1578642407115133,0,0,1,1,0,0,0,1,1,0,0.0,0.0,0.0,0.0,0.0,0.0,0.0,0.0,0.0,0.0,0.0,0.0,0,0.0,-1.0,-1.0,0.06175247,0.11838093,1578642407112241,252462545252, HMD, -0.07002, 1.16822, 0.40414, 0.01321, 0.01486, -0.99965, -0.01744
3771414,1578642407119179,0,0,1,1,0,0,0,1,1,0,0.0,0.0,0.0,0.0,0.0,0.0,0.0,0.0,0.0,0.0,0.0,0.0,0,0.0,-1.0,-1.0,0.06175247,0.11838093,1578642407112241,252462545252, HMD, -0.07002, 1.16822, 0.40414, 0.01321, 0.01486, -0.99965, -0.01744
3771422,1578642407128114,0,0,1,1,0,0,0,1,1,0,0.0,0.0,0.0,0.0,0.0,0.0,0.0,0.0,0.0,0.0,0.0,0.0,0,0.0,-1.0,-1.0,0.11367308,0.15647969,1578642407134759,252462770467, HMD, -0.06997, 1.16829, 0.40417, 0.01339, 0.01505, -0.99965, -0.01704
3771431,1578642407132110,0,0,1,1,0,0,0,1,1,0,0.0,0.0,0.0,0.0,0.0,0.0,0.0,0.0,0.0,0.0,0.0,0.0,0,0.0,-1.0,-1.0,0.11367308,0.15647969,1578642407134759,252462770467, HMD, -0.06997, 1.16829, 0.40417, 0.01339, 0.01505, -0.99965, -0.01704
3771431,1578642407136118,0,0,1,1,0,0,0,1,1,0,0.0,0.0,0.0,0.0,0.0,0.0,0.0,0.0,0.0,0.0,0.0,0.0,0,0.0,-1.0,-1.0,0.11367308,0.15647969,1578642407136114,252462783984, HMD, -0.06994, 1.16831, 0.40417, 0.01340, 0.01506, -0.99965, -0.01702
3771439,1578642407140119,0,0,1,1,0,0,0,1,1,0,0.0,0.0,0.0,0.0,0.0,0.0,0.0,0.0,0.0,0.0,0.0,0.0,0,0.0,-1.0,-1.0,0.12756561,0.17519709,1578642407138703,252462809875, HMD, -0.06994, 1.16832, 0.40418, 0.01342, 0.01507, -0.99965, -0.01698
3771439,1578642407145111,0,0,1,1,0,0,0,1,1,0,0.0,0.0,0.0,0.0,0.0,0.0,0.0,0.0,0.0,0.0,0.0,0.0,0,0.0,-1.0,-1.0,0.12756561,0.17519709,1578642407138703,252462809875, HMD, -0.06994, 1.16832, 0.40418, 0.01342, 0.01507, -0.99965, -0.01698
3771447,1578642407149106,0,0,1,1,0,0,0,1,1,0,0.0,0.0,0.0,0.0,0.0,0.0,0.0,0.0,0.0,0.0,0.0,0.0,0,0.0,-1.0,-1.0,0.12756561,0.17519709,1578642407138703,252462809875, HMD, -0.06994, 1.16832, 0.40418, 0.01342, 0.01507, -0.99965, -0.01698
3771447,1578642407155223,0,0,1,1,0,0,0,1,1,0,0.0,0.0,0.0,0.0,0.0,0.0,0.0,0.0,0.0,0.0,0.0,0.0,0,0.0,-1.0,-1.0,0.12756561,0.17519709,1578642407138703,252462809875, HMD, -0.06994, 1.16832, 0.40418, 0.01342, 0.01507, -0.99965, -0.01698
3771472,1578642407175109,0,0,1,1,0,0,0,1,1,0,0.0,0.0,0.0,0.0,0.0,0.0,0.0,0.0,0.0,0.0,0.0,0.0,0,0.0,-1.0,-1.0,0.15989779,0.16234756,1578642407176258,252463185545, HMD, -0.06992, 1.16845, 0.40419, 0.01355, 0.01537, -0.99965, -0.01652
3771472,1578642407179131,0,0,1,1,0,0,0,1,1,0,0.0,0.0,0.0,0.0,0.0,0.0,0.0,0.0,0.0,0.0,0.0,0.0,0,0.0,-1.0,-1.0,0.15989779,0.16234756,1578642407179067,252463213514, HMD, -0.06991, 1.16847, 0.40417, 0.01357, 0.01538, -0.99965, -0.01648
3771481,1578642407187106,0,0,1,1,0,0,0,1,1,0,0.0,0.0,0.0,0.0,0.0,0.0,0.0,0.0,0.0,0.0,0.0,0.0,0,0.0,-1.0,-1.0,0.15989779,0.16234756,1578642407181853,252463241374, HMD, -0.06990, 1.16847, 0.40418, 0.01357, 0.01541, -0.99965, -0.01644
3771489,1578642407191091,0,0,1,1,0,0,0,1,1,0,0.0,0.0,0.0,0.0,0.0,0.0,0.0,0.0,0.0,0.0,0.0,0.0,0,0.0,-1.0,-1.0,0.20534031,0.16897033,1578642407181853,252463241374, HMD, -0.06990, 1.16847, 0.40418, 0.01357, 0.01541, -0.99965, -0.01644
3771497,1578642407198093,0,0,1,1,0,0,0,1,1,0,0.0,0.0,0.0,0.0,0.0,0.0,0.0,0.0,0.0,0.0,0.0,0.0,0,0.0,-1.0,-1.0,0.20534031,0.16897033,1578642407181853,252463241374, HMD, -0.06990, 1.16847, 0.40418, 0.01357, 0.01541, -0.99965, -0.01644
3771497,1578642407202120,0,0,1,1,0,0,0,1,1,0,0.0,0.0,0.0,0.0,0.0,0.0,0.0,0.0,0.0,0.0,0.0,0.0,0,0.0,-1.0,-1.0,0.20534031,0.16897033,1578642407181853,252463241374, HMD, -0.06990, 1.16847, 0.40418, 0.01357, 0.01541, -0.99965, -0.01644
3771506,1578642407206123,0,0,1,1,0,0,0,1,1,0,0.0,0.0,0.0,0.0,0.0,0.0,0.0,0.0,0.0,0.0,0.0,0.0,0,0.0,-1.0,-1.0,0.21210776,0.17869456,1578642407181853,252463241374, HMD, -0.06990, 1.16847, 0.40418, 0.01357, 0.01541, -0.99965, -0.01644
3771506,1578642407211172,0,0,1,1,0,0,0,1,1,0,0.0,0.0,0.0,0.0,0.0,0.0,0.0,0.0,0.0,0.0,0.0,0.0,0,0.0,-1.0,-1.0,0.21210776,0.17869456,1578642407232610,252463748977, HMD, -0.06993, 1.16857, 0.40417, 0.01362, 0.01552, -0.99966, -0.01591
3771514,1578642407215101,0,0,1,1,0,0,0,1,1,0,0.0,0.0,0.0,0.0,0.0,0.0,0.0,0.0,0.0,0.0,0.0,0.0,0,0.0,-1.0,-1.0,0.21210776,0.17869456,1578642407232610,252463748977, HMD, -0.06993, 1.16857, 0.40417, 0.01362, 0.01552, -0.99966, -0.01591
3771514,1578642407220093,0,0,1,1,0,0,0,1,1,0,0.0,0.0,0.0,0.0,0.0,0.0,0.0,0.0,0.0,0.0,0.0,0.0,0,0.0,-1.0,-1.0,0.21210776,0.17869456,1578642407232610,252463748977, HMD, -0.06993, 1.16857, 0.40417, 0.01362, 0.01552, -0.99966, -0.01591
3771522,1578642407224166,0,0,1,1,0,0,0,1,1,0,0.0,0.0,0.0,0.0,0.0,0.0,0.0,0.0,0.0,0.0,0.0,0.0,0,0.0,-1.0,-1.0,0.20836551,0.18442328,1578642407232610,252463748977, HMD, -0.06993, 1.16857, 0.40417, 0.01362, 0.01552, -0.99966, -0.01591
3771522,1578642407231074,0,0,1,1,0,0,0,1,1,0,0.0,0.0,0.0,0.0,0.0,0.0,0.0,0.0,0.0,0.0,0.0,0.0,0,0.0,-1.0,-1.0,0.20836551,0.18442328,1578642407232610,252463748977, HMD, -0.06993, 1.16857, 0.40417, 0.01362, 0.01552, -0.99966, -0.01591
3771531,1578642407235087,0,0,1,1,0,0,0,1,1,0,0.0,0.0,0.0,0.0,0.0,0.0,0.0,0.0,0.0,0.0,0.0,0.0,0,0.0,-1.0,-1.0,0.20836551,0.18442328,1578642407235113,252463773979, HMD, -0.06995, 1.16856, 0.40416, 0.01360, 0.01552, -0.99966, -0.01590
3771539,1578642407240077,0,0,1,1,0,0,0,1,1,0,0.0,0.0,0.0,0.0,0.0,0.0,0.0,0.0,0.0,0.0,0.0,0.0,0,0.0,-1.0,-1.0,0.2044189,0.19797468,1578642407237189,252463794731, HMD, -0.06994, 1.16857, 0.40414, 0.01362, 0.01552, -0.99966, -0.01586
3771539,1578642407244098,0,0,1,1,0,0,0,1,1,0,0.0,0.0,0.0,0.0,0.0,0.0,0.0,0.0,0.0,0.0,0.0,0.0,0,0.0,-1.0,-1.0,0.2044189,0.19797468,1578642407237189,252463794731, HMD, -0.06994, 1.16857, 0.40414, 0.01362, 0.01552, -0.99966, -0.01586
3771547,1578642407248083,0,0,1,1,0,0,0,1,1,0,0.0,0.0,0.0,0.0,0.0,0.0,0.0,0.0,0.0,0.0,0.0,0.0,0,0.0,-1.0,-1.0,0.2044189,0.19797468,1578642407253972,252463962591, HMD, -0.06993, 1.16860, 0.40416, 0.01357, 0.01544, -0.99966, -0.01579
3771547,1578642407252076,0,0,1,1,0,0,0,1,1,0,0.0,0.0,0.0,0.0,0.0,0.0,0.0,0.0,0.0,0.0,0.0,0.0,0,0.0,-1.0,-1.0,0.2044189,0.19797468,1578642407253972,252463962591, HMD, -0.06993, 1.16860, 0.40416, 0.01357, 0.01544, -0.99966, -0.01579
3771556,1578642407256109,0,0,1,1,0,0,0,1,1,0,0.0,0.0,0.0,0.0,0.0,0.0,0.0,0.0,0.0,0.0,0.0,0.0,0,0.0,-1.0,-1.0,0.2180474,0.18132076,1578642407256180,252463984659, HMD, -0.06991, 1.16861, 0.40415, 0.01356, 0.01543, -0.99966, -0.01578
3771556,1578642407260087,0,0,1,1,0,0,0,1,1,0,0.0,0.0,0.0,0.0,0.0,0.0,0.0,0.0,0.0,0.0,0.0,0.0,0,0.0,-1.0,-1.0,0.2180474,0.18132076,1578642407258337,252464006216, HMD, -0.06992, 1.16861, 0.40415, 0.01356, 0.01543, -0.99966, -0.01577
3771564,1578642407264084,0,0,1,1,0,0,0,1,1,0,0.0,0.0,0.0,0.0,0.0,0.0,0.0,0.0,0.0,0.0,0.0,0.0,0,0.0,-1.0,-1.0,0.2180474,0.18132076,1578642407267786,252464100706, HMD, -0.06991, 1.16862, 0.40415, 0.01355, 0.01539, -0.99967, -0.01575
3771564,1578642407268089,0,0,1,1,0,0,0,1,1,0,0.0,0.0,0.0,0.0,0.0,0.0,0.0,0.0,0.0,0.0,0.0,0.0,0,0.0,-1.0,-1.0,0.2180474,0.18132076,1578642407268152,252464104362, HMD, -0.06991, 1.16862, 0.40415, 0.01356, 0.01538, -0.99967, -0.01574
3771572,1578642407272084,0,0,1,1,0,0,0,1,1,0,0.0,0.0,0.0,0.0,0.0,0.0,0.0,0.0,0.0,0.0,0.0,0.0,0,0.0,-1.0,-1.0,0.24481605,0.17417364,1578642407271000,252464132848, HMD, -0.06992, 1.16862, 0.40415, 0.01356, 0.01536, -0.99967, -0.01574
3771572,1578642407276080,0,0,1,1,0,0,0,1,1,0,0.0,0.0,0.0,0.0,0.0,0.0,0.0,0.0,0.0,0.0,0.0,0.0,0,0.0,-1.0,-1.0,0.24481605,0.17417364,1578642407271000,252464132848, HMD, -0.06992, 1.16862, 0.40415, 0.01356, 0.01536, -0.99967, -0.01574
3771581,1578642407280093,0,0,1,1,0,0,0,1,1,0,0.0,0.0,0.0,0.0,0.0,0.0,0.0,0.0,0.0,0.0,0.0,0.0,0,0.0,-1.0,-1.0,0.24481605,0.17417364,1578642407281472,252464237572, HMD, -0.06989, 1.16868, 0.40415, 0.01356, 0.01532, -0.99967, -0.01572
3771581,1578642407284099,0,0,1,1,0,0,0,1,1,0,0.0,0.0,0.0,0.0,0.0,0.0,0.0,0.0,0.0,0.0,0.0,0.0,0,0.0,-1.0,-1.0,0.24481605,0.17417364,1578642407284053,252464263373, HMD, -0.06989, 1.16868, 0.40415, 0.01356, 0.01531, -0.99967, -0.01572
3771589,1578642407288079,0,0,1,1,0,0,0,1,1,0,0.0,0.0,0.0,0.0,0.0,0.0,0.0,0.0,0.0,0.0,0.0,0.0,0,0.0,-1.0,-1.0,0.25890478,0.16075806,1578642407285026,252464273104, HMD, -0.06989, 1.16868, 0.40415, 0.01357, 0.01531, -0.99967, -0.01572
3771589,1578642407292091,0,0,1,1,0,0,0,1,1,0,0.0,0.0,0.0,0.0,0.0,0.0,0.0,0.0,0.0,0.0,0.0,0.0,0,0.0,-1.0,-1.0,0.25890478,0.16075806,1578642407293804,252464360887, HMD, -0.06991, 1.16867, 0.40415, 0.01359, 0.01526, -0.99967, -0.01571
3771597,1578642407296071,0,0,1,1,0,0,0,1,1,0,0.0,0.0,0.0,0.0,0.0,0.0,0.0,0.0,0.0,0.0,0.0,0.0,0,0.0,-1.0,-1.0,0.25890478,0.08740314,1578642407296113,252464383977, HMD, -0.06988, 1.16867, 0.40412, 0.01360, 0.01525, -0.99967, -0.01570
3771597,1578642407301085,0,0,1,1,0,0,0,1,1,0,0.0,0.0,0.0,0.0,0.0,0.0,0.0,0.0,0.0,0.0,0.0,0.0,0,0.0,-1.0,-1.0,0.25890478,0.08740314,1578642407296977,252464392615, HMD, -0.06988, 1.16868, 0.40412, 0.01360, 0.01525, -0.99967, -0.01570
3771606,1578642407305071,0,0,1,1,0,0,0,1,1,0,0.0,0.0,0.0,0.0,0.0,0.0,0.0,0.0,0.0,0.0,0.0,0.0,0,0.0,-1.0,-1.0,0.26575628,0.09681392,1578642407308918,252464512027, HMD, -0.06987, 1.16867, 0.40412, 0.01362, 0.01517, -0.99967, -0.01568
3771606,1578642407310065,0,0,1,1,0,0,0,1,1,0,0.0,0.0,0.0,0.0,0.0,0.0,0.0,0.0,0.0,0.0,0.0,0.0,0,0.0,-1.0,-1.0,0.26575628,0.09681392,1578642407310087,252464523716, HMD, -0.06987, 1.16867, 0.40412, 0.01363, 0.01516, -0.99967, -0.01567
3771614,1578642407314064,0,0,1,1,0,0,0,1,1,0,0.0,0.0,0.0,0.0,0.0,0.0,0.0,0.0,0.0,0.0,0.0,0.0,0,0.0,-1.0,-1.0,0.26575628,0.09681392,1578642407312092,252464543768, HMD, -0.06987, 1.16867, 0.40412, 0.01364, 0.01516, -0.99967, -0.01566
3771614,1578642407318074,0,0,1,1,0,0,0,1,1,0,0.0,0.0,0.0,0.0,0.0,0.0,0.0,0.0,0.0,0.0,0.0,0.0,0,0.0,-1.0,-1.0,0.26575628,0.09681392,1578642407320107,252464623919, HMD, -0.06983, 1.16868, 0.40411, 0.01367, 0.01512, -0.99967, -0.01565
3771622,1578642407322073,0,0,1,1,0,0,0,1,1,0,0.0,0.0,0.0,0.0,0.0,0.0,0.0,0.0,0.0,0.0,0.0,0.0,0,0.0,-1.0,-1.0,0.26236299,0.08427454,1578642407322096,252464643801, HMD, -0.06983, 1.16868, 0.40411, 0.01367, 0.01512, -0.99967, -0.01565
3771622,1578642407325496,0,0,1,1,0,0,0,1,1,0,0.0,0.0,0.0,0.0,0.0,0.0,0.0,0.0,0.0,0.0,0.0,0.0,0,0.0,-1.0,-1.0,0.26236299,0.08427454,1578642407323394,252464656779, HMD, -0.06983, 1.16868, 0.40411, 0.01367, 0.01511, -0.99967, -0.01565
3771631,1578642407329496,0,0,1,1,0,0,0,1,1,0,0.0,0.0,0.0,0.0,0.0,0.0,0.0,0.0,0.0,0.0,0.0,0.0,0,0.0,-1.0,-1.0,0.26236299,0.08427454,1578642407331928,252464742123, HMD, -0.06984, 1.16868, 0.40410, 0.01369, 0.01508, -0.99967, -0.01563
3771631,1578642407333501,0,0,1,1,0,0,0,1,1,0,0.0,0.0,0.0,0.0,0.0,0.0,0.0,0.0,0.0,0.0,0.0,0.0,0,0.0,-1.0,-1.0,0.26236299,0.08427454,1578642407333435,252464757199, HMD, -0.06984, 1.16868, 0.40410, 0.01370, 0.01508, -0.99967, -0.01563
3771631,1578642407337503,0,0,1,1,0,0,0,1,1,0,0.0,0.0,0.0,0.0,0.0,0.0,0.0,0.0,0.0,0.0,0.0,0.0,0,0.0,-1.0,-1.0,0.26236299,0.08427454,1578642407335118,252464774028, HMD, -0.06983, 1.16869, 0.40409, 0.01372, 0.01508, -0.99967, -0.01560
3771639,1578642407341502,1,1,1,1,0,0,0,1,1,0,0.01824951,-0.331604,0.9432373,0.0,0.0,0.0,32.50563049,-0.34338379,-29.60958862,0.0,0.0,0.0,0,0.0,3.99861145,3.99861145,0.27431917,0.05992796,1578642407344653,252464869409, HMD, -0.06984, 1.16870, 0.40408, 0.01375, 0.01506, -0.99967, -0.01557
3771639,1578642407345524,1,1,1,1,0,0,0,1,1,0,0.01824951,-0.331604,0.9432373,0.0,0.0,0.0,32.50563049,-0.34338379,-29.60958862,0.0,0.0,0.0,0,0.0,3.99861145,3.99861145,0.27431917,0.05992796,1578642407345535,252464878193, HMD, -0.06984, 1.16870, 0.40408, 0.01376, 0.01506, -0.99967, -0.01557
3771647,1578642407349505,1,1,1,1,0,0,0,1,1,0,-0.01219177,-0.29536438,0.95529175,0.0,0.0,0.0,32.50297546,-0.23910522,-29.89337158,0.0,0.0,0.0,0,0.0,4.18670654,4.18670654,0.27431917,0.05992796,1578642407348351,252464906353, HMD, -0.06983, 1.16869, 0.40408, 0.01377, 0.01505, -0.99967, -0.01556
3771647,1578642407353512,1,1,1,1,0,0,0,1,1,0,-0.01219177,-0.29536438,0.95529175,0.0,0.0,0.0,32.50297546,-0.23910522,-29.89337158,0.0,0.0,0.0,0,0.0,4.18670654,4.18670654,0.27431917,0.05992796,1578642407348351,252464906353, HMD, -0.06983, 1.16869, 0.40408, 0.01377, 0.01505, -0.99967, -0.01556
3771656,1578642407357519,1,1,1,1,0,0,0,1,1,0,-0.01132202,-0.30845642,0.95115662,0.0,0.0,0.0,32.5138855,-0.2505188,-29.8923645,0.0,0.0,0.0,0,0.0,4.19734192,4.19734192,0.31198481,0.06628574,1578642407348351,252464906353, HMD, -0.06983, 1.16869, 0.40408, 0.01377, 0.01505, -0.99967, -0.01556
3771656,1578642407361492,1,1,1,1,0,0,0,1,1,0,-0.01132202,-0.30845642,0.95115662,0.0,0.0,0.0,32.5138855,-0.2505188,-29.8923645,0.0,0.0,0.0,0,0.0,4.19734192,4.19734192,0.31198481,0.06628574,1578642407373047,252465153350, HMD, -0.06973, 1.16867, 0.40400, 0.01392, 0.01502, -0.99967, -0.01544
3771664,1578642407365494,0,0,1,1,0,0,0,1,1,0,0.0,0.0,0.0,0.0,0.0,0.0,0.0,0.0,0.0,0.0,0.0,0.0,0,0.0,-1.0,-1.0,0.31198481,0.06628574,1578642407373047,252465153350, HMD, -0.06973, 1.16867, 0.40400, 0.01392, 0.01502, -0.99967, -0.01544
3771664,1578642407369496,0,0,1,1,0,0,0,1,1,0,0.0,0.0,0.0,0.0,0.0,0.0,0.0,0.0,0.0,0.0,0.0,0.0,0,0.0,-1.0,-1.0,0.31198481,0.06628574,1578642407373047,252465153350, HMD, -0.06973, 1.16867, 0.40400, 0.01392, 0.01502, -0.99967, -0.01544
3771672,1578642407373495,1,1,1,1,0,0,0,1,1,0,0.00375366,-0.34584045,0.9382782,0.0,0.0,0.0,32.45036316,-0.40325928,-28.87942505,0.0,0.0,0.0,0,0.0,4.24882507,4.24882507,0.35438406,0.07829071,1578642407373467,252465157516, HMD, -0.06973, 1.16867, 0.40400, 0.01392, 0.01502, -0.99967, -0.01544
3771672,1578642407377484,1,1,1,1,0,0,0,1,1,0,0.00375366,-0.34584045,0.9382782,0.0,0.0,0.0,32.45036316,-0.40325928,-28.87942505,0.0,0.0,0.0,0,0.0,4.24882507,4.24882507,0.35438406,0.07829071,1578642407376259,252465185433, HMD, -0.06973, 1.16868, 0.40400, 0.01393, 0.01503, -0.99967, -0.01543
3771681,1578642407382502,1,1,1,1,0,0,0,1,1,0,-0.03030396,-0.28123474,0.95915222,0.0,0.0,0.0,32.50990295,-0.29995728,-29.54174805,0.0,0.0,0.0,0,0.0,4.35371399,4.35371399,0.35438406,0.07829071,1578642407386088,252465283749, HMD, -0.06973, 1.16868, 0.40399, 0.01400, 0.01509, -0.99967, -0.01539
3771681,1578642407386482,1,1,1,1,0,0,0,1,1,0,-0.03030396,-0.28123474,0.95915222,0.0,0.0,0.0,32.50990295,-0.29995728,-29.54174805,0.0,0.0,0.0,0,0.0,4.35371399,4.35371399,0.35438406,0.07829071,1578642407386503,252465287875, HMD, -0.06973, 1.16868, 0.40398, 0.01400, 0.01509, -0.99967, -0.01539
3771689,1578642407390483,1,1,1,1,0,0,0,1,1,0,-0.02680969,-0.29766846,0.95428467,0.0,0.0,0.0,32.50772095,-0.29266357,-29.56152344,0.0,0.0,0.0,0,0.0,4.30439758,4.30439758,0.37386501,0.09160981,1578642407389264,252465315487, HMD, -0.06971, 1.16867, 0.40398, 0.01400, 0.01508, -0.99967, -0.01538
3771689,1578642407394476,1,1,1,1,0,0,0,1,1,0,-0.02680969,-0.29766846,0.95428467,0.0,0.0,0.0,32.50772095,-0.29266357,-29.56152344,0.0,0.0,0.0,0,0.0,4.30439758,4.30439758,0.37386501,0.09160981,1578642407398861,252465411458, HMD, -0.06972, 1.16867, 0.40395, 0.01406, 0.01514, -0.99967, -0.01534
3771697,1578642407398466,1,1,1,1,0,0,0,1,1,0,-0.02922058,-0.29049683,0.9564209,0.0,0.0,0.0,32.50671387,-0.28736877,-29.58128357,0.0,0.0,0.0,0,0.0,4.28437805,4.28437805,0.37386501,0.09160981,1578642407398861,252465411458, HMD, -0.06972, 1.16867, 0.40395, 0.01406, 0.01514, -0.99967, -0.01534
3771697,1578642407402479,1,1,1,1,0,0,0,1,1,0,-0.02922058,-0.29049683,0.9564209,0.0,0.0,0.0,32.50671387,-0.28736877,-29.58128357,0.0,0.0,0.0,0,0.0,4.28437805,4.28437805,0.37386501,0.09160981,1578642407402534,252465448180, HMD, -0.06972, 1.16867, 0.40394, 0.01408, 0.01516, -0.99967, -0.01533
3771706,1578642407406479,1,1,1,1,0,0,0,1,1,0,-0.02626038,-0.30163574,0.95304871,0.0,0.0,0.0,32.50613403,-0.28636169,-29.59042358,0.0,0.0,0.0,0,0.0,4.26992798,4.26992798,0.38201749,0.09782557,1578642407402631,252465449156, HMD, -0.06972, 1.16867, 0.40394, 0.01408, 0.01516, -0.99967, -0.01533
3771714,1578642407416472,1,1,1,1,0,0,0,1,1,0,-0.02900696,-0.30052185,0.95332336,0.0,0.0,0.0,32.50595093,-0.28535461,-29.5995636,0.0,0.0,0.0,0,0.0,4.25915527,4.25915527,0.38201749,0.09782557,1578642407415357,252465576417, HMD, -0.06972, 1.16869, 0.40392, 0.01414, 0.01524, -0.99967, -0.01532
3771714,1578642407420468,1,1,1,1,0,0,0,1,1,0,-0.02900696,-0.30052185,0.95332336,0.0,0.0,0.0,32.50595093,-0.28535461,-29.5995636,0.0,0.0,0.0,0,0.0,4.25915527,4.25915527,0.38201749,0.09782557,1578642407415357,252465576417, HMD, -0.06972, 1.16869, 0.40392, 0.01414, 0.01524, -0.99967, -0.01532
3771722,1578642407424507,1,1,1,1,0,0,0,1,1,0,-0.02636719,-0.30593872,0.95167542,0.0,0.0,0.0,32.50575256,-0.25543213,-29.70913696,0.0,0.0,0.0,0,0.0,4.24897766,4.24897766,0.37206525,0.08622611,1578642407427763,252465700484, HMD, -0.06973, 1.16869, 0.40389, 0.01416, 0.01529, -0.99967, -0.01531
3771722,1578642407428456,1,1,1,1,0,0,0,1,1,0,-0.02636719,-0.30593872,0.95167542,0.0,0.0,0.0,32.50575256,-0.25543213,-29.70913696,0.0,0.0,0.0,0,0.0,4.24897766,4.24897766,0.37206525,0.08622611,1578642407428482,252465707663, HMD, -0.06973, 1.16869, 0.40389, 0.01416, 0.01527, -0.99967, -0.01532
3771731,1578642407432471,1,1,1,1,0,0,0,1,1,0,-0.02326965,-0.32090759,0.94680786,0.0,0.0,0.0,32.5055542,-0.24932861,-29.5995636,0.0,0.0,0.0,0,0.0,4.24551392,4.24551392,0.37206525,0.08622611,1578642407430532,252465728165, HMD, -0.06973, 1.16869, 0.40389, 0.01416, 0.01528, -0.99967, -0.01531
3771731,1578642407436462,1,1,1,1,0,0,0,1,1,0,-0.02326965,-0.32090759,0.94680786,0.0,0.0,0.0,32.5055542,-0.24932861,-29.5995636,0.0,0.0,0.0,0,0.0,4.24551392,4.24551392,0.37206525,0.08622611,1578642407439200,252465814852, HMD, -0.06974, 1.16871, 0.40386, 0.01418, 0.01529, -0.99967, -0.01531
3771739,1578642407440463,1,1,1,1,0,0,0,1,1,0,-0.02587891,-0.32029724,0.94696045,0.0,0.0,0.0,32.50520325,-0.24227905,-29.69590759,0.0,0.0,0.0,0,0.0,4.19737244,4.19737244,0.36702514,0.09087148,1578642407440434,252465827401, HMD, -0.06974, 1.16871, 0.40385, 0.01418, 0.01528, -0.99967, -0.01529
3771747,1578642407449471,1,1,1,1,0,0,0,1,1,0,-0.02345276,-0.31114197,0.95005798,0.0,0.0,0.0,32.5055542,-0.23522949,-29.79226685,0.0,0.0,0.0,0,0.0,4.21224976,4.21224976,0.36702514,0.09087148,1578642407451291,252465935766, HMD, -0.06974, 1.16871, 0.40383, 0.01420, 0.01527, -0.99967, -0.01524
3771747,1578642407453459,1,1,1,1,0,0,0,1,1,0,-0.02345276,-0.31114197,0.95005798,0.0,0.0,0.0,32.5055542,-0.23522949,-29.79226685,0.0,0.0,0.0,0,0.0,4.21224976,4.21224976,0.36702514,0.09087148,1578642407453467,252465957519, HMD, -0.06975, 1.16872, 0.40381, 0.01421, 0.01527, -0.99967, -0.01522
3771756,1578642407457465,1,1,1,1,0,0,0,1,1,0,-0.02223206,-0.31507874,0.9487915,0.0,0.0,0.0,32.50575256,-0.23236084,-29.80548096,0.0,0.0,0.0,0,0.0,4.17930603,4.17930603,0.39064172,0.09483234,1578642407454469,252465967538, HMD, -0.06975, 1.16872, 0.40380, 0.01421, 0.01527, -0.99967, -0.01521
3771756,1578642407461448,1,1,1,1,0,0,0,1,1,0,-0.02223206,-0.31507874,0.9487915,0.0,0.0,0.0,32.50575256,-0.23236084,-29.80548096,0.0,0.0,0.0,0,0.0,4.17930603,4.17930603,0.39064172,0.09483234,1578642407464056,252466063405, HMD, -0.06977, 1.16874, 0.40378, 0.01423, 0.01527, -0.99967, -0.01516
3771764,1578642407465451,1,1,1,1,0,0,0,1,1,0,-0.02362061,-0.31059265,0.95024109,0.0,0.0,0.0,32.50595093,-0.22949219,-29.81871033,0.0,0.0,0.0,0,0.0,4.2111969,4.2111969,0.39064172,0.09483234,1578642407465497,252466077815, HMD, -0.06977, 1.16874, 0.40377, 0.01423, 0.01527, -0.99967, -0.01515
3771764,1578642407469462,1,1,1,1,0,0,0,1,1,0,-0.02362061,-0.31059265,0.95024109,0.0,0.0,0.0,32.50595093,-0.22949219,-29.81871033,0.0,0.0,0.0,0,0.0,4.2111969,4.2111969,0.39064172,0.09483234,1578642407467234,252466095183, HMD, -0.06978, 1.16874, 0.40377, 0.01423, 0.01528, -0.99967, -0.01513
3771772,1578642407473455,1,1,1,1,0,0,0,1,1,0,-0.02424622,-0.31361389,0.94923401,0.0,0.0,0.0,32.50575256,-0.22749329,-29.8190918,0.0,0.0,0.0,0,0.0,4.20375061,4.20375061,0.37823033,0.09903036,1578642407478381,252466206666, HMD, -0.06979, 1.16877, 0.40373, 0.01420, 0.01529, -0.99967, -0.01506
3771781,1578642407482463,1,1,1,1,0,0,0,1,1,0,-0.0234375,-0.3157959,0.9485321,0.0,0.0,0.0,32.5055542,-0.22949219,-29.81871033,0.0,0.0,0.0,0,0.0,4.1958313,4.1958313,0.37823033,0.09903036,1578642407482214,252466244980, HMD, -0.06980, 1.16878, 0.40372, 0.01417, 0.01529, -0.99967, -0.01504
3771781,1578642407486443,1,1,1,1,0,0,0,1,1,0,-0.0234375,-0.3157959,0.9485321,0.0,0.0,0.0,32.5055542,-0.22949219,-29.81871033,0.0,0.0,0.0,0,0.0,4.1958313,4.1958313,0.37823033,0.09903036,1578642407482214,252466244980, HMD, -0.06980, 1.16878, 0.40372, 0.01417, 0.01529, -0.99967, -0.01504
3771789,1578642407491450,1,1,1,1,0,0,0,1,1,0,-0.02383423,-0.31341553,0.9493103,0.0,0.0,0.0,32.50520325,-0.23236084,-29.80548096,0.0,0.0,0.0,0,0.0,4.20443726,4.20443726,0.38648605,0.07873734,1578642407491555,252466338403, HMD, -0.06981, 1.16878, 0.40370, 0.01410, 0.01528, -0.99967, -0.01497
3771789,1578642407495440,1,1,1,1,0,0,0,1,1,0,-0.02383423,-0.31341553,0.9493103,0.0,0.0,0.0,32.50520325,-0.23236084,-29.80548096,0.0,0.0,0.0,0,0.0,4.20443726,4.20443726,0.38648605,0.07873734,1578642407494502,252466367862, HMD, -0.06980, 1.16880, 0.40370, 0.01409, 0.01528, -0.99967, -0.01493
3771797,1578642407500439,1,1,1,1,0,0,0,1,1,0,-0.02206421,-0.30671692,0.95153809,0.0,0.0,0.0,32.50065613,-0.24035645,-29.76017761,0.0,0.0,0.0,0,0.0,4.22618103,4.22618103,0.38648605,0.07873734,1578642407504770,252466470574, HMD, -0.06983, 1.16882, 0.40368, 0.01401, 0.01529, -0.99968, -0.01478
3771797,1578642407504444,1,1,1,1,0,0,0,1,1,0,-0.02206421,-0.30671692,0.95153809,0.0,0.0,0.0,32.50065613,-0.24035645,-29.76017761,0.0,0.0,0.0,0,0.0,4.22618103,4.22618103,0.38648605,0.07873734,1578642407504770,252466470574, HMD, -0.06983, 1.16882, 0.40368, 0.01401, 0.01529, -0.99968, -0.01478
3771806,1578642407508451,1,1,1,1,0,0,0,1,1,0,-0.02635193,-0.29766846,0.95429993,0.0,0.0,0.0,32.49504089,-0.19688416,-30.00782776,0.0,0.0,0.0,0,0.0,4.28373718,4.28373718,0.41491258,0.05406568,1578642407508197,252466504819, HMD, -0.06983, 1.16882, 0.40368, 0.01399, 0.01528, -0.99968, -0.01473
3771831,1578642407532426,1,1,1,1,0,0,0,1,1,0,0.01412964,-0.28330994,0.95892334,0.0,0.0,0.0,32.67749023,-0.15261841,-29.94314575,0.0,0.0,0.0,0,0.0,4.31546021,4.31546021,0.38925186,0.06927262,1578642407547486,252466897748, HMD, -0.06994, 1.16893, 0.40365, 0.01385, 0.01540, -0.99968, -0.01418
3771831,1578642407536701,1,1,1,1,0,0,0,1,1,0,0.01412964,-0.28330994,0.95892334,0.0,0.0,0.0,32.67749023,-0.15261841,-29.94314575,0.0,0.0,0.0,0,0.0,4.31546021,4.31546021,0.38925186,0.06927262,1578642407547486,252466897748, HMD, -0.06994, 1.16893, 0.40365, 0.01385, 0.01540, -0.99968, -0.01418
3771839,1578642407540711,1,1,1,1,0,0,0,1,1,0,0.05844116,-0.34516907,0.93670654,0.0,0.0,0.0,32.84384155,-0.0708313,-30.05535889,0.0,0.0,0.0,0,0.0,4.03979492,4.03979492,0.37168252,0.04279461,1578642407547486,252466897748, HMD, -0.06994, 1.16893, 0.40365, 0.01385, 0.01540, -0.99968, -0.01418
3771839,1578642407544841,1,1,1,1,0,0,0,1,1,0,0.05844116,-0.34516907,0.93670654,0.0,0.0,0.0,32.84384155,-0.0708313,-30.05535889,0.0,0.0,0.0,0,0.0,4.03979492,4.03979492,0.37168252,0.04279461,1578642407547486,252466897748, HMD, -0.06994, 1.16893, 0.40365, 0.01385, 0.01540, -0.99968, -0.01418
3771847,1578642407549186,1,1,1,1,0,0,0,1,1,0,0.0877533,-0.33360291,0.93861389,0.0,0.0,0.0,33.09234619,0.08572388,-30.43066406,0.0,0.0,0.0,0,0.0,4.09986877,4.09986877,0.37168252,0.04279461,1578642407549233,252466915178, HMD, -0.06992, 1.16891, 0.40365, 0.01384, 0.01539, -0.99969, -0.01417
3771864,1578642407566488,1,1,1,1,0,1,1,1,1,0,0.10897827,-0.36799622,0.92340088,-0.04003906,-0.40985107,0.91125488,33.39382935,-0.12112427,-30.01448059,-30.27037048,19.72270203,-99.82052612,0,0.0,3.34584045,3.34584045,0.34267676,0.05316046,1578642407566576,252467088612, HMD, -0.06995, 1.16894, 0.40361, 0.01381, 0.01554, -0.99968, -0.01407
3771864,1578642407570469,1,1,1,1,0,1,1,1,1,0,0.10897827,-0.36799622,0.92340088,-0.04003906,-0.40985107,0.91125488,33.39382935,-0.12112427,-30.01448059,-30.27037048,19.72270203,-99.82052612,0,0.0,3.34584045,3.34584045,0.34267676,0.05316046,1578642407569768,252467120522, HMD, -0.06997, 1.16895, 0.40360, 0.01380, 0.01556, -0.99968, -0.01408
3771872,1578642407575464,1,1,1,1,0,0,0,1,1,0,0.14125061,-0.39982605,0.90562439,0.0,0.0,0.0,33.43281555,-0.1672821,-29.95332336,0.0,0.0,0.0,0,0.0,3.45513916,3.45513916,0.29771209,0.02664176,1578642407569768,252467120522, HMD, -0.06997, 1.16895, 0.40360, 0.01380, 0.01556, -0.99968, -0.01408
3771872,1578642407579532,1,1,1,1,0,0,0,1,1,0,0.14125061,-0.39982605,0.90562439,0.0,0.0,0.0,33.43281555,-0.1672821,-29.95332336,0.0,0.0,0.0,0,0.0,3.45513916,3.45513916,0.29771209,0.02664176,1578642407586700,252467289856, HMD, -0.07000, 1.16899, 0.40360, 0.01367, 0.01572, -0.99968, -0.01413
3771881,1578642407583700,1,1,1,1,0,0,0,1,1,0,0.15803528,-0.40362549,0.90115356,0.0,0.0,0.0,33.45046997,-0.14283752,-30.1321106,0.0,0.0,0.0,0,0.0,3.68908691,3.68908691,0.29771209,0.02664176,1578642407586700,252467289856, HMD, -0.07000, 1.16899, 0.40360, 0.01367, 0.01572, -0.99968, -0.01413
3771881,1578642407587647,1,1,1,1,0,0,0,1,1,0,0.15803528,-0.40362549,0.90115356,0.0,0.0,0.0,33.45046997,-0.14283752,-30.1321106,0.0,0.0,0.0,0,0.0,3.68908691,3.68908691,0.29771209,0.02664176,1578642407587598,252467298820, HMD, -0.07001, 1.16899, 0.40360, 0.01366, 0.01573, -0.99968, -0.01413
3771889,1578642407591651,1,1,1,1,0,0,0,1,1,0,0.14862061,-0.36192322,0.92027283,0.0,0.0,0.0,33.46688843,-0.22645569,-29.87113953,0.0,0.0,0.0,0,0.0,4.02125549,4.02125549,0.32420731,0.03938943,1578642407590097,252467323817, HMD, -0.07002, 1.16899, 0.40360, 0.01364, 0.01572, -0.99968, -0.01415
3771889,1578642407595640,1,1,1,1,0,0,0,1,1,0,0.14862061,-0.36192322,0.92027283,0.0,0.0,0.0,33.46688843,-0.22645569,-29.87113953,0.0,0.0,0.0,0,0.0,4.02125549,4.02125549,0.32420731,0.03938943,1578642407600020,252467423052, HMD, -0.07004, 1.16901, 0.40357, 0.01356, 0.01579, -0.99968, -0.01415
3771897,1578642407599638,1,1,1,1,0,0,0,1,1,0,0.16366577,-0.33959961,0.9262085,0.0,0.0,0.0,33.4866333,-0.20457458,-29.91023254,0.0,0.0,0.0,0,0.0,3.96704102,3.96704102,0.32420731,0.03938943,1578642407600020,252467423052, HMD, -0.07004, 1.16901, 0.40357, 0.01356, 0.01579, -0.99968, -0.01415
3771897,1578642407603636,1,1,1,1,0,0,0,1,1,0,0.16366577,-0.33959961,0.9262085,0.0,0.0,0.0,33.4866333,-0.20457458,-29.91023254,0.0,0.0,0.0,0,0.0,3.96704102,3.96704102,0.32420731,0.03938943,1578642407603594,252467458786, HMD, -0.07005, 1.16901, 0.40357, 0.01354, 0.01581, -0.99968, -0.01416
3771906,1578642407607643,1,1,1,1,0,0,0,1,1,0,0.15763855,-0.309021,0.93789673,0.0,0.0,0.0,33.49824524,-0.17785645,-29.96865845,0.0,0.0,0.0,0,0.0,4.31446838,4.31446838,0.35548413,0.02251151,1578642407603594,252467458786, HMD, -0.07005, 1.16901, 0.40357, 0.01354, 0.01581, -0.99968, -0.01416
3771906,1578642407611645,1,1,1,1,0,0,0,1,1,0,0.15763855,-0.309021,0.93789673,0.0,0.0,0.0,33.49824524,-0.17785645,-29.96865845,0.0,0.0,0.0,0,0.0,4.31446838,4.31446838,0.35548413,0.02251151,1578642407618214,252467604991, HMD, -0.07007, 1.16903, 0.40356, 0.01345, 0.01586, -0.99968, -0.01417
3771914,1578642407617643,1,1,1,1,0,0,0,1,1,0,0.16395569,-0.34075928,0.92573547,0.0,0.0,0.0,33.50646973,-0.11837769,-30.16578674,0.0,0.0,0.0,0,0.0,4.02223206,4.02223206,0.35548413,0.02251151,1578642407618214,252467604991, HMD, -0.07007, 1.16903, 0.40356, 0.01345, 0.01586, -0.99968, -0.01417
3771922,1578642407621649,1,1,1,1,0,0,0,1,1,0,0.15739441,-0.34454346,0.92547607,0.0,0.0,0.0,33.50889587,-0.10838318,-30.19795227,0.0,0.0,0.0,0,0.0,4.1756897,4.1756897,0.3662183,0.02021192,1578642407621392,252467636768, HMD, -0.07008, 1.16904, 0.40356, 0.01346, 0.01586, -0.99968, -0.01417
3771922,1578642407625637,1,1,1,1,0,0,0,1,1,0,0.15739441,-0.34454346,0.92547607,0.0,0.0,0.0,33.50889587,-0.10838318,-30.19795227,0.0,0.0,0.0,0,0.0,4.1756897,4.1756897,0.3662183,0.02021192,1578642407621392,252467636768, HMD, -0.07008, 1.16904, 0.40356, 0.01346, 0.01586, -0.99968, -0.01417
3771922,1578642407629638,1,1,1,1,0,0,0,1,1,0,0.15739441,-0.34454346,0.92547607,0.0,0.0,0.0,33.50889587,-0.10838318,-30.19795227,0.0,0.0,0.0,0,0.0,4.1756897,4.1756897,0.3662183,0.02021192,1578642407630559,252467728437, HMD, -0.07012, 1.16905, 0.40354, 0.01343, 0.01587, -0.99968, -0.01418
3771931,1578642407633619,1,1,1,1,0,0,0,1,1,0,0.13497925,-0.34555054,0.92863464,0.0,0.0,0.0,33.50924683,-0.11521912,-30.16482544,0.0,0.0,0.0,0,0.0,4.16278076,4.16278076,0.3662183,0.02021192,1578642407633692,252467759763, HMD, -0.07010, 1.16907, 0.40353, 0.01344, 0.01588, -0.99968, -0.01418
3771931,1578642407637626,1,1,1,1,0,0,0,1,1,0,0.13497925,-0.34555054,0.92863464,0.0,0.0,0.0,33.50924683,-0.11521912,-30.16482544,0.0,0.0,0.0,0,0.0,4.16278076,4.16278076,0.3662183,0.02021192,1578642407633820,252467761046, HMD, -0.07010, 1.16907, 0.40353, 0.01344, 0.01588, -0.99968, -0.01418
3771939,1578642407641623,1,1,1,1,0,0,0,1,1,0,0.17190552,-0.36686707,0.91424561,0.0,0.0,0.0,33.51081848,-0.07252502,-30.31861877,0.0,0.0,0.0,0,0.0,4.06222534,4.06222534,0.35866681,0.04195735,1578642407642177,252467844619, HMD, -0.07012, 1.16907, 0.40352, 0.01343, 0.01585, -0.99968, -0.01417
3771947,1578642407650642,1,1,1,1,0,0,0,1,1,0,0.15945435,-0.36340332,0.9178772,0.0,0.0,0.0,33.51083374,-0.06463623,-30.35667419,0.0,0.0,0.0,0,0.0,4.01329041,4.01329041,0.35866681,0.04195735,1578642407653564,252467958493, HMD, -0.07014, 1.16907, 0.40353, 0.01342, 0.01580, -0.99968, -0.01417
3771947,1578642407654632,1,1,1,1,0,0,0,1,1,0,0.15945435,-0.36340332,0.9178772,0.0,0.0,0.0,33.51083374,-0.06463623,-30.35667419,0.0,0.0,0.0,0,0.0,4.01329041,4.01329041,0.35866681,0.04195735,1578642407654636,252467969200, HMD, -0.07014, 1.16907, 0.40353, 0.01342, 0.01580, -0.99968, -0.01417
3771956,1578642407658630,1,1,1,1,0,0,0,1,1,0,0.15188599,-0.37765503,0.91339111,0.0,0.0,0.0,33.51106262,-0.06988525,-30.32797241,0.0,0.0,0.0,0,0.0,3.82254028,3.82254028,0.34226978,0.04911645,1578642407657458,252467997424, HMD, -0.07015, 1.16907, 0.40353, 0.01341, 0.01579, -0.99968, -0.01417
3771956,1578642407662624,1,1,1,1,0,0,0,1,1,0,0.15188599,-0.37765503,0.91339111,0.0,0.0,0.0,33.51106262,-0.06988525,-30.32797241,0.0,0.0,0.0,0,0.0,3.82254028,3.82254028,0.34226978,0.04911645,1578642407665135,252468074191, HMD, -0.07017, 1.16906, 0.40352, 0.01339, 0.01577, -0.99969, -0.01416
3771964,1578642407666620,1,1,1,1,0,0,0,1,1,0,0.15968323,-0.3734436,0.91378784,0.0,0.0,0.0,33.51083374,-0.07157898,-30.29927063,0.0,0.0,0.0,0,0.0,4.01010132,4.01010132,0.34226978,0.04911645,1578642407666625,252468089089, HMD, -0.07017, 1.16905, 0.40352, 0.01339, 0.01576, -0.99969, -0.01417
3771964,1578642407670616,1,1,1,1,0,0,0,1,1,0,0.15968323,-0.3734436,0.91378784,0.0,0.0,0.0,33.51083374,-0.07157898,-30.29927063,0.0,0.0,0.0,0,0.0,4.01010132,4.01010132,0.34226978,0.04911645,1578642407668552,252468108361, HMD, -0.07017, 1.16905, 0.40351, 0.01338, 0.01576, -0.99969, -0.01417
3771972,1578642407674644,1,1,1,1,0,0,0,1,1,0,0.16247559,-0.36830139,0.91539001,0.0,0.0,0.0,33.51106262,-0.06811523,-30.32797241,0.0,0.0,0.0,0,0.0,4.01243591,4.01243591,0.35118085,0.04953883,1578642407679420,252468217047, HMD, -0.07022, 1.16904, 0.40351, 0.01337, 0.01579, -0.99969, -0.01418
3771981,1578642407684607,1,1,1,1,0,0,0,1,1,0,0.13580322,-0.34764099,0.92773438,0.0,0.0,0.0,33.51528931,-0.02297974,-30.40267944,0.0,0.0,0.0,0,0.0,4.19758606,4.19758606,0.35118085,0.04953883,1578642407682616,252468249006, HMD, -0.07023, 1.16903, 0.40350, 0.01336, 0.01579, -0.99969, -0.01417
3771981,1578642407688604,1,1,1,1,0,0,0,1,1,0,0.13580322,-0.34764099,0.92773438,0.0,0.0,0.0,33.51528931,-0.02297974,-30.40267944,0.0,0.0,0.0,0,0.0,4.19758606,4.19758606,0.35118085,0.04953883,1578642407691984,252468342690, HMD, -0.07025, 1.16902, 0.40349, 0.01334, 0.01582, -0.99969, -0.01420
3771989,1578642407692603,1,1,1,1,0,0,0,1,1,0,0.17221069,-0.31690979,0.93267822,0.0,0.0,0.0,33.54708862,-0.02192688,-30.43109131,0.0,0.0,0.0,0,0.0,4.3547821,4.3547821,0.37234199,0.00984284,1578642407692563,252468348471, HMD, -0.07024, 1.16901, 0.40348, 0.01332, 0.01583, -0.99969, -0.01419
3771989,1578642407696668,1,1,1,1,0,0,0,1,1,0,0.17221069,-0.31690979,0.93267822,0.0,0.0,0.0,33.54708862,-0.02192688,-30.43109131,0.0,0.0,0.0,0,0.0,4.3547821,4.3547821,0.37234199,0.00984284,1578642407695098,252468373827, HMD, -0.07023, 1.16902, 0.40346, 0.01334, 0.01585, -0.99968, -0.01419
3771997,1578642407700599,1,1,1,1,0,0,0,1,1,0,0.16210938,-0.36231995,0.91783142,0.0,0.0,0.0,33.54431152,0.03016663,-30.57618713,0.0,0.0,0.0,0,0.0,4.04551697,4.04551697,0.37234199,0.00984284,1578642407705059,252468473440, HMD, -0.07025, 1.16902, 0.40344, 0.01334, 0.01589, -0.99968, -0.01420
3771997,1578642407704599,1,1,1,1,0,0,0,1,1,0,0.16210938,-0.36231995,0.91783142,0.0,0.0,0.0,33.54431152,0.03016663,-30.57618713,0.0,0.0,0.0,0,0.0,4.04551697,4.04551697,0.37234199,0.00984284,1578642407705059,252468473440, HMD, -0.07025, 1.16902, 0.40344, 0.01334, 0.01589, -0.99968, -0.01420
3772006,1578642407708616,1,1,1,1,0,0,0,1,1,0,0.16914368,-0.38160706,0.90870667,0.0,0.0,0.0,33.53575134,0.03865051,-30.53855896,0.0,0.0,0.0,0,0.0,4.02003479,4.02003479,0.36544228,0.02754852,1578642407708489,252468507732, HMD, -0.07027, 1.16902, 0.40343, 0.01335, 0.01590, -0.99968, -0.01420
3772014,1578642407718627,1,1,1,1,0,0,0,1,1,0,0.15992737,-0.33328247,0.92915344,0.0,0.0,0.0,33.53671265,0.15063477,-30.91143799,0.0,0.0,0.0,0,0.0,4.31381226,4.31381226,0.36544228,0.02754852,1578642407720235,252468625208, HMD, -0.07029, 1.16904, 0.40341, 0.01335, 0.01597, -0.99968, -0.01415
3772022,1578642407722610,1,1,1,1,0,0,0,1,1,0,0.1177063,-0.31170654,0.94284058,0.0,0.0,0.0,33.6491394,1.21153259,-34.7159729,0.0,0.0,0.0,0,0.0,4.1169281,4.1169281,0.31159216,0.05054513,1578642407722631,252468649152, HMD, -0.07030, 1.16904, 0.40340, 0.01336, 0.01598, -0.99968, -0.01414
3772022,1578642407725742,1,1,1,1,0,0,0,1,1,0,0.1177063,-0.31170654,0.94284058,0.0,0.0,0.0,33.6491394,1.21153259,-34.7159729,0.0,0.0,0.0,0,0.0,4.1169281,4.1169281,0.31159216,0.05054513,1578642407723402,252468656859, HMD, -0.07030, 1.16904, 0.40340, 0.01336, 0.01599, -0.99968, -0.01414
3772031,1578642407729452,1,1,1,1,0,0,0,1,1,0,0.17880249,-0.33856201,0.92378235,0.0,0.0,0.0,33.57113647,-0.06280518,-30.11857605,0.0,0.0,0.0,0,0.0,4.16093445,4.16093445,0.31159216,0.05054513,1578642407732912,252468751971, HMD, -0.07031, 1.16905, 0.40339, 0.01335, 0.01602, -0.99968, -0.01405
3772031,1578642407732807,1,1,1,1,0,0,0,1,1,0,0.17880249,-0.33856201,0.92378235,0.0,0.0,0.0,33.57113647,-0.06280518,-30.11857605,0.0,0.0,0.0,0,0.0,4.16093445,4.16093445,0.31159216,0.05054513,1578642407732912,252468751971, HMD, -0.07031, 1.16905, 0.40339, 0.01335, 0.01602, -0.99968, -0.01405
3772031,1578642407736811,1,1,1,1,0,0,0,1,1,0,0.17880249,-0.33856201,0.92378235,0.0,0.0,0.0,33.57113647,-0.06280518,-30.11857605,0.0,0.0,0.0,0,0.0,4.16093445,4.16093445,0.31159216,0.05054513,1578642407736372,252468786561, HMD, -0.07032, 1.16906, 0.40339, 0.01334, 0.01603, -0.99968, -0.01402
3772039,1578642407740803,1,1,1,1,0,0,0,1,1,0,0.16876221,-0.31303406,0.93461609,0.0,0.0,0.0,33.57801819,0.01564026,-30.47956848,0.0,0.0,0.0,0,0.0,4.39195251,4.39195251,0.26578772,0.0565254,1578642407736372,252468786561, HMD, -0.07032, 1.16906, 0.40339, 0.01334, 0.01603, -0.99968, -0.01402
3772039,1578642407744782,1,1,1,1,0,0,0,1,1,0,0.16876221,-0.31303406,0.93461609,0.0,0.0,0.0,33.57801819,0.01564026,-30.47956848,0.0,0.0,0.0,0,0.0,4.39195251,4.39195251,0.26578772,0.0565254,1578642407746825,252468891108, HMD, -0.07035, 1.16910, 0.40338, 0.01330, 0.01607, -0.99969, -0.01391
3772047,1578642407748782,1,1,1,1,0,0,0,1,1,0,0.13198853,-0.34011841,0.93106079,0.0,0.0,0.0,33.61607361,0.79574585,-33.21392822,0.0,0.0,0.0,0,0.0,4.17012024,4.17012024,0.26578772,0.0565254,1578642407748772,252468910563, HMD, -0.07035, 1.16910, 0.40338, 0.01330, 0.01608, -0.99969, -0.01388
3772047,1578642407752791,1,1,1,1,0,0,0,1,1,0,0.13198853,-0.34011841,0.93106079,0.0,0.0,0.0,33.61607361,0.79574585,-33.21392822,0.0,0.0,0.0,0,0.0,4.17012024,4.17012024,0.26578772,0.0565254,1578642407751165,252468934493, HMD, -0.07036, 1.16911, 0.40338, 0.01329, 0.01609, -0.99969, -0.01385
3772056,1578642407756781,1,1,1,1,0,0,0,1,1,0,0.12265015,-0.35505676,0.92675781,0.0,0.0,0.0,33.64289856,1.21162415,-34.68748474,0.0,0.0,0.0,0,0.0,3.93423462,3.93423462,0.27090567,0.0772051,1578642407759216,252469015015, HMD, -0.07039, 1.16912, 0.40339, 0.01326, 0.01613, -0.99969, -0.01375
3772064,1578642407762781,1,1,1,1,0,0,0,1,1,0,0.11505127,-0.34892273,0.93005371,0.0,0.0,0.0,33.65994263,1.78620911,-36.61747742,0.0,0.0,0.0,0,0.0,3.97737122,3.97737122,0.27090567,0.0772051,1578642407762375,252469046592, HMD, -0.07040, 1.16914, 0.40339, 0.01324, 0.01615, -0.99969, -0.01371
3772064,1578642407766783,1,1,1,1,0,0,0,1,1,0,0.11505127,-0.34892273,0.93005371,0.0,0.0,0.0,33.65994263,1.78620911,-36.61747742,0.0,0.0,0.0,0,0.0,3.97737122,3.97737122,0.27090567,0.0772051,1578642407762375,252469046592, HMD, -0.07040, 1.16914, 0.40339, 0.01324, 0.01615, -0.99969, -0.01371
3772064,1578642407771778,1,1,1,1,0,0,0,1,1,0,0.11505127,-0.34892273,0.93005371,0.0,0.0,0.0,33.65994263,1.78620911,-36.61747742,0.0,0.0,0.0,0,0.0,3.97737122,3.97737122,0.27090567,0.0772051,1578642407772083,252469143702, HMD, -0.07039, 1.16917, 0.40340, 0.01321, 0.01616, -0.99969, -0.01355
3772072,1578642407775773,1,1,1,1,0,0,0,1,1,0,0.11019897,-0.31834412,0.94152832,0.0,0.0,0.0,33.65763855,1.4679718,-35.53572083,0.0,0.0,0.0,0,0.0,4.16944885,4.16944885,0.29818016,0.06028384,1578642407775362,252469176465, HMD, -0.07039, 1.16919, 0.40339, 0.01320, 0.01618, -0.99969, -0.01350
3772081,1578642407780786,1,1,1,1,0,0,0,1,1,0,0.16271973,-0.33746338,0.92715454,0.0,0.0,0.0,33.58570862,-0.01991272,-30.41821289,0.0,0.0,0.0,0,0.0,4.31591797,4.31591797,0.29818016,0.06028384,1578642407775362,252469176465, HMD, -0.07039, 1.16919, 0.40339, 0.01320, 0.01618, -0.99969, -0.01350
3772081,1578642407784767,1,1,1,1,0,0,0,1,1,0,0.16271973,-0.33746338,0.92715454,0.0,0.0,0.0,33.58570862,-0.01991272,-30.41821289,0.0,0.0,0.0,0,0.0,4.31591797,4.31591797,0.29818016,0.06028384,1578642407789037,252469313227, HMD, -0.07043, 1.16924, 0.40339, 0.01316, 0.01623, -0.99969, -0.01327
3772089,1578642407789770,1,1,1,1,0,0,0,1,1,0,0.15769958,-0.33984375,0.92715454,0.0,0.0,0.0,33.60630798,-0.15577698,-30.12371826,0.0,0.0,0.0,0,0.0,4.29188538,4.29188538,0.26414776,0.07575507,1578642407789714,252469319986, HMD, -0.07043, 1.16924, 0.40339, 0.01316, 0.01624, -0.99969, -0.01326
3772089,1578642407793774,1,1,1,1,0,0,0,1,1,0,0.15769958,-0.33984375,0.92715454,0.0,0.0,0.0,33.60630798,-0.15577698,-30.12371826,0.0,0.0,0.0,0,0.0,4.29188538,4.29188538,0.26414776,0.07575507,1578642407793377,252469356615, HMD, -0.07043, 1.16925, 0.40337, 0.01316, 0.01624, -0.99969, -0.01318
3772097,1578642407797758,1,1,1,1,0,0,0,1,1,0,0.19812012,-0.3609314,0.91130066,0.0,0.0,0.0,33.60539246,-0.02462769,-30.41949463,0.0,0.0,0.0,0,0.0,4.20413208,4.20413208,0.26414776,0.07575507,1578642407801313,252469435981, HMD, -0.07045, 1.16928, 0.40337, 0.01316, 0.01624, -0.99970, -0.01306
3772097,1578642407801750,1,1,1,1,0,0,0,1,1,0,0.19812012,-0.3609314,0.91130066,0.0,0.0,0.0,33.60539246,-0.02462769,-30.41949463,0.0,0.0,0.0,0,0.0,4.20413208,4.20413208,0.26414776,0.07575507,1578642407801759,252469440430, HMD, -0.07046, 1.16928, 0.40337, 0.01316, 0.01624, -0.99970, -0.01305
3772106,1578642407805756,0,0,1,1,0,0,0,1,1,0,0.0,0.0,0.0,0.0,0.0,0.0,0.0,0.0,0.0,0.0,0.0,0.0,0,0.0,-1.0,-1.0,0.2246829,0.05240418,1578642407805385,252469476698, HMD, -0.07047, 1.16929, 0.40336, 0.01315, 0.01624, -0.99970, -0.01301
3772106,1578642407810755,0,0,1,1,0,0,0,1,1,0,0.0,0.0,0.0,0.0,0.0,0.0,0.0,0.0,0.0,0.0,0.0,0.0,0,0.0,-1.0,-1.0,0.2246829,0.05240418,1578642407805385,252469476698, HMD, -0.07047, 1.16929, 0.40336, 0.01315, 0.01624, -0.99970, -0.01301
3772114,1578642407814800,0,0,1,1,0,0,0,1,1,0,0.0,0.0,0.0,0.0,0.0,0.0,0.0,0.0,0.0,0.0,0.0,0.0,0,0.0,-1.0,-1.0,0.2246829,0.05240418,1578642407816981,252469592664, HMD, -0.07049, 1.16929, 0.40335, 0.01311, 0.01623, -0.99970, -0.01288
3772114,1578642407819761,0,0,1,1,0,0,0,1,1,0,0.0,0.0,0.0,0.0,0.0,0.0,0.0,0.0,0.0,0.0,0.0,0.0,0,0.0,-1.0,-1.0,0.2246829,0.05240418,1578642407819768,252469620524, HMD, -0.07050, 1.16930, 0.40335, 0.01310, 0.01622, -0.99970, -0.01285
3772122,1578642407823751,0,0,1,1,0,0,0,1,1,0,0.0,0.0,0.0,0.0,0.0,0.0,0.0,0.0,0.0,0.0,0.0,0.0,0,0.0,-1.0,-1.0,0.15749292,0.03782779,1578642407819958,252469622423, HMD, -0.07050, 1.16930, 0.40335, 0.01310, 0.01622, -0.99970, -0.01285
3772122,1578642407827757,0,0,1,1,0,0,0,1,1,0,0.0,0.0,0.0,0.0,0.0,0.0,0.0,0.0,0.0,0.0,0.0,0.0,0,0.0,-1.0,-1.0,0.15749292,0.03782779,1578642407829773,252469720586, HMD, -0.07052, 1.16931, 0.40334, 0.01306, 0.01621, -0.99970, -0.01276
3772131,1578642407831757,0,0,1,1,0,0,0,1,1,0,0.0,0.0,0.0,0.0,0.0,0.0,0.0,0.0,0.0,0.0,0.0,0.0,0,0.0,-1.0,-1.0,0.15749292,0.03782779,1578642407831746,252469740299, HMD, -0.07052, 1.16932, 0.40335, 0.01306, 0.01620, -0.99970, -0.01273
3772131,1578642407835748,0,0,1,1,0,0,0,1,1,0,0.0,0.0,0.0,0.0,0.0,0.0,0.0,0.0,0.0,0.0,0.0,0.0,0,0.0,-1.0,-1.0,0.15749292,0.03782779,1578642407832979,252469752635, HMD, -0.07052, 1.16933, 0.40334, 0.01305, 0.01621, -0.99970, -0.01273
3772139,1578642407839753,0,0,1,1,0,0,0,1,1,0,0.0,0.0,0.0,0.0,0.0,0.0,0.0,0.0,0.0,0.0,0.0,0.0,0,0.0,-1.0,-1.0,0.06609181,0.0,1578642407832979,252469752635, HMD, -0.07052, 1.16933, 0.40334, 0.01305, 0.01621, -0.99970, -0.01273
3772139,1578642407843741,0,0,1,1,0,0,0,1,1,0,0.0,0.0,0.0,0.0,0.0,0.0,0.0,0.0,0.0,0.0,0.0,0.0,0,0.0,-1.0,-1.0,0.06609181,0.0,1578642407850344,252469926334, HMD, -0.07055, 1.16935, 0.40333, 0.01297, 0.01623, -0.99971, -0.01257
3772147,1578642407847777,0,0,1,1,0,0,0,1,1,0,0.0,0.0,0.0,0.0,0.0,0.0,0.0,0.0,0.0,0.0,0.0,0.0,0,0.0,-1.0,-1.0,0.06609181,0.0,1578642407850344,252469926334, HMD, -0.07055, 1.16935, 0.40333, 0.01297, 0.01623, -0.99971, -0.01257
3772147,1578642407851761,0,0,1,1,0,0,0,1,1,0,0.0,0.0,0.0,0.0,0.0,0.0,0.0,0.0,0.0,0.0,0.0,0.0,0,0.0,-1.0,-1.0,0.06609181,0.0,1578642407851792,252469940765, HMD, -0.07054, 1.16936, 0.40333, 0.01296, 0.01623, -0.99971, -0.01256
3772156,1578642407855747,0,0,1,1,0,0,0,1,1,0,0.0,0.0,0.0,0.0,0.0,0.0,0.0,0.0,0.0,0.0,0.0,0.0,0,0.0,-1.0,-1.0,0.0,0.0,1578642407855470,252469977546, HMD, -0.07055, 1.16937, 0.40333, 0.01295, 0.01625, -0.99971, -0.01253
3772164,1578642407869808,1,1,1,1,0,0,0,1,1,0,-0.240448,-0.34040833,0.90899658,0.0,0.0,0.0,34.20861816,0.26245117,-37.83789063,0.0,0.0,0.0,0,0.0,3.68635559,3.68635559,0.0,0.0,1578642407855470,252469977546, HMD, -0.07055, 1.16937, 0.40333, 0.01295, 0.01625, -0.99971, -0.01253
3772172,1578642407873794,0,0,1,1,0,0,0,1,1,0,0.0,0.0,0.0,0.0,0.0,0.0,0.0,0.0,0.0,0.0,0.0,0.0,0,0.0,-1.0,-1.0,0.0,0.0,1578642407884501,252470267899, HMD, -0.07061, 1.16938, 0.40334, 0.01286, 0.01638, -0.99971, -0.01238
3772181,1578642407882822,0,0,1,1,0,0,0,1,1,0,0.0,0.0,0.0,0.0,0.0,0.0,0.0,0.0,0.0,0.0,0.0,0.0,0,0.0,-1.0,-1.0,0.0,0.0,1578642407884501,252470267899, HMD, -0.07061, 1.16938, 0.40334, 0.01286, 0.01638, -0.99971, -0.01238
3772181,1578642407886755,0,0,1,1,0,0,0,1,1,0,0.0,0.0,0.0,0.0,0.0,0.0,0.0,0.0,0.0,0.0,0.0,0.0,0,0.0,-1.0,-1.0,0.0,0.0,1578642407886696,252470289803, HMD, -0.07062, 1.16938, 0.40334, 0.01286, 0.01637, -0.99971, -0.01238
3772197,1578642407899725,0,0,1,1,0,0,0,1,1,0,0.0,0.0,0.0,0.0,0.0,0.0,0.0,0.0,0.0,0.0,0.0,0.0,0,0.0,-1.0,-1.0,0.0,0.0,1578642407890156,252470324404, HMD, -0.07061, 1.16937, 0.40334, 0.01285, 0.01636, -0.99971, -0.01238
3772197,1578642407903796,0,0,1,1,0,0,0,1,1,0,0.0,0.0,0.0,0.0,0.0,0.0,0.0,0.0,0.0,0.0,0.0,0.0,0,0.0,-1.0,-1.0,0.0,0.0,1578642407890156,252470324404, HMD, -0.07061, 1.16937, 0.40334, 0.01285, 0.01636, -0.99971, -0.01238
3772206,1578642407909730,0,0,1,1,0,0,0,1,1,0,0.0,0.0,0.0,0.0,0.0,0.0,0.0,0.0,0.0,0.0,0.0,0.0,0,0.0,-1.0,-1.0,0.0,0.0,1578642407918072,252470603599, HMD, -0.07063, 1.16939, 0.40337, 0.01279, 0.01631, -0.99971, -0.01234
3772214,1578642407913796,0,0,1,1,0,0,0,1,1,0,0.0,0.0,0.0,0.0,0.0,0.0,0.0,0.0,0.0,0.0,0.0,0.0,0,0.0,-1.0,-1.0,0.0,0.0,1578642407918072,252470603599, HMD, -0.07063, 1.16939, 0.40337, 0.01279, 0.01631, -0.99971, -0.01234
3772214,1578642407917743,0,0,1,1,0,0,0,1,1,0,0.0,0.0,0.0,0.0,0.0,0.0,0.0,0.0,0.0,0.0,0.0,0.0,0,0.0,-1.0,-1.0,0.0,0.0,1578642407918072,252470603599, HMD, -0.07063, 1.16939, 0.40337, 0.01279, 0.01631, -0.99971, -0.01234
3772222,1578642407921732,0,0,1,1,0,0,0,1,1,0,0.0,0.0,0.0,0.0,0.0,0.0,0.0,0.0,0.0,0.0,0.0,0.0,0,0.0,-1.0,-1.0,0.0,0.0,1578642407921778,252470640627, HMD, -0.07065, 1.16940, 0.40337, 0.01279, 0.01630, -0.99971, -0.01233
3772222,1578642407925731,0,0,1,1,0,0,0,1,1,0,0.0,0.0,0.0,0.0,0.0,0.0,0.0,0.0,0.0,0.0,0.0,0.0,0,0.0,-1.0,-1.0,0.0,0.0,1578642407922160,252470644459, HMD, -0.07065, 1.16940, 0.40337, 0.01279, 0.01630, -0.99971, -0.01233
3772231,1578642407931769,0,0,1,1,0,0,0,1,1,0,0.0,0.0,0.0,0.0,0.0,0.0,0.0,0.0,0.0,0.0,0.0,0.0,0,0.0,-1.0,-1.0,0.0,0.0,1578642407922160,252470644459, HMD, -0.07065, 1.16940, 0.40337, 0.01279, 0.01630, -0.99971, -0.01233
3772231,1578642407935787,0,0,1,0,0,0,0,1,1,0,0.0,0.0,0.0,0.0,0.0,0.0,0.0,0.0,0.0,0.0,0.0,0.0,0,0.0,-1.0,-1.0,0.0,0.0,1578642407942007,252470842974, HMD, -0.07070, 1.16942, 0.40337, 0.01274, 0.01635, -0.99971, -0.01232
3772239,1578642407940765,0,0,1,0,0,0,0,1,1,0,0.0,0.0,0.0,0.0,0.0,0.0,0.0,0.0,0.0,0.0,0.0,0.0,0,0.0,-1.0,-1.0,0.0,0.0,1578642407942007,252470842974, HMD, -0.07070, 1.16942, 0.40337, 0.01274, 0.01635, -0.99971, -0.01232
3772239,1578642407944832,0,0,1,0,0,0,0,1,1,0,0.0,0.0,0.0,0.0,0.0,0.0,0.0,0.0,0.0,0.0,0.0,0.0,0,0.0,-1.0,-1.0,0.0,0.0,1578642407944782,252470870663, HMD, -0.07070, 1.16943, 0.40337, 0.01274, 0.01635, -0.99971, -0.01232
3772247,1578642407951451,0,0,1,0,0,0,0,1,1,0,0.0,0.0,0.0,0.0,0.0,0.0,0.0,0.0,0.0,0.0,0.0,0.0,0,0.0,-1.0,-1.0,0.0,0.0,1578642407950492,252470927768, HMD, -0.07071, 1.16943, 0.40337, 0.01271, 0.01636, -0.99971, -0.01231
3772256,1578642407955395,0,0,1,1,0,0,0,1,1,0,0.0,0.0,0.0,0.0,0.0,0.0,0.0,0.0,0.0,0.0,0.0,0.0,0,0.0,-1.0,-1.0,0.0,0.0,1578642407950492,252470927768, HMD, -0.07071, 1.16943, 0.40337, 0.01271, 0.01636, -0.99971, -0.01231
3772256,1578642407959368,0,0,1,1,0,0,0,1,1,0,0.0,0.0,0.0,0.0,0.0,0.0,0.0,0.0,0.0,0.0,0.0,0.0,0,0.0,-1.0,-1.0,0.0,0.0,1578642407950492,252470927768, HMD, -0.07071, 1.16943, 0.40337, 0.01271, 0.01636, -0.99971, -0.01231
3772264,1578642407964360,0,0,1,1,0,0,0,1,1,0,0.0,0.0,0.0,0.0,0.0,0.0,0.0,0.0,0.0,0.0,0.0,0.0,0,0.0,-1.0,-1.0,0.0,0.0,1578642407971213,252471135007, HMD, -0.07074, 1.16946, 0.40340, 0.01264, 0.01644, -0.99971, -0.01221
3772264,1578642407968351,0,0,1,1,0,0,0,1,1,0,0.0,0.0,0.0,0.0,0.0,0.0,0.0,0.0,0.0,0.0,0.0,0.0,0,0.0,-1.0,-1.0,0.0,0.0,1578642407971213,252471135007, HMD, -0.07074, 1.16946, 0.40340, 0.01264, 0.01644, -0.99971, -0.01221
3772272,1578642407972359,0,0,1,1,0,0,0,1,1,0,0.0,0.0,0.0,0.0,0.0,0.0,0.0,0.0,0.0,0.0,0.0,0.0,0,0.0,-1.0,-1.0,0.0,0.0,1578642407972363,252471146496, HMD, -0.07075, 1.16945, 0.40341, 0.01264, 0.01645, -0.99971, -0.01220
3772272,1578642407976358,0,0,1,1,0,0,0,1,1,0,0.0,0.0,0.0,0.0,0.0,0.0,0.0,0.0,0.0,0.0,0.0,0.0,0,0.0,-1.0,-1.0,0.0,0.0,1578642407975603,252471178876, HMD, -0.07076, 1.16945, 0.40341, 0.01263, 0.01646, -0.99971, -0.01218
3772272,1578642407980372,0,0,1,1,0,0,0,1,1,0,0.0,0.0,0.0,0.0,0.0,0.0,0.0,0.0,0.0,0.0,0.0,0.0,0,0.0,-1.0,-1.0,0.0,0.0,1578642407975603,252471178876, HMD, -0.07076, 1.16945, 0.40341, 0.01263, 0.01646, -0.99971, -0.01218
3772281,1578642407985360,0,0,1,1,0,0,0,1,1,0,0.0,0.0,0.0,0.0,0.0,0.0,0.0,0.0,0.0,0.0,0.0,0.0,0,0.0,-1.0,-1.0,0.0,0.0,1578642407987861,252471301467, HMD, -0.07079, 1.16947, 0.40342, 0.01260, 0.01651, -0.99971, -0.01208
3772289,1578642407989362,0,0,1,1,0,0,0,1,1,0,0.0,0.0,0.0,0.0,0.0,0.0,0.0,0.0,0.0,0.0,0.0,0.0,0,0.0,-1.0,-1.0,0.0,0.0,1578642407989415,252471317000, HMD, -0.07079, 1.16948, 0.40342, 0.01260, 0.01652, -0.99971, -0.01207
3772289,1578642407993363,0,0,1,1,0,0,0,1,1,0,0.0,0.0,0.0,0.0,0.0,0.0,0.0,0.0,0.0,0.0,0.0,0.0,0,0.0,-1.0,-1.0,0.0,0.0,1578642407992620,252471349049, HMD, -0.07079, 1.16949, 0.40343, 0.01259, 0.01653, -0.99971, -0.01203
3772297,1578642407998361,0,0,1,1,0,0,0,1,1,0,0.0,0.0,0.0,0.0,0.0,0.0,0.0,0.0,0.0,0.0,0.0,0.0,0,0.0,-1.0,-1.0,0.0,0.0,1578642407992620,252471349049, HMD, -0.07079, 1.16949, 0.40343, 0.01259, 0.01653, -0.99971, -0.01203
3772297,1578642408002372,0,0,1,1,0,0,0,1,1,0,0.0,0.0,0.0,0.0,0.0,0.0,0.0,0.0,0.0,0.0,0.0,0.0,0,0.0,-1.0,-1.0,0.0,0.0,1578642407992620,252471349049, HMD, -0.07079, 1.16949, 0.40343, 0.01259, 0.01653, -0.99971, -0.01203
3772306,1578642408006353,0,0,1,0,0,0,0,1,1,0,0.0,0.0,0.0,0.0,0.0,0.0,0.0,0.0,0.0,0.0,0.0,0.0,0,0.0,-1.0,-1.0,0.0,0.0,1578642408019055,252471613457, HMD, -0.07083, 1.16953, 0.40342, 0.01256, 0.01663, -0.99971, -0.01180
3772306,1578642408010353,0,0,1,0,0,0,0,1,1,0,0.0,0.0,0.0,0.0,0.0,0.0,0.0,0.0,0.0,0.0,0.0,0.0,0,0.0,-1.0,-1.0,0.0,0.0,1578642408019055,252471613457, HMD, -0.07083, 1.16953, 0.40342, 0.01256, 0.01663, -0.99971, -0.01180
3772314,1578642408014343,0,0,1,0,0,0,0,1,1,0,0.0,0.0,0.0,0.0,0.0,0.0,0.0,0.0,0.0,0.0,0.0,0.0,0,0.0,-1.0,-1.0,0.0,0.0,1578642408019055,252471613457, HMD, -0.07083, 1.16953, 0.40342, 0.01256, 0.01663, -0.99971, -0.01180
3772314,1578642408020343,0,0,1,1,0,0,0,1,1,0,0.0,0.0,0.0,0.0,0.0,0.0,0.0,0.0,0.0,0.0,0.0,0.0,0,0.0,-1.0,-1.0,0.0,0.0,1578642408020379,252471626633, HMD, -0.07084, 1.16953, 0.40342, 0.01256, 0.01663, -0.99971, -0.01179
3772322,1578642408024385,0,0,1,1,0,0,0,1,1,0,0.0,0.0,0.0,0.0,0.0,0.0,0.0,0.0,0.0,0.0,0.0,0.0,0,0.0,-1.0,-1.0,0.0,0.0,1578642408022298,252471645825, HMD, -0.07084, 1.16953, 0.40342, 0.01255, 0.01664, -0.99971, -0.01178
3772331,1578642408032333,0,0,1,1,0,0,0,1,1,0,0.0,0.0,0.0,0.0,0.0,0.0,0.0,0.0,0.0,0.0,0.0,0.0,0,0.0,-1.0,-1.0,0.0,0.0,1578642408022298,252471645825, HMD, -0.07084, 1.16953, 0.40342, 0.01255, 0.01664, -0.99971, -0.01178
3772331,1578642408036336,0,0,1,1,0,0,0,1,1,0,0.0,0.0,0.0,0.0,0.0,0.0,0.0,0.0,0.0,0.0,0.0,0.0,0,0.0,-1.0,-1.0,0.0,0.0,1578642408045405,252471876928, HMD, -0.07092, 1.16954, 0.40341, 0.01243, 0.01667, -0.99972, -0.01171
3772339,1578642408040344,0,0,1,1,0,0,0,1,1,0,0.0,0.0,0.0,0.0,0.0,0.0,0.0,0.0,0.0,0.0,0.0,0.0,0,0.0,-1.0,-1.0,0.0,0.0,1578642408045405,252471876928, HMD, -0.07092, 1.16954, 0.40341, 0.01243, 0.01667, -0.99972, -0.01171
3772339,1578642408044344,0,0,1,1,0,0,0,1,1,0,0.0,0.0,0.0,0.0,0.0,0.0,0.0,0.0,0.0,0.0,0.0,0.0,0,0.0,-1.0,-1.0,0.0,0.0,1578642408045405,252471876928, HMD, -0.07092, 1.16954, 0.40341, 0.01243, 0.01667, -0.99972, -0.01171
3772347,1578642408048347,0,0,1,1,0,0,0,1,1,0,0.0,0.0,0.0,0.0,0.0,0.0,0.0,0.0,0.0,0.0,0.0,0.0,0,0.0,-1.0,-1.0,0.0,0.0,1578642408048386,252471906700, HMD, -0.07091, 1.16953, 0.40341, 0.01241, 0.01666, -0.99972, -0.01171
3772347,1578642408053329,0,0,1,1,0,0,0,1,1,0,0.0,0.0,0.0,0.0,0.0,0.0,0.0,0.0,0.0,0.0,0.0,0.0,0,0.0,-1.0,-1.0,0.0,0.0,1578642408049186,252471914700, HMD, -0.07092, 1.16953, 0.40341, 0.01241, 0.01666, -0.99972, -0.01170
3772356,1578642408057418,0,0,1,1,0,0,0,1,1,0,0.0,0.0,0.0,0.0,0.0,0.0,0.0,0.0,0.0,0.0,0.0,0.0,0,0.0,-1.0,-1.0,0.0,0.0,1578642408049186,252471914700, HMD, -0.07092, 1.16953, 0.40341, 0.01241, 0.01666, -0.99972, -0.01170
3772356,1578642408061322,0,0,1,1,0,0,0,1,1,0,0.0,0.0,0.0,0.0,0.0,0.0,0.0,0.0,0.0,0.0,0.0,0.0,0,0.0,-1.0,-1.0,0.0,0.0,1578642408068999,252472112897, HMD, -0.07090, 1.16954, 0.40343, 0.01232, 0.01665, -0.99972, -0.01162
3772364,1578642408066327,0,0,1,1,0,0,0,1,1,0,0.0,0.0,0.0,0.0,0.0,0.0,0.0,0.0,0.0,0.0,0.0,0.0,0,0.0,-1.0,-1.0,0.0,0.0,1578642408068999,252472112897, HMD, -0.07090, 1.16954, 0.40343, 0.01232, 0.01665, -0.99972, -0.01162
3772372,1578642408070337,0,0,1,0,0,0,0,1,1,0,0.0,0.0,0.0,0.0,0.0,0.0,0.0,0.0,0.0,0.0,0.0,0.0,0,0.0,-1.0,-1.0,0.0,0.0,1578642408070288,252472125721, HMD, -0.07088, 1.16955, 0.40344, 0.01232, 0.01665, -0.99972, -0.01161
3772372,1578642408074327,0,0,1,0,0,0,0,1,1,0,0.0,0.0,0.0,0.0,0.0,0.0,0.0,0.0,0.0,0.0,0.0,0.0,0,0.0,-1.0,-1.0,0.0,0.0,1578642408072990,252472152739, HMD, -0.07088, 1.16955, 0.40344, 0.01231, 0.01667, -0.99972, -0.01160
3772381,1578642408078336,0,0,1,0,0,0,0,1,0,0,0.0,0.0,0.0,0.0,0.0,0.0,0.0,0.0,0.0,0.0,0.0,0.0,0,0.0,-1.0,-1.0,0.0,0.0,1578642408072990,252472152739, HMD, -0.07088, 1.16955, 0.40344, 0.01231, 0.01667, -0.99972, -0.01160
3772381,1578642408082324,0,0,1,0,0,0,0,1,0,0,0.0,0.0,0.0,0.0,0.0,0.0,0.0,0.0,0.0,0.0,0.0,0.0,0,0.0,-1.0,-1.0,0.0,0.0,1578642408091658,252472339468, HMD, -0.07086, 1.16954, 0.40344, 0.01228, 0.01668, -0.99972, -0.01156
3772389,1578642408087328,0,0,1,1,0,0,0,1,0,0,0.0,0.0,0.0,0.0,0.0,0.0,0.0,0.0,0.0,0.0,0.0,0.0,0,0.0,-1.0,-1.0,0.0,0.0,1578642408091658,252472339468, HMD, -0.07086, 1.16954, 0.40344, 0.01228, 0.01668, -0.99972, -0.01156
3772389,1578642408091321,0,0,1,1,0,0,0,1,0,0,0.0,0.0,0.0,0.0,0.0,0.0,0.0,0.0,0.0,0.0,0.0,0.0,0,0.0,-1.0,-1.0,0.0,0.0,1578642408091658,252472339468, HMD, -0.07086, 1.16954, 0.40344, 0.01228, 0.01668, -0.99972, -0.01156
3772389,1578642408095317,0,0,1,1,0,0,0,1,0,0,0.0,0.0,0.0,0.0,0.0,0.0,0.0,0.0,0.0,0.0,0.0,0.0,0,0.0,-1.0,-1.0,0.0,0.0,1578642408094973,252472372570, HMD, -0.07086, 1.16955, 0.40344, 0.01227, 0.01670, -0.99972, -0.01155
3772397,1578642408099308,0,0,1,1,0,0,0,1,1,0,0.0,0.0,0.0,0.0,0.0,0.0,0.0,0.0,0.0,0.0,0.0,0.0,0,0.0,-1.0,-1.0,0.0,0.0,1578642408094973,252472372570, HMD, -0.07086, 1.16955, 0.40344, 0.01227, 0.01670, -0.99972, -0.01155
3772397,1578642408103357,0,0,1,1,0,0,0,1,1,0,0.0,0.0,0.0,0.0,0.0,0.0,0.0,0.0,0.0,0.0,0.0,0.0,0,0.0,-1.0,-1.0,0.0,0.0,1578642408094973,252472372570, HMD, -0.07086, 1.16955, 0.40344, 0.01227, 0.01670, -0.99972, -0.01155
3772406,1578642408109323,0,0,1,1,0,0,0,1,1,0,0.0,0.0,0.0,0.0,0.0,0.0,0.0,0.0,0.0,0.0,0.0,0.0,0,0.0,-1.0,-1.0,0.0,0.0,1578642408117708,252472599954, HMD, -0.07084, 1.16949, 0.40344, 0.01222, 0.01673, -0.99972, -0.01153
3772414,1578642408113316,0,0,1,1,0,0,0,1,1,0,0.0,0.0,0.0,0.0,0.0,0.0,0.0,0.0,0.0,0.0,0.0,0.0,0,0.0,-1.0,-1.0,0.0,0.0,1578642408117708,252472599954, HMD, -0.07084, 1.16949, 0.40344, 0.01222, 0.01673, -0.99972, -0.01153
3772414,1578642408118315,0,0,1,1,0,0,0,1,1,0,0.0,0.0,0.0,0.0,0.0,0.0,0.0,0.0,0.0,0.0,0.0,0.0,0,0.0,-1.0,-1.0,0.0,0.0,1578642408118344,252472606290, HMD, -0.07084, 1.16949, 0.40344, 0.01222, 0.01673, -0.99972, -0.01153
3772422,1578642408122313,0,0,1,0,0,0,0,1,1,0,0.0,0.0,0.0,0.0,0.0,0.0,0.0,0.0,0.0,0.0,0.0,0.0,0,0.0,-1.0,-1.0,0.0,0.0,1578642408120813,252472630972, HMD, -0.07084, 1.16949, 0.40344, 0.01222, 0.01673, -0.99972, -0.01153
3772422,1578642408126316,0,0,1,0,0,0,0,1,1,0,0.0,0.0,0.0,0.0,0.0,0.0,0.0,0.0,0.0,0.0,0.0,0.0,0,0.0,-1.0,-1.0,0.0,0.0,1578642408120813,252472630972, HMD, -0.07084, 1.16949, 0.40344, 0.01222, 0.01673, -0.99972, -0.01153
3772431,1578642408130305,0,0,1,0,0,0,0,1,1,0,0.0,0.0,0.0,0.0,0.0,0.0,0.0,0.0,0.0,0.0,0.0,0.0,0,0.0,-1.0,-1.0,0.0,0.0,1578642408132575,252472748612, HMD, -0.07082, 1.16951, 0.40345, 0.01218, 0.01676, -0.99972, -0.01150
3772431,1578642408134312,0,0,1,0,0,0,0,1,1,0,0.0,0.0,0.0,0.0,0.0,0.0,0.0,0.0,0.0,0.0,0.0,0.0,0,0.0,-1.0,-1.0,0.0,0.0,1578642408134171,252472764632, HMD, -0.07082, 1.16951, 0.40345, 0.01219, 0.01675, -0.99972, -0.01150
3772439,1578642408140318,0,0,1,1,0,0,0,1,1,0,0.0,0.0,0.0,0.0,0.0,0.0,0.0,0.0,0.0,0.0,0.0,0.0,0,0.0,-1.0,-1.0,0.0,0.0,1578642408138664,252472809480, HMD, -0.07082, 1.16951, 0.40345, 0.01218, 0.01676, -0.99972, -0.01148
3772439,1578642408144345,0,0,1,1,0,0,0,1,1,0,0.0,0.0,0.0,0.0,0.0,0.0,0.0,0.0,0.0,0.0,0.0,0.0,0,0.0,-1.0,-1.0,0.0,0.0,1578642408138664,252472809480, HMD, -0.07082, 1.16951, 0.40345, 0.01218, 0.01676, -0.99972, -0.01148
3772447,1578642408151307,0,0,1,1,0,0,0,1,1,0,0.0,0.0,0.0,0.0,0.0,0.0,0.0,0.0,0.0,0.0,0.0,0.0,0,0.0,-1.0,-1.0,0.0,0.0,1578642408162840,252473051263, HMD, -0.07083, 1.16951, 0.40343, 0.01220, 0.01675, -0.99972, -0.01143
3772456,1578642408155303,0,0,1,1,0,0,0,1,1,0,0.0,0.0,0.0,0.0,0.0,0.0,0.0,0.0,0.0,0.0,0.0,0.0,0,0.0,-1.0,-1.0,0.0,0.0,1578642408162840,252473051263, HMD, -0.07083, 1.16951, 0.40343, 0.01220, 0.01675, -0.99972, -0.01143
3772456,1578642408159298,0,0,1,1,0,0,0,1,1,0,0.0,0.0,0.0,0.0,0.0,0.0,0.0,0.0,0.0,0.0,0.0,0.0,0,0.0,-1.0,-1.0,0.0,0.0,1578642408162840,252473051263, HMD, -0.07083, 1.16951, 0.40343, 0.01220, 0.01675, -0.99972, -0.01143
3772464,1578642408164298,0,0,1,1,0,0,0,1,1,0,0.0,0.0,0.0,0.0,0.0,0.0,0.0,0.0,0.0,0.0,0.0,0.0,0,0.0,-1.0,-1.0,0.0,0.0,1578642408164315,252473065992, HMD, -0.07083, 1.16951, 0.40343, 0.01220, 0.01675, -0.99972, -0.01142
3772464,1578642408168305,0,0,1,1,0,0,0,1,1,0,0.0,0.0,0.0,0.0,0.0,0.0,0.0,0.0,0.0,0.0,0.0,0.0,0,0.0,-1.0,-1.0,0.0,0.0,1578642408166035,252473083194, HMD, -0.07083, 1.16951, 0.40343, 0.01220, 0.01675, -0.99972, -0.01142
3772472,1578642408174302,0,0,1,1,0,0,0,1,1,0,0.0,0.0,0.0,0.0,0.0,0.0,0.0,0.0,0.0,0.0,0.0,0.0,0,0.0,-1.0,-1.0,0.0,0.0,1578642408166035,252473083194, HMD, -0.07083, 1.16951, 0.40343, 0.01220, 0.01675, -0.99972, -0.01142
3772472,1578642408178443,0,0,1,1,0,0,0,1,1,0,0.0,0.0,0.0,0.0,0.0,0.0,0.0,0.0,0.0,0.0,0.0,0.0,0,0.0,-1.0,-1.0,0.0,0.0,1578642408188406,252473306997, HMD, -0.07079, 1.16955, 0.40339, 0.01221, 0.01673, -0.99972, -0.01133
3772481,1578642408182283,0,0,1,1,0,0,0,1,1,0,0.0,0.0,0.0,0.0,0.0,0.0,0.0,0.0,0.0,0.0,0.0,0.0,0,0.0,-1.0,-1.0,0.0,0.0,1578642408188406,252473306997, HMD, -0.07079, 1.16955, 0.40339, 0.01221, 0.01673, -0.99972, -0.01133
3772481,1578642408186314,0,0,1,1,0,0,0,1,1,0,0.0,0.0,0.0,0.0,0.0,0.0,0.0,0.0,0.0,0.0,0.0,0.0,0,0.0,-1.0,-1.0,0.0,0.0,1578642408188406,252473306997, HMD, -0.07079, 1.16955, 0.40339, 0.01221, 0.01673, -0.99972, -0.01133
3772489,1578642408190355,0,0,1,1,0,0,0,1,1,0,0.0,0.0,0.0,0.0,0.0,0.0,0.0,0.0,0.0,0.0,0.0,0.0,0,0.0,-1.0,-1.0,0.0,0.0,1578642408190349,252473326334, HMD, -0.07079, 1.16956, 0.40339, 0.01221, 0.01674, -0.99972, -0.01133
3772489,1578642408196289,0,0,1,1,0,0,0,1,1,0,0.0,0.0,0.0,0.0,0.0,0.0,0.0,0.0,0.0,0.0,0.0,0.0,0,0.0,-1.0,-1.0,0.0,0.0,1578642408193164,252473354481, HMD, -0.07082, 1.16954, 0.40337, 0.01221, 0.01673, -0.99972, -0.01131
3772497,1578642408200289,0,0,1,1,0,0,0,1,1,0,0.0,0.0,0.0,0.0,0.0,0.0,0.0,0.0,0.0,0.0,0.0,0.0,0,0.0,-1.0,-1.0,0.0,0.0,1578642408193164,252473354481, HMD, -0.07082, 1.16954, 0.40337, 0.01221, 0.01673, -0.99972, -0.01131
3772506,1578642408206284,0,0,1,0,0,0,0,1,1,0,0.0,0.0,0.0,0.0,0.0,0.0,0.0,0.0,0.0,0.0,0.0,0.0,0,0.0,-1.0,-1.0,0.0,0.0,1578642408215011,252473572979, HMD, -0.07079, 1.16957, 0.40332, 0.01220, 0.01676, -0.99972, -0.01123
3772506,1578642408210287,0,0,1,0,0,0,0,1,1,0,0.0,0.0,0.0,0.0,0.0,0.0,0.0,0.0,0.0,0.0,0.0,0.0,0,0.0,-1.0,-1.0,0.0,0.0,1578642408215011,252473572979, HMD, -0.07079, 1.16957, 0.40332, 0.01220, 0.01676, -0.99972, -0.01123
3772514,1578642408216273,0,0,1,0,0,0,0,1,1,0,0.0,0.0,0.0,0.0,0.0,0.0,0.0,0.0,0.0,0.0,0.0,0.0,0,0.0,-1.0,-1.0,0.0,0.0,1578642408216297,252473585812, HMD, -0.07079, 1.16957, 0.40331, 0.01220, 0.01676, -0.99972, -0.01123
3772522,1578642408220290,0,0,1,1,0,0,0,1,1,0,0.0,0.0,0.0,0.0,0.0,0.0,0.0,0.0,0.0,0.0,0.0,0.0,0,0.0,-1.0,-1.0,0.0,0.0,1578642408218101,252473603856, HMD, -0.07079, 1.16957, 0.40331, 0.01220, 0.01676, -0.99972, -0.01123
3772522,1578642408224293,0,0,1,1,0,0,0,1,1,0,0.0,0.0,0.0,0.0,0.0,0.0,0.0,0.0,0.0,0.0,0.0,0.0,0,0.0,-1.0,-1.0,0.0,0.0,1578642408218101,252473603856, HMD, -0.07079, 1.16957, 0.40331, 0.01220, 0.01676, -0.99972, -0.01123
3772522,1578642408228302,0,0,1,1,0,0,0,1,1,0,0.0,0.0,0.0,0.0,0.0,0.0,0.0,0.0,0.0,0.0,0.0,0.0,0,0.0,-1.0,-1.0,0.0,0.0,1578642408218101,252473603856, HMD, -0.07079, 1.16957, 0.40331, 0.01220, 0.01676, -0.99972, -0.01123
3772522,1578642408231796,0,0,1,1,0,0,0,1,1,0,0.0,0.0,0.0,0.0,0.0,0.0,0.0,0.0,0.0,0.0,0.0,0.0,0,0.0,-1.0,-1.0,0.0,0.0,1578642408238928,252473812138, HMD, -0.07079, 1.16958, 0.40329, 0.01215, 0.01674, -0.99972, -0.01120
3772531,1578642408235801,0,0,1,1,0,0,0,1,1,0,0.0,0.0,0.0,0.0,0.0,0.0,0.0,0.0,0.0,0.0,0.0,0.0,0,0.0,-1.0,-1.0,0.0,0.0,1578642408238928,252473812138, HMD, -0.07079, 1.16958, 0.40329, 0.01215, 0.01674, -0.99972, -0.01120
3772531,1578642408239797,0,0,1,1,0,1,1,1,1,0,0.0,0.0,0.0,-0.11276245,-0.55970764,0.82096863,0.0,0.0,0.0,-31.12985229,16.55851746,-91.19352722,0,0.0,-1.0,-1.0,0.0,0.0,1578642408239861,252473821456, HMD, -0.07079, 1.16958, 0.40329, 0.01214, 0.01674, -0.99972, -0.01120
3772539,1578642408242908,0,0,1,1,0,1,1,1,1,0,0.0,0.0,0.0,-0.11276245,-0.55970764,0.82096863,0.0,0.0,0.0,-31.12985229,16.55851746,-91.19352722,0,0.0,-1.0,-1.0,0.0,0.0,1578642408242421,252473847054, HMD, -0.07079, 1.16958, 0.40328, 0.01214, 0.01673, -0.99972, -0.01120
3772547,1578642408246864,0,0,1,1,0,1,1,1,1,0,0.0,0.0,0.0,-0.0553894,-0.55046082,0.83300781,0.0,0.0,0.0,-31.0625,17.28759766,-93.6698761,0,0.0,-1.0,-1.0,0.0,0.0,1578642408242421,252473847054, HMD, -0.07079, 1.16958, 0.40328, 0.01214, 0.01673, -0.99972, -0.01120
3772547,1578642408251119,0,0,1,1,0,1,1,1,1,0,0.0,0.0,0.0,-0.0553894,-0.55046082,0.83300781,0.0,0.0,0.0,-31.0625,17.28759766,-93.6698761,0,0.0,-1.0,-1.0,0.0,0.0,1578642408253796,252473960814, HMD, -0.07077, 1.16955, 0.40327, 0.01211, 0.01669, -0.99972, -0.01121
3772556,1578642408255177,0,0,1,1,0,0,0,1,1,0,0.0,0.0,0.0,0.0,0.0,0.0,0.0,0.0,0.0,0.0,0.0,0.0,0,0.0,-1.0,-1.0,0.0,0.0,1578642408255205,252473974892, HMD, -0.07077, 1.16955, 0.40327, 0.01210, 0.01668, -0.99972, -0.01121
3772572,1578642408270825,0,0,1,1,0,0,0,1,1,0,0.0,0.0,0.0,0.0,0.0,0.0,0.0,0.0,0.0,0.0,0.0,0.0,0,0.0,-1.0,-1.0,0.0,0.0,1578642408275761,252474180463, HMD, -0.07078, 1.16956, 0.40327, 0.01203, 0.01659, -0.99973, -0.01114
3772572,1578642408274909,0,0,1,1,0,0,0,1,1,0,0.0,0.0,0.0,0.0,0.0,0.0,0.0,0.0,0.0,0.0,0.0,0.0,0,0.0,-1.0,-1.0,0.0,0.0,1578642408275761,252474180463, HMD, -0.07078, 1.16956, 0.40327, 0.01203, 0.01659, -0.99973, -0.01114
3772581,1578642408278922,0,0,1,1,0,0,0,1,1,0,0.0,0.0,0.0,0.0,0.0,0.0,0.0,0.0,0.0,0.0,0.0,0.0,0,0.0,-1.0,-1.0,0.0,0.0,1578642408278866,252474211502, HMD, -0.07078, 1.16956, 0.40327, 0.01202, 0.01658, -0.99973, -0.01112
3772606,1578642408307037,0,0,1,1,0,0,0,1,1,0,0.0,0.0,0.0,0.0,0.0,0.0,0.0,0.0,0.0,0.0,0.0,0.0,0,0.0,-1.0,-1.0,0.0,0.0,1578642408279498,252474217827, HMD, -0.07078, 1.16956, 0.40327, 0.01202, 0.01658, -0.99973, -0.01111
3772606,1578642408311037,0,0,1,1,0,0,0,1,1,0,0.0,0.0,0.0,0.0,0.0,0.0,0.0,0.0,0.0,0.0,0.0,0.0,0,0.0,-1.0,-1.0,0.0,0.0,1578642408279498,252474217827, HMD, -0.07078, 1.16956, 0.40327, 0.01202, 0.01658, -0.99973, -0.01111
3772647,1578642408348481,0,0,1,1,0,0,0,1,1,0,0.0,0.0,0.0,0.0,0.0,0.0,0.0,0.0,0.0,0.0,0.0,0.0,0,0.0,-1.0,-1.0,0.0,0.0,1578642408348846,252474911322, HMD, -0.07075, 1.16956, 0.40335, 0.01196, 0.01661, -0.99973, -0.01069
3772647,1578642408351843,0,0,1,1,0,0,0,1,1,0,0.0,0.0,0.0,0.0,0.0,0.0,0.0,0.0,0.0,0.0,0.0,0.0,0,0.0,-1.0,-1.0,0.0,0.0,1578642408351864,252474941481, HMD, -0.07075, 1.16955, 0.40336, 0.01195, 0.01664, -0.99973, -0.01069
3772656,1578642408355940,0,0,1,1,0,0,0,1,1,0,0.0,0.0,0.0,0.0,0.0,0.0,0.0,0.0,0.0,0.0,0.0,0.0,0,0.0,-1.0,-1.0,0.0,0.0,1578642408353079,252474953637, HMD, -0.07075, 1.16955, 0.40336, 0.01195, 0.01665, -0.99973, -0.01070
3772664,1578642408369857,0,0,1,1,0,0,0,1,1,0,0.0,0.0,0.0,0.0,0.0,0.0,0.0,0.0,0.0,0.0,0.0,0.0,0,0.0,-1.0,-1.0,0.0,0.0,1578642408373864,252475161493, HMD, -0.07071, 1.16956, 0.40339, 0.01193, 0.01677, -0.99973, -0.01071
3772672,1578642408372901,0,0,1,1,0,0,0,1,1,0,0.0,0.0,0.0,0.0,0.0,0.0,0.0,0.0,0.0,0.0,0.0,0.0,0,0.0,-1.0,-1.0,0.0,0.0,1578642408373864,252475161493, HMD, -0.07071, 1.16956, 0.40339, 0.01193, 0.01677, -0.99973, -0.01071
3772672,1578642408376905,0,0,1,1,0,0,0,1,1,0,0.0,0.0,0.0,0.0,0.0,0.0,0.0,0.0,0.0,0.0,0.0,0.0,0,0.0,-1.0,-1.0,0.0,0.0,1578642408376843,252475191275, HMD, -0.07071, 1.16957, 0.40339, 0.01191, 0.01678, -0.99973, -0.01072
3772681,1578642408380899,0,0,1,1,0,0,0,1,1,0,0.0,0.0,0.0,0.0,0.0,0.0,0.0,0.0,0.0,0.0,0.0,0.0,0,0.0,-1.0,-1.0,0.0,0.0,1578642408377762,252475200459, HMD, -0.07071, 1.16957, 0.40340, 0.01191, 0.01678, -0.99973, -0.01072
3772681,1578642408385010,0,0,1,1,0,0,0,1,1,0,0.0,0.0,0.0,0.0,0.0,0.0,0.0,0.0,0.0,0.0,0.0,0.0,0,0.0,-1.0,-1.0,0.0,0.0,1578642408377762,252475200459, HMD, -0.07071, 1.16957, 0.40340, 0.01191, 0.01678, -0.99973, -0.01072
3772697,1578642408403094,0,0,1,1,0,0,0,1,1,0,0.0,0.0,0.0,0.0,0.0,0.0,0.0,0.0,0.0,0.0,0.0,0.0,0,0.0,-1.0,-1.0,0.0,0.0,1578642408424259,252475665538, HMD, -0.07069, 1.16960, 0.40341, 0.01183, 0.01665, -0.99973, -0.01069
3772706,1578642408408064,0,0,1,1,0,0,0,1,1,0,0.0,0.0,0.0,0.0,0.0,0.0,0.0,0.0,0.0,0.0,0.0,0.0,0,0.0,-1.0,-1.0,0.0,0.00095209,1578642408424259,252475665538, HMD, -0.07069, 1.16960, 0.40341, 0.01183, 0.01665, -0.99973, -0.01069
3772714,1578642408418112,0,0,1,1,0,0,0,1,1,0,0.0,0.0,0.0,0.0,0.0,0.0,0.0,0.0,0.0,0.0,0.0,0.0,0,0.0,-1.0,-1.0,0.0,0.00095209,1578642408424259,252475665538, HMD, -0.07069, 1.16960, 0.40341, 0.01183, 0.01665, -0.99973, -0.01069
3772714,1578642408421637,0,0,1,1,0,0,0,1,1,0,0.0,0.0,0.0,0.0,0.0,0.0,0.0,0.0,0.0,0.0,0.0,0.0,0,0.0,-1.0,-1.0,0.0,0.00095209,1578642408424259,252475665538, HMD, -0.07069, 1.16960, 0.40341, 0.01183, 0.01665, -0.99973, -0.01069
3772722,1578642408427624,0,0,1,1,0,0,0,1,1,0,0.0,0.0,0.0,0.0,0.0,0.0,0.0,0.0,0.0,0.0,0.0,0.0,0,0.0,-1.0,-1.0,0.0,0.03699736,1578642408427686,252475699712, HMD, -0.07072, 1.16962, 0.40341, 0.01181, 0.01664, -0.99973, -0.01067
3772722,1578642408433628,0,0,1,1,0,0,0,1,1,0,0.0,0.0,0.0,0.0,0.0,0.0,0.0,0.0,0.0,0.0,0.0,0.0,0,0.0,-1.0,-1.0,0.0,0.03699736,1578642408429427,252475717119, HMD, -0.07071, 1.16962, 0.40341, 0.01181, 0.01663, -0.99974, -0.01067
3772747,1578642408446705,0,0,1,1,0,0,0,1,1,0,0.0,0.0,0.0,0.0,0.0,0.0,0.0,0.0,0.0,0.0,0.0,0.0,0,0.0,-1.0,-1.0,0.0,0.00652079,1578642408429427,252475717119, HMD, -0.07071, 1.16962, 0.40341, 0.01181, 0.01663, -0.99974, -0.01067
3772747,1578642408450676,0,0,1,1,0,0,0,1,1,0,0.0,0.0,0.0,0.0,0.0,0.0,0.0,0.0,0.0,0.0,0.0,0.0,0,0.0,-1.0,-1.0,0.0,0.00652079,1578642408464902,252476071925, HMD, -0.07070, 1.16963, 0.40339, 0.01176, 0.01668, -0.99974, -0.01046
3772756,1578642408458703,0,0,1,1,0,0,0,1,1,0,0.0,0.0,0.0,0.0,0.0,0.0,0.0,0.0,0.0,0.0,0.0,0.0,0,0.0,-1.0,-1.0,0.0,0.02357098,1578642408464902,252476071925, HMD, -0.07070, 1.16963, 0.40339, 0.01176, 0.01668, -0.99974, -0.01046
3772756,1578642408462231,0,0,1,1,0,0,0,1,1,0,0.0,0.0,0.0,0.0,0.0,0.0,0.0,0.0,0.0,0.0,0.0,0.0,0,0.0,-1.0,-1.0,0.0,0.02357098,1578642408464902,252476071925, HMD, -0.07070, 1.16963, 0.40339, 0.01176, 0.01668, -0.99974, -0.01046
3772781,1578642408487735,0,0,1,1,0,0,0,1,1,0,0.0,0.0,0.0,0.0,0.0,0.0,0.0,0.0,0.0,0.0,0.0,0.0,0,0.0,-1.0,-1.0,0.0,0.04349361,1578642408498061,252476403461, HMD, -0.07073, 1.16963, 0.40339, 0.01173, 0.01679, -0.99974, -0.01040
3772789,1578642408491727,0,0,1,1,0,0,0,1,1,0,0.0,0.0,0.0,0.0,0.0,0.0,0.0,0.0,0.0,0.0,0.0,0.0,0,0.0,-1.0,-1.0,0.04195085,0.06996538,1578642408498061,252476403461, HMD, -0.07073, 1.16963, 0.40339, 0.01173, 0.01679, -0.99974, -0.01040
3772797,1578642408495304,0,0,1,1,0,0,0,1,0,0,0.0,0.0,0.0,0.0,0.0,0.0,0.0,0.0,0.0,0.0,0.0,0.0,0,0.0,-1.0,-1.0,0.04195085,0.06996538,1578642408498061,252476403461, HMD, -0.07073, 1.16963, 0.40339, 0.01173, 0.01679, -0.99974, -0.01040
3772797,1578642408499281,0,0,1,1,0,0,0,1,0,0,0.0,0.0,0.0,0.0,0.0,0.0,0.0,0.0,0.0,0.0,0.0,0.0,0,0.0,-1.0,-1.0,0.04195085,0.06996538,1578642408499294,252476415787, HMD, -0.07073, 1.16963, 0.40339, 0.01173, 0.01679, -0.99974, -0.01040
3772797,1578642408503309,0,0,1,1,0,0,0,1,0,0,0.0,0.0,0.0,0.0,0.0,0.0,0.0,0.0,0.0,0.0,0.0,0.0,0,0.0,-1.0,-1.0,0.04195085,0.06996538,1578642408501822,252476441068, HMD, -0.07073, 1.16963, 0.40338, 0.01173, 0.01679, -0.99974, -0.01041
3772805,1578642408508298,0,0,1,1,0,0,0,1,0,0,0.0,0.0,0.0,0.0,0.0,0.0,0.0,0.0,0.0,0.0,0.0,0.0,0,0.0,-1.0,-1.0,0.12521704,0.04781781,1578642408501822,252476441068, HMD, -0.07073, 1.16963, 0.40338, 0.01173, 0.01679, -0.99974, -0.01041
3772814,1578642408512311,0,0,1,1,0,0,0,1,1,0,0.0,0.0,0.0,0.0,0.0,0.0,0.0,0.0,0.0,0.0,0.0,0.0,0,0.0,-1.0,-1.0,0.12521704,0.04781781,1578642408501822,252476441068, HMD, -0.07073, 1.16963, 0.40338, 0.01173, 0.01679, -0.99974, -0.01041
3772814,1578642408516288,0,0,1,1,0,0,0,1,1,0,0.0,0.0,0.0,0.0,0.0,0.0,0.0,0.0,0.0,0.0,0.0,0.0,0,0.0,-1.0,-1.0,0.12521704,0.04781781,1578642408523056,252476653413, HMD, -0.07075, 1.16965, 0.40336, 0.01172, 0.01681, -0.99974, -0.01037
3772814,1578642408522376,0,0,1,1,0,0,0,1,1,0,0.0,0.0,0.0,0.0,0.0,0.0,0.0,0.0,0.0,0.0,0.0,0.0,0,0.0,-1.0,-1.0,0.12521704,0.04781781,1578642408523056,252476653413, HMD, -0.07075, 1.16965, 0.40336, 0.01172, 0.01681, -0.99974, -0.01037
3772822,1578642408526301,0,0,1,1,0,0,0,1,1,0,0.0,0.0,0.0,0.0,0.0,0.0,0.0,0.0,0.0,0.0,0.0,0.0,0,0.0,-1.0,-1.0,0.09701033,0.09310609,1578642408526332,252476686164, HMD, -0.07074, 1.16965, 0.40336, 0.01172, 0.01682, -0.99974, -0.01036
3772830,1578642408530296,1,1,1,1,0,0,0,1,1,0,0.04524231,-0.43515015,0.89920044,0.0,0.0,0.0,33.16142273,-0.87672424,-28.96760559,0.0,0.0,0.0,0,0.0,4.65016174,4.65016174,0.09701033,0.09310609,1578642408526721,252476690056, HMD, -0.07074, 1.16965, 0.40336, 0.01172, 0.01682, -0.99974, -0.01036
3772830,1578642408533790,1,1,1,1,0,0,0,1,1,0,0.04524231,-0.43515015,0.89920044,0.0,0.0,0.0,33.16142273,-0.87672424,-28.96760559,0.0,0.0,0.0,0,0.0,4.65016174,4.65016174,0.09701033,0.09310609,1578642408537137,252476794227, HMD, -0.07075, 1.16964, 0.40334, 0.01173, 0.01685, -0.99974, -0.01032
3772830,1578642408537485,1,1,1,1,0,0,0,1,1,0,0.04524231,-0.43515015,0.89920044,0.0,0.0,0.0,33.16142273,-0.87672424,-28.96760559,0.0,0.0,0.0,0,0.0,4.65016174,4.65016174,0.09701033,0.09310609,1578642408537532,252476798160, HMD, -0.07075, 1.16964, 0.40334, 0.01172, 0.01685, -0.99974, -0.01032
3772839,1578642408541498,0,0,1,1,0,0,0,1,1,0,0.0,0.0,0.0,0.0,0.0,0.0,0.0,0.0,0.0,0.0,0.0,0.0,0,0.0,-1.0,-1.0,0.16451284,0.09829681,1578642408540301,252476825849, HMD, -0.07075, 1.16964, 0.40334, 0.01172, 0.01685, -0.99974, -0.01031
3772839,1578642408545509,0,0,1,1,0,0,0,1,1,0,0.0,0.0,0.0,0.0,0.0,0.0,0.0,0.0,0.0,0.0,0.0,0.0,0,0.0,-1.0,-1.0,0.16451284,0.09829681,1578642408540301,252476825849, HMD, -0.07075, 1.16964, 0.40334, 0.01172, 0.01685, -0.99974, -0.01031
3772847,1578642408549474,1,1,1,1,0,0,0,1,1,0,0.02574158,-0.34744263,0.93733215,0.0,0.0,0.0,33.15760803,-0.55839539,-30.22480774,0.0,0.0,0.0,0,0.0,4.82279968,4.82279968,0.16451284,0.09829681,1578642408555020,252476973074, HMD, -0.07075, 1.16965, 0.40331, 0.01172, 0.01686, -0.99974, -0.01027
3772855,1578642408555483,1,1,1,1,0,0,0,1,1,0,0.02145386,-0.34020996,0.94009399,0.0,0.0,0.0,33.16583252,-0.2081604,-31.37986755,0.0,0.0,0.0,0,0.0,4.79832458,4.79832458,0.24098712,0.0,1578642408555535,252476978196, HMD, -0.07075, 1.16965, 0.40331, 0.01172, 0.01686, -0.99974, -0.01027
3772855,1578642408559548,1,1,1,1,0,0,0,1,1,0,0.02145386,-0.34020996,0.94009399,0.0,0.0,0.0,33.16583252,-0.2081604,-31.37986755,0.0,0.0,0.0,0,0.0,4.79832458,4.79832458,0.24098712,0.0,1578642408558288,252477005729, HMD, -0.07075, 1.16966, 0.40330, 0.01171, 0.01686, -0.99974, -0.01026
3772864,1578642408565478,1,1,1,1,0,0,0,1,1,0,0.0335083,-0.3890686,0.92059326,0.0,0.0,0.0,33.14532471,-0.32923889,-30.97143555,0.0,0.0,0.0,0,0.0,4.47000122,4.47000122,0.24098712,0.0,1578642408558288,252477005729, HMD, -0.07075, 1.16966, 0.40330, 0.01171, 0.01686, -0.99974, -0.01026
3772864,1578642408569482,1,1,1,1,0,0,0,1,1,0,0.0335083,-0.3890686,0.92059326,0.0,0.0,0.0,33.14532471,-0.32923889,-30.97143555,0.0,0.0,0.0,0,0.0,4.47000122,4.47000122,0.24098712,0.0,1578642408573794,252477160792, HMD, -0.07074, 1.16967, 0.40331, 0.01170, 0.01686, -0.99974, -0.01018
3772872,1578642408573480,1,1,1,1,0,0,0,1,1,0,0.0315094,-0.37391663,0.9269104,0.0,0.0,0.0,33.13827515,-0.41877747,-30.70549011,0.0,0.0,0.0,0,0.0,4.56771851,4.56771851,0.27702403,0.05084116,1578642408573794,252477160792, HMD, -0.07074, 1.16967, 0.40331, 0.01170, 0.01686, -0.99974, -0.01018
3772872,1578642408577484,1,1,1,1,0,0,0,1,1,0,0.0315094,-0.37391663,0.9269104,0.0,0.0,0.0,33.13827515,-0.41877747,-30.70549011,0.0,0.0,0.0,0,0.0,4.56771851,4.56771851,0.27702403,0.05084116,1578642408576868,252477191520, HMD, -0.07075, 1.16968, 0.40330, 0.01169, 0.01686, -0.99974, -0.01016
3772880,1578642408581476,1,1,1,1,0,0,0,1,1,0,0.05194092,-0.38841248,0.92001343,0.0,0.0,0.0,33.10099792,-0.75306702,-29.50450134,0.0,0.0,0.0,0,0.0,4.59078979,4.59078979,0.27702403,0.05084116,1578642408586084,252477283694, HMD, -0.07075, 1.16969, 0.40330, 0.01168, 0.01684, -0.99974, -0.01011
3772880,1578642408585478,1,1,1,1,0,0,0,1,1,0,0.05194092,-0.38841248,0.92001343,0.0,0.0,0.0,33.10099792,-0.75306702,-29.50450134,0.0,0.0,0.0,0,0.0,4.59078979,4.59078979,0.27702403,0.05084116,1578642408586084,252477283694, HMD, -0.07075, 1.16969, 0.40330, 0.01168, 0.01684, -0.99974, -0.01011
3772889,1578642408589468,1,1,1,1,0,0,0,1,1,0,0.02334595,-0.36421204,0.93101501,0.0,0.0,0.0,33.11677551,-0.66452026,-29.88911438,0.0,0.0,0.0,0,0.0,4.70803833,4.70803833,0.29276583,0.05324341,1578642408589390,252477316741, HMD, -0.07076, 1.16969, 0.40329, 0.01167, 0.01682, -0.99974, -0.01010
3772889,1578642408594474,1,1,1,1,0,0,0,1,1,0,0.02334595,-0.36421204,0.93101501,0.0,0.0,0.0,33.11677551,-0.66452026,-29.88911438,0.0,0.0,0.0,0,0.0,4.70803833,4.70803833,0.29276583,0.05324341,1578642408589390,252477316741, HMD, -0.07076, 1.16969, 0.40329, 0.01167, 0.01682, -0.99974, -0.01010
3772897,1578642408598460,1,1,1,1,0,0,0,1,1,0,0.0249176,-0.3474884,0.93734741,0.0,0.0,0.0,33.16390991,-0.12960815,-31.74981689,0.0,0.0,0.0,0,0.0,4.65800476,4.65800476,0.29276583,0.05324341,1578642408600785,252477430729, HMD, -0.07076, 1.16970, 0.40328, 0.01167, 0.01676, -0.99974, -0.01003
3772897,1578642408602469,1,1,1,1,0,0,0,1,1,0,0.0249176,-0.3474884,0.93734741,0.0,0.0,0.0,33.16390991,-0.12960815,-31.74981689,0.0,0.0,0.0,0,0.0,4.65800476,4.65800476,0.29276583,0.05324341,1578642408602519,252477448031, HMD, -0.07077, 1.16970, 0.40328, 0.01167, 0.01675, -0.99974, -0.01002
3772897,1578642408606469,1,1,1,1,0,0,0,1,1,0,0.0284729,-0.34820557,0.9369812,0.0,0.0,0.0,33.11380005,-0.51309204,-30.37055969,0.0,0.0,0.0,0,0.0,4.8004303,4.8004303,0.29276583,0.05324341,1578642408604204,252477464887, HMD, -0.07077, 1.16970, 0.40328, 0.01166, 0.01675, -0.99974, -0.01001
3772905,1578642408610465,1,1,1,1,0,0,0,1,1,0,0.0284729,-0.34820557,0.9369812,0.0,0.0,0.0,33.11380005,-0.51309204,-30.37055969,0.0,0.0,0.0,0,0.0,4.8004303,4.8004303,0.344396,0.07028805,1578642408614571,252477568589, HMD, -0.07075, 1.16969, 0.40325, 0.01164, 0.01671, -0.99974, -0.00994
3772914,1578642408614462,1,1,1,1,0,0,0,1,1,0,0.03779602,-0.34487915,0.93788147,0.0,0.0,0.0,33.08370972,-0.73608398,-29.59564209,0.0,0.0,0.0,0,0.0,4.83192444,4.83192444,0.344396,0.07028805,1578642408614571,252477568589, HMD, -0.07075, 1.16969, 0.40325, 0.01164, 0.01671, -0.99974, -0.00994
3772914,1578642408618471,1,1,1,1,0,0,0,1,1,0,0.03779602,-0.34487915,0.93788147,0.0,0.0,0.0,33.08370972,-0.73608398,-29.59564209,0.0,0.0,0.0,0,0.0,4.83192444,4.83192444,0.344396,0.07028805,1578642408618051,252477603353, HMD, -0.07075, 1.16969, 0.40324, 0.01164, 0.01672, -0.99974, -0.00992
3772922,1578642408622470,1,1,1,1,0,0,0,1,1,0,0.04321289,-0.34706116,0.93682861,0.0,0.0,0.0,33.08779907,-0.7519989,-29.53723145,0.0,0.0,0.0,0,0.0,4.83879089,4.83879089,0.39056769,0.09994309,1578642408618051,252477603353, HMD, -0.07075, 1.16969, 0.40324, 0.01164, 0.01672, -0.99974, -0.00992
3772930,1578642408632471,1,1,1,1,0,0,0,1,1,0,0.0369873,-0.35162354,0.93539429,0.0,0.0,0.0,33.0861969,-0.79109192,-29.40139771,0.0,0.0,0.0,0,0.0,4.77870178,4.77870178,0.39056769,0.09994309,1578642408632474,252477747582, HMD, -0.07078, 1.16970, 0.40327, 0.01164, 0.01676, -0.99974, -0.00985
3772930,1578642408636464,1,1,1,1,0,0,0,1,1,0,0.0369873,-0.35162354,0.93539429,0.0,0.0,0.0,33.0861969,-0.79109192,-29.40139771,0.0,0.0,0.0,0,0.0,4.77870178,4.77870178,0.39056769,0.09994309,1578642408632725,252477750094, HMD, -0.07078, 1.16970, 0.40327, 0.01164, 0.01676, -0.99974, -0.00985
3772939,1578642408640461,1,1,1,1,0,0,0,1,1,0,0.03608704,-0.35958862,0.93240356,0.0,0.0,0.0,33.08323669,-0.78903198,-29.39682007,0.0,0.0,0.0,0,0.0,4.66040039,4.66040039,0.43847784,0.08818953,1578642408645999,252477882848, HMD, -0.07079, 1.16970, 0.40327, 0.01165, 0.01680, -0.99974, -0.00981
3772939,1578642408644454,1,1,1,1,0,0,0,1,1,0,0.03608704,-0.35958862,0.93240356,0.0,0.0,0.0,33.08323669,-0.78903198,-29.39682007,0.0,0.0,0.0,0,0.0,4.66040039,4.66040039,0.43847784,0.08818953,1578642408645999,252477882848, HMD, -0.07079, 1.16970, 0.40327, 0.01165, 0.01680, -0.99974, -0.00981
3772947,1578642408648475,1,1,1,1,0,0,0,1,1,0,0.04606628,-0.36865234,0.92842102,0.0,0.0,0.0,33.08021545,-0.77282715,-29.45445251,0.0,0.0,0.0,0,0.0,4.62947083,4.62947083,0.43847784,0.08818953,1578642408648535,252477908194, HMD, -0.07077, 1.16971, 0.40328, 0.01165, 0.01680, -0.99974, -0.00981
3772947,1578642408652447,1,1,1,1,0,0,0,1,1,0,0.04606628,-0.36865234,0.92842102,0.0,0.0,0.0,33.08021545,-0.77282715,-29.45445251,0.0,0.0,0.0,0,0.0,4.62947083,4.62947083,0.43847784,0.08818953,1578642408649036,252477913205, HMD, -0.07078, 1.16971, 0.40328, 0.01165, 0.01680, -0.99974, -0.00981
3772955,1578642408656492,1,1,1,1,0,0,0,1,1,0,0.04125977,-0.36154175,0.931427,0.0,0.0,0.0,33.07719421,-0.77043152,-29.47924805,0.0,0.0,0.0,0,0.0,4.65696716,4.65696716,0.41564623,0.08306515,1578642408659234,252478015202, HMD, -0.07078, 1.16971, 0.40328, 0.01166, 0.01682, -0.99974, -0.00981
3772955,1578642408661457,1,1,1,1,0,0,0,1,1,0,0.04125977,-0.36154175,0.931427,0.0,0.0,0.0,33.07719421,-0.77043152,-29.47924805,0.0,0.0,0.0,0,0.0,4.65696716,4.65696716,0.41564623,0.08306515,1578642408661504,252478037887, HMD, -0.07078, 1.16970, 0.40328, 0.01167, 0.01682, -0.99974, -0.00982
3772964,1578642408665458,1,1,1,1,0,0,0,1,1,0,0.03155518,-0.35357666,0.93486023,0.0,0.0,0.0,33.06791687,-0.7749939,-29.46586609,0.0,0.0,0.0,0,0.0,4.71405029,4.71405029,0.41564623,0.08306515,1578642408662491,252478047755, HMD, -0.07078, 1.16970, 0.40328, 0.01167, 0.01682, -0.99974, -0.00982
3772964,1578642408669460,1,1,1,1,0,0,0,1,1,0,0.03155518,-0.35357666,0.93486023,0.0,0.0,0.0,33.06791687,-0.7749939,-29.46586609,0.0,0.0,0.0,0,0.0,4.71405029,4.71405029,0.41564623,0.08306515,1578642408674025,252478163113, HMD, -0.07078, 1.16970, 0.40328, 0.01169, 0.01681, -0.99974, -0.00985
3772972,1578642408673464,1,1,1,1,0,0,0,1,1,0,0.03617859,-0.36070251,0.93196106,0.0,0.0,0.0,33.05935669,-0.7407074,-29.54115295,0.0,0.0,0.0,0,0.0,4.74900818,4.74900818,0.4305788,0.08812278,1578642408674025,252478163113, HMD, -0.07078, 1.16970, 0.40328, 0.01169, 0.01681, -0.99974, -0.00985
3772972,1578642408677466,1,1,1,1,0,0,0,1,1,0,0.03617859,-0.36070251,0.93196106,0.0,0.0,0.0,33.05935669,-0.7407074,-29.54115295,0.0,0.0,0.0,0,0.0,4.74900818,4.74900818,0.4305788,0.08812278,1578642408677532,252478198166, HMD, -0.07078, 1.16970, 0.40328, 0.01169, 0.01679, -0.99974, -0.00987
3772980,1578642408683447,1,1,1,1,0,0,0,1,1,0,0.03778076,-0.35871887,0.93266296,0.0,0.0,0.0,33.06071472,-0.75196838,-29.51509094,0.0,0.0,0.0,0,0.0,4.75338745,4.75338745,0.4305788,0.08812278,1578642408677994,252478202783, HMD, -0.07078, 1.16970, 0.40328, 0.01170, 0.01678, -0.99974, -0.00987
3772980,1578642408687446,1,1,1,1,0,0,0,1,1,0,0.03778076,-0.35871887,0.93266296,0.0,0.0,0.0,33.06071472,-0.75196838,-29.51509094,0.0,0.0,0.0,0,0.0,4.75338745,4.75338745,0.4305788,0.08812278,1578642408689784,252478320775, HMD, -0.07074, 1.16967, 0.40325, 0.01171, 0.01670, -0.99974, -0.00990
3772989,1578642408692444,1,1,1,1,0,0,0,1,1,0,0.03570557,-0.35919189,0.93257141,0.0,0.0,0.0,33.06208801,-0.76321411,-29.48904419,0.0,0.0,0.0,0,0.0,4.7505188,4.7505188,0.43701524,0.08130932,1578642408692403,252478346870, HMD, -0.07074, 1.16966, 0.40325, 0.01172, 0.01668, -0.99974, -0.00991
3772989,1578642408696440,1,1,1,1,0,0,0,1,1,0,0.03570557,-0.35919189,0.93257141,0.0,0.0,0.0,33.06208801,-0.76321411,-29.48904419,0.0,0.0,0.0,0,0.0,4.7505188,4.7505188,0.43701524,0.08130932,1578642408693335,252478356196, HMD, -0.07074, 1.16966, 0.40325, 0.01172, 0.01667, -0.99974, -0.00991
3772997,1578642408700442,1,1,1,1,0,0,0,1,1,0,0.03700256,-0.3453064,0.9377594,0.0,0.0,0.0,33.05686951,-0.71763611,-29.59786987,0.0,0.0,0.0,0,0.0,4.76095581,4.76095581,0.43701524,0.08130932,1578642408693335,252478356196, HMD, -0.07074, 1.16966, 0.40325, 0.01172, 0.01667, -0.99974, -0.00991
3772997,1578642408704454,1,1,1,1,0,0,0,1,1,0,0.03700256,-0.3453064,0.9377594,0.0,0.0,0.0,33.05686951,-0.71763611,-29.59786987,0.0,0.0,0.0,0,0.0,4.76095581,4.76095581,0.43701524,0.08130932,1578642408709478,252478517662, HMD, -0.07075, 1.16967, 0.40327, 0.01175, 0.01659, -0.99974, -0.00995
3773005,1578642408708438,1,1,1,1,0,0,0,1,1,0,0.04064941,-0.38998413,0.91992188,0.0,0.0,0.0,33.05278015,-0.6832428,-29.6884613,0.0,0.0,0.0,0,0.0,4.52430725,4.52430725,0.40521821,0.07266585,1578642408709478,252478517662, HMD, -0.07075, 1.16967, 0.40327, 0.01175, 0.01659, -0.99974, -0.00995
3773005,1578642408712456,1,1,1,1,0,0,0,1,1,0,0.04064941,-0.38998413,0.91992188,0.0,0.0,0.0,33.05278015,-0.6832428,-29.6884613,0.0,0.0,0.0,0,0.0,4.52430725,4.52430725,0.40521821,0.07266585,1578642408712495,252478547791, HMD, -0.07075, 1.16966, 0.40327, 0.01175, 0.01658, -0.99974, -0.00994
3773014,1578642408716447,1,1,1,1,0,0,0,1,1,0,0.04400635,-0.35768127,0.93280029,0.0,0.0,0.0,33.0620575,-0.72270203,-29.51799011,0.0,0.0,0.0,0,0.0,4.71792603,4.71792603,0.40521821,0.07266585,1578642408712829,252478551131, HMD, -0.07075, 1.16966, 0.40327, 0.01175, 0.01658, -0.99974, -0.00994
3773014,1578642408720440,1,1,1,1,0,0,0,1,1,0,0.04400635,-0.35768127,0.93280029,0.0,0.0,0.0,33.0620575,-0.72270203,-29.51799011,0.0,0.0,0.0,0,0.0,4.71792603,4.71792603,0.40521821,0.07266585,1578642408722095,252478643802, HMD, -0.07076, 1.16966, 0.40327, 0.01176, 0.01659, -0.99974, -0.00992
3773022,1578642408724432,1,1,1,1,0,0,0,1,1,0,0.04368591,-0.37606812,0.92555237,0.0,0.0,0.0,33.06282043,-0.73924255,-29.42858887,0.0,0.0,0.0,0,0.0,4.49440002,4.49440002,0.38483542,0.07549565,1578642408724389,252478666737, HMD, -0.07076, 1.16966, 0.40327, 0.01176, 0.01660, -0.99974, -0.00992
3773022,1578642408728433,1,1,1,1,0,0,0,1,1,0,0.04368591,-0.37606812,0.92555237,0.0,0.0,0.0,33.06282043,-0.73924255,-29.42858887,0.0,0.0,0.0,0,0.0,4.49440002,4.49440002,0.38483542,0.07549565,1578642408725483,252478677675, HMD, -0.07076, 1.16966, 0.40327, 0.01177, 0.01660, -0.99974, -0.00992
3773030,1578642408733428,1,1,1,1,0,0,0,1,1,0,0.05293274,-0.36740112,0.92854309,0.0,0.0,0.0,33.06846619,-0.74557495,-29.36976624,0.0,0.0,0.0,0,0.0,4.50582886,4.50582886,0.38483542,0.07549565,1578642408734543,252478768285, HMD, -0.07072, 1.16967, 0.40328, 0.01180, 0.01664, -0.99974, -0.00989
3773030,1578642408737430,1,1,1,1,0,0,0,1,1,0,0.05293274,-0.36740112,0.92854309,0.0,0.0,0.0,33.06846619,-0.74557495,-29.36976624,0.0,0.0,0.0,0,0.0,4.50582886,4.50582886,0.38483542,0.07549565,1578642408737370,252478796544, HMD, -0.07072, 1.16967, 0.40327, 0.01179, 0.01665, -0.99974, -0.00988
3773039,1578642408741432,1,1,1,1,0,0,0,1,1,0,0.04350281,-0.37557983,0.92575073,0.0,0.0,0.0,33.05957031,-0.75991821,-29.40803528,0.0,0.0,0.0,0,0.0,4.46577454,4.46577454,0.35597703,0.07634771,1578642408737792,252478800761, HMD, -0.07072, 1.16967, 0.40328, 0.01179, 0.01665, -0.99974, -0.00988
3773039,1578642408745420,1,1,1,1,0,0,0,1,1,0,0.04350281,-0.37557983,0.92575073,0.0,0.0,0.0,33.05957031,-0.75991821,-29.40803528,0.0,0.0,0.0,0,0.0,4.46577454,4.46577454,0.35597703,0.07634771,1578642408747936,252478902236, HMD, -0.07073, 1.16967, 0.40327, 0.01180, 0.01671, -0.99974, -0.00984
3773047,1578642408749436,1,1,1,1,0,0,0,1,1,0,0.03817749,-0.33850098,0.94018555,0.0,0.0,0.0,33.04042053,-0.73512268,-29.52891541,0.0,0.0,0.0,0,0.0,4.68269348,4.68269348,0.35597703,0.07634771,1578642408749466,252478917506, HMD, -0.07074, 1.16969, 0.40330, 0.01179, 0.01671, -0.99974, -0.00983
3773047,1578642408753438,1,1,1,1,0,0,0,1,1,0,0.03817749,-0.33850098,0.94018555,0.0,0.0,0.0,33.04042053,-0.73512268,-29.52891541,0.0,0.0,0.0,0,0.0,4.68269348,4.68269348,0.35597703,0.07634771,1578642408751048,252478933321, HMD, -0.07074, 1.16971, 0.40328, 0.01180, 0.01672, -0.99974, -0.00982
3773055,1578642408757421,1,1,1,1,0,0,0,1,1,0,0.03385925,-0.32174683,0.94621277,0.0,0.0,0.0,33.03344727,-0.70393372,-29.67071533,0.0,0.0,0.0,0,0.0,4.61528015,4.61528015,0.40703514,0.06884904,1578642408763121,252479054059, HMD, -0.07074, 1.16971, 0.40328, 0.01180, 0.01678, -0.99974, -0.00976
3773055,1578642408761420,1,1,1,1,0,0,0,1,1,0,0.03385925,-0.32174683,0.94621277,0.0,0.0,0.0,33.03344727,-0.70393372,-29.67071533,0.0,0.0,0.0,0,0.0,4.61528015,4.61528015,0.40703514,0.06884904,1578642408763121,252479054059, HMD, -0.07074, 1.16971, 0.40328, 0.01180, 0.01678, -0.99974, -0.00976
3773064,1578642408766415,1,1,1,1,0,0,0,1,1,0,0.02919006,-0.31063843,0.95007324,0.0,0.0,0.0,33.03466797,-0.72610474,-29.64738464,0.0,0.0,0.0,0,0.0,4.69293213,4.69293213,0.40703514,0.06884904,1578642408766315,252479085993, HMD, -0.07076, 1.16972, 0.40328, 0.01179, 0.01679, -0.99974, -0.00974
3773064,1578642408770420,1,1,1,1,0,0,0,1,1,0,0.02919006,-0.31063843,0.95007324,0.0,0.0,0.0,33.03466797,-0.72610474,-29.64738464,0.0,0.0,0.0,0,0.0,4.69293213,4.69293213,0.40703514,0.06884904,1578642408766315,252479085993, HMD, -0.07076, 1.16972, 0.40328, 0.01179, 0.01679, -0.99974, -0.00974
3773072,1578642408774417,1,1,1,1,0,0,0,1,1,0,0.03656006,-0.34976196,0.93611145,0.0,0.0,0.0,33.03657532,-0.74168396,-29.6526947,0.0,0.0,0.0,0,0.0,4.40858459,4.40858459,0.48142642,0.05233616,1578642408776058,252479183461, HMD, -0.07079, 1.16975, 0.40331, 0.01179, 0.01683, -0.99974, -0.00968
3773072,1578642408778417,1,1,1,1,0,0,0,1,1,0,0.03656006,-0.34976196,0.93611145,0.0,0.0,0.0,33.03657532,-0.74168396,-29.6526947,0.0,0.0,0.0,0,0.0,4.40858459,4.40858459,0.48142642,0.05233616,1578642408778378,252479206627, HMD, -0.07079, 1.16975, 0.40331, 0.01178, 0.01684, -0.99974, -0.00966
3773080,1578642408782398,1,1,1,1,0,0,0,1,1,0,0.00650024,-0.32919312,0.94422913,0.0,0.0,0.0,33.10391235,-0.11724854,-31.94631958,0.0,0.0,0.0,0,0.0,4.39128113,4.39128113,0.48142642,0.05233616,1578642408779245,252479215293, HMD, -0.07079, 1.16976, 0.40331, 0.01178, 0.01684, -0.99974, -0.00966
3773080,1578642408786416,1,1,1,1,0,0,0,1,1,0,0.00650024,-0.32919312,0.94422913,0.0,0.0,0.0,33.10391235,-0.11724854,-31.94631958,0.0,0.0,0.0,0,0.0,4.39128113,4.39128113,0.48142642,0.05233616,1578642408787319,252479296040, HMD, -0.07079, 1.16976, 0.40331, 0.01175, 0.01686, -0.99974, -0.00963
3773089,1578642408790409,1,1,1,1,0,0,0,1,1,0,0.02641296,-0.32197571,0.94636536,0.0,0.0,0.0,33.02339172,-0.69361877,-29.89649963,0.0,0.0,0.0,0,0.0,4.40892029,4.40892029,0.57917404,0.0911144,1578642408790419,252479327035, HMD, -0.07078, 1.16977, 0.40332, 0.01174, 0.01687, -0.99974, -0.00961
3773089,1578642408795412,1,1,1,1,0,0,0,1,1,0,0.02641296,-0.32197571,0.94636536,0.0,0.0,0.0,33.02339172,-0.69361877,-29.89649963,0.0,0.0,0.0,0,0.0,4.40892029,4.40892029,0.57917404,0.0911144,1578642408791102,252479333866, HMD, -0.07078, 1.16977, 0.40332, 0.01174, 0.01687, -0.99974, -0.00961
3773097,1578642408799395,1,1,1,1,0,0,0,1,1,0,0.03256226,-0.31072998,0.94993591,0.0,0.0,0.0,33.03819275,-0.78753662,-29.72566223,0.0,0.0,0.0,0,0.0,4.5186615,4.5186615,0.57917404,0.0911144,1578642408801640,252479439265, HMD, -0.07080, 1.16978, 0.40333, 0.01170, 0.01690, -0.99974, -0.00955
3773097,1578642408803405,1,1,1,1,0,0,0,1,1,0,0.03256226,-0.31072998,0.94993591,0.0,0.0,0.0,33.03819275,-0.78753662,-29.72566223,0.0,0.0,0.0,0,0.0,4.5186615,4.5186615,0.57917404,0.0911144,1578642408803373,252479457012, HMD, -0.07080, 1.16978, 0.40333, 0.01169, 0.01691, -0.99974, -0.00954
3773105,1578642408807407,1,1,1,1,0,0,0,1,1,0,0.0309906,-0.28651428,0.95756531,0.0,0.0,0.0,33.01805115,-0.77728271,-29.77757263,0.0,0.0,0.0,0,0.0,4.55180359,4.55180359,0.65198255,0.21926691,1578642408804910,252479471946, HMD, -0.07080, 1.16978, 0.40333, 0.01168, 0.01692, -0.99974, -0.00954
3773105,1578642408811412,1,1,1,1,0,0,0,1,1,0,0.0309906,-0.28651428,0.95756531,0.0,0.0,0.0,33.01805115,-0.77728271,-29.77757263,0.0,0.0,0.0,0,0.0,4.55180359,4.55180359,0.65198255,0.21926691,1578642408815421,252479577083, HMD, -0.07083, 1.16978, 0.40331, 0.01163, 0.01696, -0.99974, -0.00950
3773114,1578642408815415,1,1,1,1,0,1,1,1,1,0,0.02841187,-0.29199219,0.95599365,0.03129578,-0.35974121,0.93251038,33.01620483,-0.79145813,-29.77713013,-26.2489624,0.00132751,-23.73937988,0,0.0,4.41204834,4.41204834,0.65198255,0.21926691,1578642408815421,252479577083, HMD, -0.07083, 1.16978, 0.40331, 0.01163, 0.01696, -0.99974, -0.00950
3773114,1578642408819416,1,1,1,1,0,1,1,1,1,0,0.02841187,-0.29199219,0.95599365,0.03129578,-0.35974121,0.93251038,33.01620483,-0.79145813,-29.77713013,-26.2489624,0.00132751,-23.73937988,0,0.0,4.41204834,4.41204834,0.65198255,0.21926691,1578642408818721,252479610055, HMD, -0.07083, 1.16979, 0.40332, 0.01162, 0.01697, -0.99974, -0.00949
3773114,1578642408823408,1,1,1,1,0,1,1,1,1,0,0.02996826,-0.28839111,0.95703125,0.12982178,-0.32797241,0.93571472,33.01281738,-0.78684998,-29.81105042,-26.74493408,1.87947083,-30.73234558,0,0.0,4.37658691,4.37658691,0.65198255,0.21926691,1578642408818721,252479610055, HMD, -0.07083, 1.16979, 0.40332, 0.01162, 0.01697, -0.99974, -0.00949
3773122,1578642408827408,1,1,1,1,0,1,1,1,1,0,0.02996826,-0.28839111,0.95703125,0.12982178,-0.32797241,0.93571472,33.01281738,-0.78684998,-29.81105042,-26.74493408,1.87947083,-30.73234558,0,0.0,4.37658691,4.37658691,0.71995592,0.32237619,1578642408832947,252479752323, HMD, -0.07080, 1.16979, 0.40332, 0.01153, 0.01702, -0.99974, -0.00945
3773130,1578642408831397,1,1,1,1,0,1,1,1,1,0,0.03631592,-0.29594421,0.95449829,0.01878357,-0.31315613,0.94950867,33.01565552,-0.84005737,-29.66416931,-26.24621582,0.03211975,-24.12796021,0,0.0,4.24874878,4.24874878,0.71995592,0.32237619,1578642408832947,252479752323, HMD, -0.07080, 1.16979, 0.40332, 0.01153, 0.01702, -0.99974, -0.00945
3773130,1578642408835681,1,1,1,1,0,1,1,1,1,0,0.03631592,-0.29594421,0.95449829,0.01878357,-0.31315613,0.94950867,33.01565552,-0.84005737,-29.66416931,-26.24621582,0.03211975,-24.12796021,0,0.0,4.24874878,4.24874878,0.71995592,0.32237619,1578642408835715,252479779996, HMD, -0.07080, 1.16979, 0.40332, 0.01151, 0.01702, -0.99974, -0.00945
3773139,1578642408839686,1,1,1,1,0,1,1,1,1,0,0.02114868,-0.27528381,0.96112061,0.03244019,-0.30175781,0.95281982,33.01086426,-0.72966003,-30.19335938,-26.20950317,-0.10549927,-23.58091736,0,0.0,4.3429718,4.3429718,0.76849395,0.42361459,1578642408836889,252479791733, HMD, -0.07080, 1.16979, 0.40332, 0.01150, 0.01702, -0.99974, -0.00944
3773139,1578642408843686,1,1,1,1,0,1,1,1,1,0,0.02114868,-0.27528381,0.96112061,0.03244019,-0.30175781,0.95281982,33.01086426,-0.72966003,-30.19335938,-26.20950317,-0.10549927,-23.58091736,0,0.0,4.3429718,4.3429718,0.76849395,0.42361459,1578642408849042,252479913280, HMD, -0.07081, 1.16978, 0.40331, 0.01143, 0.01702, -0.99975, -0.00943
3773147,1578642408849672,1,1,1,1,0,1,1,1,1,0,0.02697754,-0.27891541,0.95993042,0.02929688,-0.27848816,0.95999146,33.00982666,-0.73245239,-30.18962097,-26.19873047,-0.13201904,-23.73413086,0,0.0,4.24519348,4.24519348,0.76849395,0.42361459,1578642408849673,252479919579, HMD, -0.07079, 1.16979, 0.40329, 0.01144, 0.01703, -0.99975, -0.00943
3773147,1578642408853663,1,1,1,1,0,1,1,1,1,0,0.02697754,-0.27891541,0.95993042,0.02929688,-0.27848816,0.95999146,33.00982666,-0.73245239,-30.18962097,-26.19873047,-0.13201904,-23.73413086,0,0.0,4.24519348,4.24519348,0.76849395,0.42361459,1578642408852142,252479944260, HMD, -0.07079, 1.16979, 0.40329, 0.01141, 0.01702, -0.99975, -0.00942
3773155,1578642408857669,1,1,1,1,0,1,1,1,1,0,0.03652954,-0.28131104,0.95890808,0.02470398,-0.2742157,0.96133423,33.00999451,-0.7358551,-30.21080017,-26.18927002,-0.17544556,-23.58609009,0,0.0,4.12461853,4.12461853,0.81821817,0.5126332,1578642408862106,252480043924, HMD, -0.07080, 1.16980, 0.40329, 0.01136, 0.01702, -0.99975, -0.00940
3773155,1578642408861679,1,1,1,1,0,1,1,1,1,0,0.03652954,-0.28131104,0.95890808,0.02470398,-0.2742157,0.96133423,33.00999451,-0.7358551,-30.21080017,-26.18927002,-0.17544556,-23.58609009,0,0.0,4.12461853,4.12461853,0.81821817,0.5126332,1578642408862106,252480043924, HMD, -0.07080, 1.16980, 0.40329, 0.01136, 0.01702, -0.99975, -0.00940
3773164,1578642408865652,1,1,1,1,0,1,1,1,1,0,0.03329468,-0.27958679,0.95953369,0.04270935,-0.25257874,0.96662903,33.01409912,-0.75076294,-30.17851257,-26.16931152,-0.21025085,-23.49960327,0,0.0,4.08317566,4.08317566,0.81821817,0.5126332,1578642408865065,252480073490, HMD, -0.07081, 1.16980, 0.40329, 0.01134, 0.01701, -0.99975, -0.00939
3773164,1578642408869684,1,1,1,1,0,1,1,1,1,0,0.03329468,-0.27958679,0.95953369,0.04270935,-0.25257874,0.96662903,33.01409912,-0.75076294,-30.17851257,-26.16931152,-0.21025085,-23.49960327,0,0.0,4.08317566,4.08317566,0.81821817,0.5126332,1578642408865065,252480073490, HMD, -0.07081, 1.16980, 0.40329, 0.01134, 0.01701, -0.99975, -0.00939
3773164,1578642408873656,1,1,1,1,0,1,1,1,1,0,0.03315735,-0.27880859,0.95976257,0.04446411,-0.26463318,0.96331787,33.01524353,-0.75180054,-30.17376709,-26.17834473,-0.16903687,-23.59367371,0,0.0,4.1227417,4.1227417,0.81821817,0.5126332,1578642408876043,252480183290, HMD, -0.07083, 1.16980, 0.40331, 0.01129, 0.01700, -0.99975, -0.00937
3773172,1578642408878692,1,1,1,1,0,1,1,1,1,0,0.03315735,-0.27880859,0.95976257,0.04446411,-0.26463318,0.96331787,33.01524353,-0.75180054,-30.17376709,-26.17834473,-0.16903687,-23.59367371,0,0.0,4.1227417,4.1227417,0.8491357,0.55335277,1578642408878705,252480209895, HMD, -0.07083, 1.16980, 0.40331, 0.01129, 0.01699, -0.99975, -0.00936
3773180,1578642408882643,1,1,1,1,0,1,1,1,1,0,0.03244019,-0.27819824,0.95996094,0.04187012,-0.26956177,0.96206665,33.01637268,-0.75283813,-30.16900635,-26.16931152,-0.21025085,-23.49960327,0,0.0,4.13925171,4.13925171,0.8491357,0.55335277,1578642408880572,252480228566, HMD, -0.07083, 1.16981, 0.40331, 0.01128, 0.01699, -0.99975, -0.00936
3773180,1578642408886656,1,1,1,1,0,1,1,1,1,0,0.03244019,-0.27819824,0.95996094,0.04187012,-0.26956177,0.96206665,33.01637268,-0.75283813,-30.16900635,-26.16931152,-0.21025085,-23.49960327,0,0.0,4.13925171,4.13925171,0.8491357,0.55335277,1578642408889591,252480318760, HMD, -0.07084, 1.16980, 0.40332, 0.01126, 0.01697, -0.99975, -0.00933
3773189,1578642408890659,1,1,1,1,0,1,1,1,1,0,0.03244019,-0.27825928,0.95994568,0.03503418,-0.27224731,0.96157837,33.01872253,-0.75540161,-30.15855408,-26.16146851,-0.22775269,-23.47915649,0,0.0,4.11203003,4.11203003,0.87195843,0.5917899,1578642408890664,252480329483, HMD, -0.07084, 1.16980, 0.40332, 0.01125, 0.01697, -0.99975, -0.00932
3773189,1578642408894678,1,1,1,1,0,1,1,1,1,0,0.03244019,-0.27825928,0.95994568,0.03503418,-0.27224731,0.96157837,33.01872253,-0.75540161,-30.15855408,-26.16146851,-0.22775269,-23.47915649,0,0.0,4.11203003,4.11203003,0.87195843,0.5917899,1578642408893230,252480355150, HMD, -0.07084, 1.16980, 0.40332, 0.01125, 0.01696, -0.99975, -0.00931
3773197,1578642408898662,1,1,1,1,0,1,1,1,1,0,0.03161621,-0.27848816,0.9598999,0.03471375,-0.2802887,0.95927429,33.02107239,-0.75283813,-30.16900635,-26.15396118,-0.21025085,-23.49960327,0,0.0,4.08398438,4.08398438,0.87273622,0.59347606,1578642408901379,252480436647, HMD, -0.07084, 1.16981, 0.40332, 0.01125, 0.01697, -0.99975, -0.00928
3773197,1578642408902651,1,1,1,1,0,1,1,1,1,0,0.03161621,-0.27848816,0.9598999,0.03471375,-0.2802887,0.95927429,33.02107239,-0.75283813,-30.16900635,-26.15396118,-0.21025085,-23.49960327,0,0.0,4.08398438,4.08398438,0.87273622,0.59347606,1578642408902586,252480448704, HMD, -0.07084, 1.16981, 0.40332, 0.01124, 0.01697, -0.99975, -0.00928
3773205,1578642408907647,1,1,1,1,0,1,1,1,1,0,0.04986572,-0.26467896,0.96304321,0.04052734,-0.28469849,0.95774841,33.08963013,-0.6847229,-30.14724731,-26.00965881,-0.15002441,-23.51141357,0,0.0,4.04202271,4.04202271,0.8848322,0.65400815,1578642408904558,252480468428, HMD, -0.07084, 1.16981, 0.40332, 0.01124, 0.01697, -0.99975, -0.00927
3773205,1578642408911644,1,1,1,1,0,1,1,1,1,0,0.04986572,-0.26467896,0.96304321,0.04052734,-0.28469849,0.95774841,33.08963013,-0.6847229,-30.14724731,-26.00965881,-0.15002441,-23.51141357,0,0.0,4.04202271,4.04202271,0.8848322,0.65400815,1578642408904558,252480468428, HMD, -0.07084, 1.16981, 0.40332, 0.01124, 0.01697, -0.99975, -0.00927
3773214,1578642408915636,1,1,1,1,0,1,1,1,1,0,0.08808899,-0.22131348,0.97120667,0.08622742,-0.22177124,0.9712677,33.16772461,-0.53697205,-29.92401123,-25.73509216,0.02232361,-23.44754028,0,0.0,3.95539856,3.95539856,0.8848322,0.65400815,1578642408919547,252480618332, HMD, -0.07085, 1.16983, 0.40334, 0.01123, 0.01700, -0.99975, -0.00924
3773214,1578642408921638,1,1,1,1,0,1,1,1,1,0,0.08808899,-0.22131348,0.97120667,0.08622742,-0.22177124,0.9712677,33.16772461,-0.53697205,-29.92401123,-25.73509216,0.02232361,-23.44754028,0,0.0,3.95539856,3.95539856,0.8848322,0.65400815,1578642408921632,252480639165, HMD, -0.07085, 1.16983, 0.40334, 0.01123, 0.01700, -0.99975, -0.00924
3773222,1578642408925664,1,1,1,1,0,1,1,1,1,0,0.118927,-0.14122009,0.98280334,0.10586548,-0.1360321,0.98501587,33.26011658,-0.04652405,-30.53358459,-25.38760376,0.31794739,-23.48130798,0,0.0,3.87480164,3.87480164,0.8812657,0.61735106,1578642408923300,252480655847, HMD, -0.07085, 1.16983, 0.40334, 0.01124, 0.01700, -0.99975, -0.00923
3773222,1578642408929667,1,1,1,1,0,1,1,1,1,0,0.118927,-0.14122009,0.98280334,0.10586548,-0.1360321,0.98501587,33.26011658,-0.04652405,-30.53358459,-25.38760376,0.31794739,-23.48130798,0,0.0,3.87480164,3.87480164,0.8812657,0.61735106,1578642408931482,252480737662, HMD, -0.07080, 1.16979, 0.40333, 0.01126, 0.01700, -0.99975, -0.00924
3773230,1578642408933690,1,1,1,1,0,1,1,1,1,0,0.16221619,-0.09138489,0.98249817,0.15440369,-0.0763855,0.98504639,33.39082336,0.06149292,-30.02886963,-25.08732605,0.69966125,-23.85583496,0,0.0,3.9717865,3.9717865,0.8812657,0.61735106,1578642408933717,252480760013, HMD, -0.07080, 1.16979, 0.40333, 0.01126, 0.01700, -0.99975, -0.00923
3773230,1578642408937713,1,1,1,1,0,1,1,1,1,0,0.16221619,-0.09138489,0.98249817,0.15440369,-0.0763855,0.98504639,33.39082336,0.06149292,-30.02886963,-25.08732605,0.69966125,-23.85583496,0,0.0,3.9717865,3.9717865,0.8812657,0.61735106,1578642408934588,252480768722, HMD, -0.07080, 1.16979, 0.40333, 0.01125, 0.01701, -0.99975, -0.00923
3773239,1578642408941711,1,1,1,1,0,1,1,1,1,0,0.198349,-0.02778625,0.97973633,0.20942688,0.00993347,0.97776794,33.53753662,0.14334106,-29.75411987,-24.92210388,0.59428406,-22.7983551,0,0.0,3.91357422,3.91357422,0.89861953,0.63460702,1578642408942972,252480852569, HMD, -0.07079, 1.16979, 0.40333, 0.01128, 0.01702, -0.99975, -0.00923
3773239,1578642408945693,1,1,1,1,0,1,1,1,1,0,0.198349,-0.02778625,0.97973633,0.20942688,0.00993347,0.97776794,33.53753662,0.14334106,-29.75411987,-24.92210388,0.59428406,-22.7983551,0,0.0,3.91357422,3.91357422,0.89861953,0.63460702,1578642408945683,252480879676, HMD, -0.07079, 1.16979, 0.40333, 0.01129, 0.01702, -0.99975, -0.00921
3773247,1578642408950671,1,1,1,1,0,1,1,1,1,0,0.21609497,0.02030945,0.97615051,0.2591095,0.04968262,0.96455383,33.60192871,-0.05592346,-28.80697632,-24.91220093,0.12084961,-20.75334167,0,0.0,3.83500671,3.83500671,0.89861953,0.63460702,1578642408946357,252480886411, HMD, -0.07079, 1.16979, 0.40333, 0.01129, 0.01701, -0.99975, -0.00921
3773247,1578642408954706,1,1,1,1,0,1,1,1,1,0,0.21609497,0.02030945,0.97615051,0.2591095,0.04968262,0.96455383,33.60192871,-0.05592346,-28.80697632,-24.91220093,0.12084961,-20.75334167,0,0.0,3.83500671,3.83500671,0.89861953,0.63460702,1578642408955269,252480975534, HMD, -0.07075, 1.16980, 0.40331, 0.01132, 0.01702, -0.99975, -0.00921
3773255,1578642408959707,1,1,1,1,0,1,1,1,1,0,0.21507263,0.03425598,0.97598267,0.29443359,0.05732727,0.95393372,33.61213684,-0.16766357,-28.40849304,-24.97486877,-0.10411072,-19.80711365,0,0.0,3.84428406,3.84428406,1.0,1.0,1578642408958419,252481007032, HMD, -0.07074, 1.16980, 0.40331, 0.01133, 0.01702, -0.99975, -0.00920
3773255,1578642408963674,1,1,1,1,0,1,1,1,1,0,0.21507263,0.03425598,0.97598267,0.29443359,0.05732727,0.95393372,33.61213684,-0.16766357,-28.40849304,-24.97486877,-0.10411072,-19.80711365,0,0.0,3.84428406,3.84428406,1.0,1.0,1578642408966573,252481088582, HMD, -0.07074, 1.16981, 0.40330, 0.01137, 0.01703, -0.99975, -0.00918
3773264,1578642408967676,1,1,1,1,0,1,1,1,1,0,0.2204895,0.03144836,0.97486877,0.26799011,0.03991699,0.96258545,33.63362122,-0.23756409,-28.30804443,-24.90310669,0.19628906,-21.04385376,0,0.0,3.69186401,3.69186401,1.0,1.0,1578642408967621,252481099054, HMD, -0.07074, 1.16981, 0.40330, 0.01138, 0.01703, -0.99975, -0.00917
3773264,1578642408971692,1,1,1,1,0,1,1,1,1,0,0.2204895,0.03144836,0.97486877,0.26799011,0.03991699,0.96258545,33.63362122,-0.23756409,-28.30804443,-24.90310669,0.19628906,-21.04385376,0,0.0,3.69186401,3.69186401,1.0,1.0,1578642408970035,252481123195, HMD, -0.07074, 1.16981, 0.40328, 0.01139, 0.01703, -0.99975, -0.00918
3773272,1578642408975670,1,1,1,1,0,1,1,1,1,0,0.21244812,0.0350647,0.97653198,0.28710938,0.05886841,0.95606995,33.67462158,-0.25767517,-28.40783691,-24.97531128,-0.0446167,-20.3629303,0,0.0,3.63201904,3.63201904,1.0,1.0,1578642408970035,252481123195, HMD, -0.07074, 1.16981, 0.40328, 0.01139, 0.01703, -0.99975, -0.00918
3773272,1578642408979682,1,1,1,1,0,1,1,1,1,0,0.21244812,0.0350647,0.97653198,0.28710938,0.05886841,0.95606995,33.67462158,-0.25767517,-28.40783691,-24.97531128,-0.0446167,-20.3629303,0,0.0,3.63201904,3.63201904,1.0,1.0,1578642408985050,252481273365, HMD, -0.07073, 1.16982, 0.40326, 0.01144, 0.01703, -0.99975, -0.00912
3773280,1578642408983684,1,1,1,1,0,1,1,1,1,0,0.20166016,0.02555847,0.97911072,0.28424072,0.06060791,0.95681763,33.69761658,-0.24588013,-28.51805115,-24.98606873,-0.06504822,-20.31863403,0,0.0,3.61354065,3.61354065,1.0,1.0,1578642408985050,252481273365, HMD, -0.07073, 1.16982, 0.40326, 0.01144, 0.01703, -0.99975, -0.00912
3773280,1578642408987681,1,1,1,1,0,1,1,1,1,0,0.20166016,0.02555847,0.97911072,0.28424072,0.06060791,0.95681763,33.69761658,-0.24588013,-28.51805115,-24.98606873,-0.06504822,-20.31863403,0,0.0,3.61354065,3.61354065,1.0,1.0,1578642408987735,252481300192, HMD, -0.07072, 1.16982, 0.40326, 0.01144, 0.01701, -0.99975, -0.00911
3773289,1578642408991687,1,1,1,1,0,1,1,1,1,0,0.20584106,0.02868652,0.97814941,0.28308105,0.05136108,0.9577179,33.71525574,-0.22866821,-28.60842896,-24.9961853,-0.08932495,-20.22496033,0,0.0,3.57644653,3.57644653,1.0,1.0,1578642408988825,252481311097, HMD, -0.07073, 1.16982, 0.40325, 0.01144, 0.01701, -0.99975, -0.00911
3773289,1578642408996679,1,1,1,1,0,1,1,1,1,0,0.20584106,0.02868652,0.97814941,0.28308105,0.05136108,0.9577179,33.71525574,-0.22866821,-28.60842896,-24.9961853,-0.08932495,-20.22496033,0,0.0,3.57644653,3.57644653,1.0,1.0,1578642408999363,252481416480, HMD, -0.07073, 1.16982, 0.40324, 0.01146, 0.01702, -0.99975, -0.00908
3773297,1578642409000657,1,1,1,1,0,1,1,1,1,0,0.20669556,0.02128601,0.97816467,0.30015564,0.05937195,0.95202637,33.73043823,-0.24771118,-28.5920105,-25.04295349,-0.2686615,-19.78851318,0,0.0,3.47309875,3.47309875,1.0,1.0,1578642409000601,252481428857, HMD, -0.07073, 1.16982, 0.40324, 0.01146, 0.01702, -0.99975, -0.00907
3773297,1578642409004666,1,1,1,1,0,1,1,1,1,0,0.20669556,0.02128601,0.97816467,0.30015564,0.05937195,0.95202637,33.73043823,-0.24771118,-28.5920105,-25.04295349,-0.2686615,-19.78851318,0,0.0,3.47309875,3.47309875,1.0,1.0,1578642409002348,252481446325, HMD, -0.07073, 1.16982, 0.40324, 0.01146, 0.01702, -0.99975, -0.00906
3773305,1578642409008681,1,1,1,1,0,1,1,1,1,0,0.20423889,0.02882385,0.97848511,0.28552246,0.05422974,0.95683289,33.74491882,-0.25474548,-28.61828613,-25.0305481,-0.18281555,-19.96920776,0,0.0,3.48930359,3.48930359,1.0,1.0,1578642409012539,252481548239, HMD, -0.07074, 1.16984, 0.40324, 0.01148, 0.01704, -0.99975, -0.00903
3773305,1578642409012664,1,1,1,1,0,1,1,1,1,0,0.20423889,0.02882385,0.97848511,0.28552246,0.05422974,0.95683289,33.74491882,-0.25474548,-28.61828613,-25.0305481,-0.18281555,-19.96920776,0,0.0,3.48930359,3.48930359,1.0,1.0,1578642409012742,252481550269, HMD, -0.07074, 1.16984, 0.40324, 0.01149, 0.01704, -0.99975, -0.00903
3773314,1578642409016691,1,1,1,1,0,1,1,1,1,0,0.20579529,0.03234863,0.97805786,0.2882843,0.05474854,0.95596313,33.7567749,-0.23652649,-28.71664429,-25.04618835,-0.1710968,-20.02433777,0,0.0,3.4173584,3.4173584,1.0,1.0,1578642409015612,252481578959, HMD, -0.07074, 1.16984, 0.40324, 0.01149, 0.01705, -0.99975, -0.00903
3773314,1578642409020686,1,1,1,1,0,1,1,1,1,0,0.20579529,0.03234863,0.97805786,0.2882843,0.05474854,0.95596313,33.7567749,-0.23652649,-28.71664429,-25.04618835,-0.1710968,-20.02433777,0,0.0,3.4173584,3.4173584,1.0,1.0,1578642409024729,252481670138, HMD, -0.07074, 1.16985, 0.40322, 0.01150, 0.01707, -0.99975, -0.00900
3773322,1578642409024663,1,1,1,1,0,1,1,1,1,0,0.20809937,0.03132629,0.9776001,0.27998352,0.05961609,0.95814514,33.76724243,-0.21205139,-28.81518555,-25.04806519,-0.14833069,-20.11088562,0,0.0,3.39518738,3.39518738,1.0,1.0,1578642409024729,252481670138, HMD, -0.07074, 1.16985, 0.40322, 0.01150, 0.01707, -0.99975, -0.00900
3773322,1578642409028685,1,1,1,1,0,1,1,1,1,0,0.20809937,0.03132629,0.9776001,0.27998352,0.05961609,0.95814514,33.76724243,-0.21205139,-28.81518555,-25.04806519,-0.14833069,-20.11088562,0,0.0,3.39518738,3.39518738,1.0,1.0,1578642409027813,252481700969, HMD, -0.07073, 1.16984, 0.40322, 0.01150, 0.01706, -0.99975, -0.00899
3773330,1578642409033150,1,1,1,1,0,1,1,1,1,0,0.20446777,0.02566528,0.97853088,0.28146362,0.05421448,0.95802307,33.77250671,-0.20385742,-28.85643005,-25.05085754,-0.13793945,-20.14653015,0,0.0,3.36967468,3.36967468,1.0,1.0,1578642409027813,252481700969, HMD, -0.07073, 1.16984, 0.40322, 0.01150, 0.01706, -0.99975, -0.00899
3773330,1578642409036714,1,1,1,1,0,1,1,1,1,0,0.20446777,0.02566528,0.97853088,0.28146362,0.05421448,0.95802307,33.77250671,-0.20385742,-28.85643005,-25.05085754,-0.13793945,-20.14653015,0,0.0,3.36967468,3.36967468,1.0,1.0,1578642409040429,252481827139, HMD, -0.07071, 1.16986, 0.40318, 0.01150, 0.01709, -0.99975, -0.00896
3773339,1578642409040678,1,1,1,1,0,1,1,1,1,0,0.20683289,0.02844238,0.97795105,0.28192139,0.04997253,0.95812988,33.78125,-0.17449951,-28.95918274,-25.0536499,-0.13970947,-20.1572113,0,0.0,3.32611084,3.32611084,1.0,1.0,1578642409040724,252481830090, HMD, -0.07071, 1.16986, 0.40318, 0.01150, 0.01709, -0.99975, -0.00896
3773339,1578642409045688,1,1,1,1,0,1,1,1,1,0,0.20683289,0.02844238,0.97795105,0.28192139,0.04997253,0.95812988,33.78125,-0.17449951,-28.95918274,-25.0536499,-0.13970947,-20.1572113,0,0.0,3.32611084,3.32611084,1.0,1.0,1578642409043850,252481861340, HMD, -0.07071, 1.16986, 0.40318, 0.01150, 0.01709, -0.99975, -0.00896
3773347,1578642409049688,1,1,1,1,0,1,1,1,1,0,0.21081543,0.0302887,0.97705078,0.28173828,0.05078125,0.95814514,33.78939819,-0.14794922,-29.04890442,-25.05712891,-0.13362122,-20.16969299,0,0.0,3.30696106,3.30696106,1.0,1.0,1578642409055472,252481977604, HMD, -0.07068, 1.16986, 0.40313, 0.01147, 0.01711, -0.99975, -0.00895
3773347,1578642409053703,1,1,1,1,0,1,1,1,1,0,0.21081543,0.0302887,0.97705078,0.28173828,0.05078125,0.95814514,33.78939819,-0.14794922,-29.04890442,-25.05712891,-0.13362122,-20.16969299,0,0.0,3.30696106,3.30696106,1.0,1.0,1578642409055472,252481977604, HMD, -0.07068, 1.16986, 0.40313, 0.01147, 0.01711, -0.99975, -0.00895
3773355,1578642409057693,1,1,1,1,0,1,1,1,1,0,0.20256042,0.02146912,0.97901917,0.28134155,0.04988098,0.95829773,33.79023743,-0.17903137,-28.9510498,-25.06059265,-0.12754822,-20.18218994,0,0.0,3.33596802,3.33596802,1.0,1.0,1578642409057743,252482000277, HMD, -0.07068, 1.16986, 0.40313, 0.01146, 0.01711, -0.99975, -0.00895
3773355,1578642409061693,1,1,1,1,0,1,1,1,1,0,0.20256042,0.02146912,0.97901917,0.28134155,0.04988098,0.95829773,33.79023743,-0.17903137,-28.9510498,-25.06059265,-0.12754822,-20.18218994,0,0.0,3.33596802,3.33596802,1.0,1.0,1578642409060022,252482023064, HMD, -0.07068, 1.16986, 0.40312, 0.01146, 0.01711, -0.99975, -0.00895
3773364,1578642409066691,1,1,1,1,0,1,1,1,1,0,0.20832825,0.0219574,0.97779846,0.27983093,0.05085754,0.95869446,33.79316711,-0.17304993,-28.96957397,-25.06259155,-0.12409973,-20.20677185,0,0.0,3.28651428,3.28651428,1.0,1.0,1578642409060022,252482023064, HMD, -0.07068, 1.16986, 0.40312, 0.01146, 0.01711, -0.99975, -0.00895
3773364,1578642409070712,1,1,1,1,0,1,1,1,1,0,0.20832825,0.0219574,0.97779846,0.27983093,0.05085754,0.95869446,33.79316711,-0.17304993,-28.96957397,-25.06259155,-0.12409973,-20.20677185,0,0.0,3.28651428,3.28651428,1.0,1.0,1578642409060022,252482023064, HMD, -0.07068, 1.16986, 0.40312, 0.01146, 0.01711, -0.99975, -0.00895
3773372,1578642409074783,1,1,1,1,0,1,1,1,1,0,0.20892334,0.02243042,0.97766113,0.27745056,0.05168152,0.95933533,33.7960968,-0.17120361,-28.97796631,-25.06059265,-0.12065125,-20.23136902,0,0.0,3.2364502,3.2364502,1.0,1.0,1578642409081925,252482242137, HMD, -0.07073, 1.16989, 0.40312, 0.01137, 0.01709, -0.99975, -0.00887
3773372,1578642409078785,1,1,1,1,0,1,1,1,1,0,0.20892334,0.02243042,0.97766113,0.27745056,0.05168152,0.95933533,33.7960968,-0.17120361,-28.97796631,-25.06059265,-0.12065125,-20.23136902,0,0.0,3.2364502,3.2364502,1.0,1.0,1578642409081925,252482242137, HMD, -0.07073, 1.16989, 0.40312, 0.01137, 0.01709, -0.99975, -0.00887
3773372,1578642409082797,1,1,1,1,0,1,1,1,1,0,0.20962524,0.02272034,0.97750854,0.27142334,0.05155945,0.96107483,33.7978363,-0.16914368,-28.98303223,-25.05712891,-0.11375427,-20.2628479,0,0.0,3.22529602,3.22529602,1.0,1.0,1578642409082835,252482251200, HMD, -0.07073, 1.16989, 0.40312, 0.01137, 0.01709, -0.99975, -0.00887
3773380,1578642409086824,1,1,1,1,0,1,1,1,1,0,0.20962524,0.02272034,0.97750854,0.27142334,0.05155945,0.96107483,33.7978363,-0.16914368,-28.98303223,-25.05712891,-0.11375427,-20.2628479,0,0.0,3.22529602,3.22529602,1.0,1.0,1578642409086040,252482283243, HMD, -0.07073, 1.16989, 0.40312, 0.01135, 0.01709, -0.99975, -0.00885
3773380,1578642409090852,1,1,1,1,0,1,1,1,1,0,0.21026611,0.02203369,0.97738647,0.22929382,0.04438782,0.97233582,33.79957581,-0.16708374,-28.98809814,-24.97386169,0.44285583,-22.42713928,0,0.0,3.21379089,3.21379089,1.0,1.0,1578642409086040,252482283243, HMD, -0.07073, 1.16989, 0.40312, 0.01135, 0.01709, -0.99975, -0.00885
3773389,1578642409094829,1,1,1,1,0,1,1,1,1,0,0.21026611,0.02203369,0.97738647,0.22929382,0.04438782,0.97233582,33.79957581,-0.16708374,-28.98809814,-24.97386169,0.44285583,-22.42713928,0,0.0,3.21379089,3.21379089,1.0,1.0,1578642409086040,252482283243, HMD, -0.07073, 1.16989, 0.40312, 0.01135, 0.01709, -0.99975, -0.00885
3773405,1578642409113839,1,1,1,1,0,1,1,1,1,0,0.17996216,0.01321411,0.98358154,0.22979736,0.05010986,0.97193909,33.88822937,0.42935181,-31.00769043,-24.97969055,0.42715454,-22.29602051,0,0.0,3.14778137,3.14778137,1.0,1.0,1578642409118363,252482606595, HMD, -0.07070, 1.16993, 0.40305, 0.01125, 0.01698, -0.99976, -0.00859
3773414,1578642409117806,1,1,1,1,0,1,1,1,1,0,0.24266052,0.06326294,0.96803284,0.24636841,0.06427002,0.96702576,33.83998108,-0.57049561,-27.88050842,-24.86978149,0.47640991,-22.51953125,0,0.0,3.22387695,3.22387695,1.0,1.0,1578642409118363,252482606595, HMD, -0.07070, 1.16993, 0.40305, 0.01125, 0.01698, -0.99976, -0.00859
3773422,1578642409124809,1,1,1,1,0,1,1,1,1,0,0.23605347,0.05134583,0.97036743,0.2749939,0.06465149,0.95925903,34.05270386,0.4311676,-30.59979248,-24.51675415,0.57296753,-22.02009583,0,0.0,3.14657593,3.14657593,1.0,1.0,1578642409124868,252482671525, HMD, -0.07071, 1.16994, 0.40304, 0.01124, 0.01698, -0.99976, -0.00852
3773422,1578642409128802,1,1,1,1,0,1,1,1,1,0,0.23605347,0.05134583,0.97036743,0.2749939,0.06465149,0.95925903,34.05270386,0.4311676,-30.59979248,-24.51675415,0.57296753,-22.02009583,0,0.0,3.14657593,3.14657593,1.0,1.0,1578642409124976,252482672605, HMD, -0.07071, 1.16994, 0.40304, 0.01124, 0.01697, -0.99976, -0.00852
3773430,1578642409139868,1,1,1,1,0,1,1,1,1,0,0.29804993,0.09802246,0.94949341,0.28564453,0.11677551,0.95118713,34.41722107,1.23455811,-32.42887878,-23.81985474,1.93804932,-26.20880127,0,0.0,3.17602539,3.17602539,1.0,1.0,1578642409153002,252482952897, HMD, -0.07074, 1.17003, 0.40306, 0.01130, 0.01694, -0.99976, -0.00834
3773439,1578642409143862,1,1,1,1,0,1,1,1,1,0,0.29804993,0.09802246,0.94949341,0.28564453,0.11677551,0.95118713,34.41722107,1.23455811,-32.42887878,-23.81985474,1.93804932,-26.20880127,0,0.0,3.17602539,3.17602539,1.0,1.0,1578642409153002,252482952897, HMD, -0.07074, 1.17003, 0.40306, 0.01130, 0.01694, -0.99976, -0.00834
3773447,1578642409147866,1,1,1,1,0,1,1,1,1,0,0.33084106,0.11483765,0.93666077,0.32206726,0.1211853,0.93891907,34.54478455,1.33305359,-32.69555664,-23.71228027,1.9127655,-25.97894287,0,0.0,3.11833191,3.11833191,1.0,1.0,1578642409153002,252482952897, HMD, -0.07074, 1.17003, 0.40306, 0.01130, 0.01694, -0.99976, -0.00834
3773447,1578642409152857,1,1,1,1,0,1,1,1,1,0,0.33084106,0.11483765,0.93666077,0.32206726,0.1211853,0.93891907,34.54478455,1.33305359,-32.69555664,-23.71228027,1.9127655,-25.97894287,0,0.0,3.11833191,3.11833191,1.0,1.0,1578642409153002,252482952897, HMD, -0.07074, 1.17003, 0.40306, 0.01130, 0.01694, -0.99976, -0.00834
3773455,1578642409156859,1,1,1,1,0,1,1,1,1,0,0.32223511,0.12072754,0.93891907,0.32853699,0.12283325,0.9364624,34.62641907,1.42346191,-33.02001953,-23.68063354,1.81791687,-25.61430359,0,0.0,3.07240295,3.07240295,1.0,1.0,1578642409156859,252482991432, HMD, -0.07074, 1.17004, 0.40306, 0.01133, 0.01694, -0.99976, -0.00830
3773455,1578642409160377,1,1,1,1,0,1,1,1,1,0,0.32223511,0.12072754,0.93891907,0.32853699,0.12283325,0.9364624,34.62641907,1.42346191,-33.02001953,-23.68063354,1.81791687,-25.61430359,0,0.0,3.07240295,3.07240295,1.0,1.0,1578642409157397,252482996814, HMD, -0.07074, 1.17004, 0.40306, 0.01133, 0.01694, -0.99976, -0.00830
3773455,1578642409164398,1,1,1,1,0,1,1,1,1,0,0.3177948,0.11201477,0.94151306,0.3286438,0.12409973,0.93624878,34.65791321,1.48594666,-33.317276,-23.68972778,1.89801025,-25.94259644,0,0.0,3.03465271,3.03465271,1.0,1.0,1578642409157397,252482996814, HMD, -0.07074, 1.17004, 0.40306, 0.01133, 0.01694, -0.99976, -0.00830
3773464,1578642409168387,1,1,1,1,0,1,1,1,1,0,0.3177948,0.11201477,0.94151306,0.3286438,0.12409973,0.93624878,34.65791321,1.48594666,-33.317276,-23.68972778,1.89801025,-25.94259644,0,0.0,3.03465271,3.03465271,1.0,1.0,1578642409174776,252483170672, HMD, -0.07072, 1.17006, 0.40304, 0.01146, 0.01695, -0.99976, -0.00815
3773472,1578642409174882,1,1,1,1,0,1,1,1,1,0,0.31503296,0.10906982,0.94277954,0.29333496,0.11732483,0.94877625,34.66970825,1.53829956,-33.51156616,-23.65937805,2.07702637,-26.73883057,0,0.0,2.97843933,2.97843933,1.0,1.0,1578642409174776,252483170672, HMD, -0.07072, 1.17006, 0.40304, 0.01146, 0.01695, -0.99976, -0.00815
3773472,1578642409179163,1,1,1,1,0,1,1,1,1,0,0.31503296,0.10906982,0.94277954,0.29333496,0.11732483,0.94877625,34.66970825,1.53829956,-33.51156616,-23.65937805,2.07702637,-26.73883057,0,0.0,2.97843933,2.97843933,1.0,1.0,1578642409179164,252483214484, HMD, -0.07072, 1.17007, 0.40304, 0.01148, 0.01696, -0.99976, -0.00812
3773480,1578642409183060,1,1,1,1,0,1,1,1,1,0,0.30291748,0.10334778,0.9473877,0.30581665,0.12716675,0.94354248,34.68406677,1.56582642,-33.61451721,-23.68913269,1.92391968,-26.18875122,0,0.0,2.95797729,2.95797729,1.0,1.0,1578642409179898,252483221821, HMD, -0.07072, 1.17008, 0.40304, 0.01149, 0.01697, -0.99976, -0.00811
3773489,1578642409196050,1,1,1,1,0,1,1,1,1,0,0.30302429,0.11116028,0.94647217,0.30702209,0.12002563,0.9440918,34.70367432,1.60548401,-33.76567078,-23.69607544,1.85551453,-25.95823669,0,0.0,2.98197937,2.98197937,1.0,1.0,1578642409207632,252483499195, HMD, -0.07079, 1.17020, 0.40302, 0.01170, 0.01714, -0.99975, -0.00785
3773497,1578642409200038,1,1,1,1,0,1,1,1,1,0,0.29934692,0.10862732,0.94793701,0.31163025,0.12329102,0.94215393,34.72016907,1.62936401,-33.87437439,-23.69891357,1.83918762,-25.9102478,0,0.0,3.02619934,3.02619934,1.0,1.0,1578642409207632,252483499195, HMD, -0.07079, 1.17020, 0.40302, 0.01170, 0.01714, -0.99975, -0.00785
3773497,1578642409205038,1,1,1,1,0,1,1,1,1,0,0.29934692,0.10862732,0.94793701,0.31163025,0.12329102,0.94215393,34.72016907,1.62936401,-33.87437439,-23.69891357,1.83918762,-25.9102478,0,0.0,3.02619934,3.02619934,1.0,1.0,1578642409207632,252483499195, HMD, -0.07079, 1.17020, 0.40302, 0.01170, 0.01714, -0.99975, -0.00785
3773505,1578642409209033,1,1,1,1,0,1,1,1,1,0,0.29716492,0.11074829,0.94836426,0.31040955,0.12283325,0.94262695,34.73440552,1.60922241,-33.83161926,-23.70176697,1.82286072,-25.86225891,0,0.0,2.97491455,2.97491455,1.0,1.0,1578642409208996,252483512799, HMD, -0.07078, 1.17021, 0.40302, 0.01171, 0.01715, -0.99975, -0.00784
3773505,1578642409213035,1,1,1,1,0,1,1,1,1,0,0.29716492,0.11074829,0.94836426,0.31040955,0.12283325,0.94262695,34.73440552,1.60922241,-33.83161926,-23.70176697,1.82286072,-25.86225891,0,0.0,2.97491455,2.97491455,1.0,1.0,1578642409211008,252483532922, HMD, -0.07078, 1.17022, 0.40302, 0.01172, 0.01716, -0.99975, -0.00783
3773514,1578642409217040,1,1,1,1,0,1,1,1,1,0,0.29367065,0.10488892,0.95011902,0.3127594,0.12243652,0.94189453,34.74821472,1.55236816,-33.69125366,-23.70487976,1.80531311,-25.80508423,0,0.0,2.93711853,2.93711853,1.0,1.0,1578642409222964,252483652519, HMD, -0.07077, 1.17027, 0.40301, 0.01183, 0.01721, -0.99975, -0.00770
3773514,1578642409221029,1,1,1,1,0,1,1,1,1,0,0.29367065,0.10488892,0.95011902,0.3127594,0.12243652,0.94189453,34.74821472,1.55236816,-33.69125366,-23.70487976,1.80531311,-25.80508423,0,0.0,2.93711853,2.93711853,1.0,1.0,1578642409222964,252483652519, HMD, -0.07077, 1.17027, 0.40301, 0.01183, 0.01721, -0.99975, -0.00770
3773522,1578642409226027,1,1,1,1,0,1,1,1,1,0,0.29980469,0.10296631,0.94841003,0.31341553,0.12286377,0.94161987,34.75881958,1.54347229,-33.70199585,-23.70800781,1.78778076,-25.74790955,0,0.0,2.95651245,2.95651245,1.0,1.0,1578642409225976,252483682606, HMD, -0.07076, 1.17028, 0.40301, 0.01185, 0.01722, -0.99975, -0.00766
3773522,1578642409230034,1,1,1,1,0,1,1,1,1,0,0.29980469,0.10296631,0.94841003,0.31341553,0.12286377,0.94161987,34.75881958,1.54347229,-33.70199585,-23.70800781,1.78778076,-25.74790955,0,0.0,2.95651245,2.95651245,1.0,1.0,1578642409226140,252483684244, HMD, -0.07076, 1.17028, 0.40301, 0.01186, 0.01722, -0.99975, -0.00766
3773530,1578642409234034,1,1,1,1,0,1,1,1,1,0,0.30271912,0.10638428,0.94711304,0.31359863,0.123703,0.94145203,34.77102661,1.49693298,-33.59269714,-23.71089172,1.77096558,-25.69935608,0,0.0,2.98655701,2.98655701,1.0,1.0,1578642409226140,252483684244, HMD, -0.07076, 1.17028, 0.40301, 0.01186, 0.01722, -0.99975, -0.00766
3773530,1578642409239022,1,1,1,1,0,1,1,1,1,0,0.30271912,0.10638428,0.94711304,0.31359863,0.123703,0.94145203,34.77102661,1.49693298,-33.59269714,-23.71089172,1.77096558,-25.69935608,0,0.0,2.98655701,2.98655701,1.0,1.0,1578642409245039,252483873306, HMD, -0.07075, 1.17038, 0.40300, 0.01210, 0.01721, -0.99975, -0.00748
3773539,1578642409243025,1,1,1,1,0,1,1,1,1,0,0.30299377,0.11224365,0.9463501,0.31619263,0.1245575,0.94047546,34.78233337,1.41352844,-33.38731384,-23.71376038,1.75415039,-25.65081787,0,0.0,2.94458008,2.94458008,1.0,1.0,1578642409245039,252483873306, HMD, -0.07075, 1.17038, 0.40300, 0.01210, 0.01721, -0.99975, -0.00748
3773539,1578642409247016,1,1,1,1,0,1,1,1,1,0,0.30299377,0.11224365,0.9463501,0.31619263,0.1245575,0.94047546,34.78233337,1.41352844,-33.38731384,-23.71376038,1.75415039,-25.65081787,0,0.0,2.94458008,2.94458008,1.0,1.0,1578642409247063,252483893478, HMD, -0.07077, 1.17037, 0.40298, 0.01214, 0.01721, -0.99975, -0.00744
3773547,1578642409251037,1,1,1,1,0,1,1,1,1,0,0.30158997,0.10820007,0.94726563,0.31617737,0.12522888,0.94038391,34.78790283,1.35292053,-33.23175049,-23.71601868,1.73497009,-25.60023499,0,0.0,2.9234314,2.9234314,1.0,1.0,1578642409250236,252483925200, HMD, -0.07072, 1.17037, 0.40293, 0.01219, 0.01720, -0.99975, -0.00739
3773547,1578642409255046,1,1,1,1,0,1,1,1,1,0,0.30158997,0.10820007,0.94726563,0.31617737,0.12522888,0.94038391,34.78790283,1.35292053,-33.23175049,-23.71601868,1.73497009,-25.60023499,0,0.0,2.9234314,2.9234314,1.0,1.0,1578642409250236,252483925200, HMD, -0.07072, 1.17037, 0.40293, 0.01219, 0.01720, -0.99975, -0.00739
3773555,1578642409261011,1,1,1,1,0,1,1,1,1,0,0.29891968,0.1078186,0.94815063,0.31613159,0.12590027,0.94030762,34.79064941,1.34695435,-33.22044373,-23.71827698,1.71578979,-25.5496521,0,0.0,2.93824768,2.93824768,1.0,1.0,1578642409264690,252484069793, HMD, -0.07072, 1.17041, 0.40291, 0.01241, 0.01710, -0.99975, -0.00724
3773564,1578642409265016,1,1,1,1,0,1,1,1,1,0,0.2963562,0.10731506,0.94902039,0.31721497,0.12704468,0.93980408,34.79338074,1.34651184,-33.22875977,-23.72019958,1.71524048,-25.58180237,0,0.0,2.94281006,2.94281006,1.0,1.0,1578642409265041,252484073252, HMD, -0.07072, 1.17042, 0.40290, 0.01241, 0.01709, -0.99975, -0.00723
3773564,1578642409269016,1,1,1,1,0,1,1,1,1,0,0.2963562,0.10731506,0.94902039,0.31721497,0.12704468,0.93980408,34.79338074,1.34651184,-33.22875977,-23.72019958,1.71524048,-25.58180237,0,0.0,2.94281006,2.94281006,1.0,1.0,1578642409268280,252484105647, HMD, -0.07070, 1.17039, 0.40290, 0.01246, 0.01706, -0.99975, -0.00720
3773572,1578642409273029,1,1,1,1,0,1,1,1,1,0,0.2956543,0.10749817,0.94921875,0.31640625,0.12770081,0.93998718,34.79585266,1.34971619,-33.23025513,-23.72212219,1.71578979,-25.61393738,0,0.0,2.93188477,2.93188477,1.0,1.0,1578642409268280,252484105647, HMD, -0.07070, 1.17039, 0.40290, 0.01246, 0.01706, -0.99975, -0.00720
3773572,1578642409277024,1,1,1,1,0,1,1,1,1,0,0.2956543,0.10749817,0.94921875,0.31640625,0.12770081,0.93998718,34.79585266,1.34971619,-33.23025513,-23.72212219,1.71578979,-25.61393738,0,0.0,2.93188477,2.93188477,1.0,1.0,1578642409282338,252484246243, HMD, -0.07069, 1.17043, 0.40287, 0.01269, 0.01698, -0.99975, -0.00702
3773572,1578642409281002,1,1,1,1,0,1,1,1,1,0,0.2956543,0.10749817,0.94921875,0.31640625,0.12770081,0.93998718,34.79585266,1.34971619,-33.23025513,-23.72212219,1.71578979,-25.61393738,0,0.0,2.93188477,2.93188477,1.0,1.0,1578642409282338,252484246243, HMD, -0.07069, 1.17043, 0.40287, 0.01269, 0.01698, -0.99975, -0.00702
3773580,1578642409285030,1,1,1,1,0,1,1,1,1,0,0.29522705,0.10566711,0.94955444,0.31716919,0.12454224,0.94013977,34.79832458,1.35292053,-33.23175049,-23.72363281,1.71931458,-25.63238525,0,0.0,2.92100525,2.92100525,1.0,1.0,1578642409285050,252484273348, HMD, -0.07069, 1.17044, 0.40286, 0.01273, 0.01696, -0.99975, -0.00698
3773580,1578642409289007,1,1,1,1,0,1,1,1,1,0,0.29522705,0.10566711,0.94955444,0.31716919,0.12454224,0.94013977,34.79832458,1.35292053,-33.23175049,-23.72363281,1.71931458,-25.63238525,0,0.0,2.92100525,2.92100525,1.0,1.0,1578642409285587,252484278718, HMD, -0.07069, 1.17044, 0.40286, 0.01274, 0.01696, -0.99975, -0.00697
3773589,1578642409292924,1,1,1,1,0,1,1,1,1,0,0.29452515,0.10691833,0.94963074,0.31785583,0.12135315,0.94033813,34.79985046,1.35801697,-33.25889587,-23.72514343,1.72285461,-25.65081787,0,0.0,2.90097046,2.90097046,1.0,1.0,1578642409297178,252484394650, HMD, -0.07066, 1.17045, 0.40281, 0.01297, 0.01693, -0.99975, -0.00679
3773589,1578642409297002,1,1,1,1,0,1,1,1,1,0,0.29452515,0.10691833,0.94963074,0.31785583,0.12135315,0.94033813,34.79985046,1.35801697,-33.25889587,-23.72514343,1.72285461,-25.65081787,0,0.0,2.90097046,2.90097046,1.0,1.0,1578642409297178,252484394650, HMD, -0.07066, 1.17045, 0.40281, 0.01297, 0.01693, -0.99975, -0.00679
3773597,1578642409301999,1,1,1,1,0,1,1,1,1,0,0.29408264,0.10623169,0.94984436,0.31729126,0.1212616,0.9405365,34.80137634,1.3631134,-33.286026,-23.72714233,1.72465515,-25.66094971,0,0.0,2.88027954,2.88027954,1.0,1.0,1578642409301714,252484439982, HMD, -0.07065, 1.17046, 0.40280, 0.01306, 0.01693, -0.99975, -0.00674
3773605,1578642409305996,1,1,1,1,0,1,1,1,1,0,0.29463196,0.10650635,0.949646,0.31822205,0.12129211,0.94021606,34.802948,1.35801697,-33.25889587,-23.72914124,1.72645569,-25.67106628,0,0.0,2.86799622,2.86799622,1.0,1.0,1578642409301714,252484439982, HMD, -0.07065, 1.17046, 0.40280, 0.01306, 0.01693, -0.99975, -0.00674
3773605,1578642409310004,1,1,1,1,0,1,1,1,1,0,0.29463196,0.10650635,0.949646,0.31822205,0.12129211,0.94021606,34.802948,1.35801697,-33.25889587,-23.72914124,1.72645569,-25.67106628,0,0.0,2.86799622,2.86799622,1.0,1.0,1578642409311701,252484539864, HMD, -0.07060, 1.17046, 0.40275, 0.01328, 0.01691, -0.99975, -0.00660
3773622,1578642409325014,1,1,1,1,0,1,1,1,1,0,0.29629517,0.10546875,0.94924927,0.31750488,0.11865234,0.9407959,34.80557251,1.34971619,-33.23025513,-23.73684692,1.72645569,-25.67106628,0,0.0,2.84721375,2.84721375,1.0,1.0,1578642409315529,252484578133, HMD, -0.07059, 1.17047, 0.40274, 0.01336, 0.01691, -0.99975, -0.00654
3773622,1578642409328994,1,1,1,1,0,1,1,1,1,0,0.29629517,0.10546875,0.94924927,0.31750488,0.11865234,0.9407959,34.80557251,1.34971619,-33.23025513,-23.73684692,1.72645569,-25.67106628,0,0.0,2.84721375,2.84721375,1.0,1.0,1578642409336200,252484784884, HMD, -0.07055, 1.17049, 0.40262, 0.01385, 0.01690, -0.99974, -0.00627
3773630,1578642409333011,1,1,1,1,0,1,1,1,1,0,0.29472351,0.10592651,0.94967651,0.31764221,0.11735535,0.94090271,34.80662537,1.34651184,-33.22875977,-23.73727417,1.72645569,-25.67106628,0,0.0,2.84757996,2.84757996,1.0,1.0,1578642409336200,252484784884, HMD, -0.07055, 1.17049, 0.40262, 0.01385, 0.01690, -0.99974, -0.00627
3773630,1578642409336992,1,1,1,1,0,1,1,1,1,0,0.29472351,0.10592651,0.94967651,0.31764221,0.11735535,0.94090271,34.80662537,1.34651184,-33.22875977,-23.73727417,1.72645569,-25.67106628,0,0.0,2.84757996,2.84757996,1.0,1.0,1578642409336945,252484792295, HMD, -0.07055, 1.17050, 0.40261, 0.01387, 0.01689, -0.99974, -0.00626
3773639,1578642409340987,1,1,1,1,0,1,1,1,1,0,0.29598999,0.105896,0.94929504,0.31498718,0.11836243,0.94168091,34.80709839,1.34375,-33.22280884,-23.76957703,1.83929443,-26.16339111,0,0.0,2.85177612,2.85177612,1.0,1.0,1578642409339578,252484818621, HMD, -0.07054, 1.17050, 0.40260, 0.01394, 0.01689, -0.99974, -0.00623
3773639,1578642409344999,1,1,1,1,0,1,1,1,1,0,0.29598999,0.105896,0.94929504,0.31498718,0.11836243,0.94168091,34.80709839,1.34375,-33.22280884,-23.76957703,1.83929443,-26.16339111,0,0.0,2.85177612,2.85177612,1.0,1.0,1578642409339578,252484818621, HMD, -0.07054, 1.17050, 0.40260, 0.01394, 0.01689, -0.99974, -0.00623
3773647,1578642409348989,1,1,1,1,0,1,1,1,1,0,0.29754639,0.11271667,0.94801331,0.28610229,0.1322937,0.94900513,34.68560791,1.4407959,-33.41137695,-23.89616394,1.80075073,-25.71070862,0,0.0,2.82810974,2.82810974,1.0,1.0,1578642409353630,252484959168, HMD, -0.07052, 1.17055, 0.40253, 0.01432, 0.01690, -0.99974, -0.00604
3773647,1578642409352986,1,1,1,1,0,1,1,1,1,0,0.29754639,0.11271667,0.94801331,0.28610229,0.1322937,0.94900513,34.68560791,1.4407959,-33.41137695,-23.89616394,1.80075073,-25.71070862,0,0.0,2.82810974,2.82810974,1.0,1.0,1578642409353630,252484959168, HMD, -0.07052, 1.17055, 0.40253, 0.01432, 0.01690, -0.99974, -0.00604
3773655,1578642409356996,1,1,1,1,0,1,1,1,1,0,0.27926636,0.14608765,0.94902039,0.25970459,0.15733337,0.95277405,34.41534424,0.96220398,-31.39712524,-24.08630371,1.90219116,-25.61250305,0,0.0,2.782547,2.782547,1.0,1.0,1578642409357058,252484993431, HMD, -0.07052, 1.17056, 0.40251, 0.01441, 0.01691, -0.99974, -0.00601
3773655,1578642409361171,1,1,1,1,0,1,1,1,1,0,0.27926636,0.14608765,0.94902039,0.25970459,0.15733337,0.95277405,34.41534424,0.96220398,-31.39712524,-24.08630371,1.90219116,-25.61250305,0,0.0,2.782547,2.782547,1.0,1.0,1578642409357363,252484996472, HMD, -0.07052, 1.17056, 0.40251, 0.01442, 0.01691, -0.99973, -0.00600
3773664,1578642409366979,1,1,1,1,0,1,1,1,1,0,0.21577454,0.18312073,0.95910645,0.19445801,0.18157959,0.96394348,34.15385437,1.43525696,-32.40412903,-24.34080505,2.29624939,-26.25996399,0,0.0,2.76956177,2.76956177,1.0,1.0,1578642409373306,252485155932, HMD, -0.07051, 1.17064, 0.40245, 0.01484, 0.01692, -0.99973, -0.00582
3773664,1578642409370980,1,1,1,1,0,1,1,1,1,0,0.21577454,0.18312073,0.95910645,0.19445801,0.18157959,0.96394348,34.15385437,1.43525696,-32.40412903,-24.34080505,2.29624939,-26.25996399,0,0.0,2.76956177,2.76956177,1.0,1.0,1578642409373306,252485155932, HMD, -0.07051, 1.17064, 0.40245, 0.01484, 0.01692, -0.99973, -0.00582
3773672,1578642409375989,1,1,1,1,0,1,1,1,1,0,0.21250916,0.25053406,0.94448853,0.23284912,0.26400757,0.93598938,33.76002502,0.57402039,-29.09660339,-24.79830933,1.37586975,-22.37409973,0,0.0,2.70217896,2.70217896,1.0,1.0,1578642409375987,252485182713, HMD, -0.07051, 1.17065, 0.40244, 0.01491, 0.01692, -0.99973, -0.00579
3773672,1578642409379986,1,1,1,1,0,1,1,1,1,0,0.21250916,0.25053406,0.94448853,0.23284912,0.26400757,0.93598938,33.76002502,0.57402039,-29.09660339,-24.79830933,1.37586975,-22.37409973,0,0.0,2.70217896,2.70217896,1.0,1.0,1578642409376601,252485188857, HMD, -0.07051, 1.17065, 0.40243, 0.01492, 0.01692, -0.99973, -0.00578
3773680,1578642409383489,1,1,1,1,0,1,1,1,1,0,0.1794281,0.29273987,0.93919373,0.16737366,0.30682373,0.93692017,33.47477722,0.4262085,-28.27818298,-24.97808838,1.36219788,-21.98036194,0,0.0,2.80532837,2.80532837,1.0,1.0,1578642409376601,252485188857, HMD, -0.07051, 1.17065, 0.40243, 0.01492, 0.01692, -0.99973, -0.00578
3773680,1578642409387488,1,1,1,1,0,1,1,1,1,0,0.1794281,0.29273987,0.93919373,0.16737366,0.30682373,0.93692017,33.47477722,0.4262085,-28.27818298,-24.97808838,1.36219788,-21.98036194,0,0.0,2.80532837,2.80532837,1.0,1.0,1578642409394310,252485365977, HMD, -0.07048, 1.17074, 0.40231, 0.01539, 0.01694, -0.99972, -0.00556
3773689,1578642409391490,1,1,1,1,0,1,1,1,1,0,0.1426239,0.27310181,0.95133972,0.10101318,0.31521606,0.94361877,33.2742157,1.01322937,-29.60502625,-25.22756958,1.77018738,-22.90379333,0,0.0,2.75213623,2.75213623,1.0,1.0,1578642409394310,252485365977, HMD, -0.07048, 1.17074, 0.40231, 0.01539, 0.01694, -0.99972, -0.00556
3773689,1578642409397493,1,1,1,1,0,1,1,1,1,0,0.11401367,0.32507324,0.93878174,0.08824158,0.33430481,0.93830872,33.04580688,0.60508728,-28.30049133,-25.45411682,1.83486938,-22.82763672,0,0.0,2.74336243,2.74336243,1.0,1.0,1578642409397507,252485397918, HMD, -0.07047, 1.17076, 0.40229, 0.01547, 0.01695, -0.99972, -0.00552
3773697,1578642409401483,1,1,1,1,0,1,1,1,1,0,0.11401367,0.32507324,0.93878174,0.08824158,0.33430481,0.93830872,33.04580688,0.60508728,-28.30049133,-25.45411682,1.83486938,-22.82763672,0,0.0,2.74336243,2.74336243,1.0,1.0,1578642409397507,252485397918, HMD, -0.07047, 1.17076, 0.40229, 0.01547, 0.01695, -0.99972, -0.00552
3773697,1578642409405510,1,1,1,1,0,1,1,1,1,0,0.05535889,0.32728577,0.94328308,0.05688477,0.37303162,0.92605591,32.98075867,1.10133362,-29.7542572,-25.65118408,1.57351685,-21.86717224,0,0.0,2.73278809,2.73278809,1.0,1.0,1578642409409984,252485522725, HMD, -0.07047, 1.17083, 0.40221, 0.01579, 0.01698, -0.99972, -0.00531
3773705,1578642409409496,1,1,1,1,0,1,1,1,1,0,0.05535889,0.32728577,0.94328308,0.05688477,0.37303162,0.92605591,32.98075867,1.10133362,-29.7542572,-25.65118408,1.57351685,-21.86717224,0,0.0,2.73278809,2.73278809,1.0,1.0,1578642409409984,252485522725, HMD, -0.07047, 1.17083, 0.40221, 0.01579, 0.01698, -0.99972, -0.00531
3773705,1578642409413484,1,1,1,1,0,1,1,1,1,0,0.05535889,0.32728577,0.94328308,0.05688477,0.37303162,0.92605591,32.98075867,1.10133362,-29.7542572,-25.65118408,1.57351685,-21.86717224,0,0.0,2.73278809,2.73278809,1.0,1.0,1578642409413628,252485559154, HMD, -0.07047, 1.17085, 0.40219, 0.01586, 0.01699, -0.99972, -0.00526
3773714,1578642409418481,1,1,1,1,0,1,1,1,1,0,0.05830383,0.36369324,0.9296875,0.05023193,0.36555481,0.92941284,32.91352844,0.71890259,-28.57966614,-25.69815063,1.61817932,-21.90837097,0,0.0,2.90701294,2.90701294,1.0,1.0,1578642409416591,252485588758, HMD, -0.07047, 1.17087, 0.40218, 0.01595, 0.01700, -0.99971, -0.00520
3773714,1578642409422469,1,1,1,1,0,1,1,1,1,0,0.05830383,0.36369324,0.9296875,0.05023193,0.36555481,0.92941284,32.91352844,0.71890259,-28.57966614,-25.69815063,1.61817932,-21.90837097,0,0.0,2.90701294,2.90701294,1.0,1.0,1578642409424096,252485663866, HMD, -0.07047, 1.17091, 0.40214, 0.01611, 0.01701, -0.99971, -0.00505
3773722,1578642409427480,1,1,1,1,0,1,1,1,1,0,0.05613708,0.35469055,0.93328857,0.05119324,0.36587524,0.929245,32.93887329,0.72755432,-28.60856628,-25.69966125,1.62214661,-21.92884827,0,0.0,2.83914185,2.83914185,1.0,1.0,1578642409427524,252485698083, HMD, -0.07046, 1.17094, 0.40213, 0.01620, 0.01701, -0.99971, -0.00499
3773730,1578642409436496,1,1,1,1,0,1,1,1,1,0,0.05766296,0.35169983,0.93432617,0.05027771,0.36752319,0.92863464,32.96221924,0.73283386,-28.67807007,-25.69815063,1.62049866,-21.9493103,0,0.0,2.80691528,2.80691528,1.0,1.0,1578642409442238,252485845248, HMD, -0.07046, 1.17104, 0.40205, 0.01655, 0.01705, -0.99971, -0.00466
3773739,1578642409440465,1,1,1,1,0,1,1,1,1,0,0.05357361,0.34701538,0.93632507,0.05099487,0.36756897,0.92858887,32.98779297,0.74806213,-28.76142883,-25.69966125,1.61933899,-21.95555115,0,0.0,2.78442383,2.78442383,1.0,1.0,1578642409442238,252485845248, HMD, -0.07046, 1.17104, 0.40205, 0.01655, 0.01705, -0.99971, -0.00466
3773739,1578642409445499,1,1,1,1,0,1,1,1,1,0,0.05357361,0.34701538,0.93632507,0.05099487,0.36756897,0.92858887,32.98779297,0.74806213,-28.76142883,-25.69966125,1.61933899,-21.95555115,0,0.0,2.78442383,2.78442383,1.0,1.0,1578642409445551,252485878353, HMD, -0.07046, 1.17105, 0.40204, 0.01664, 0.01705, -0.99971, -0.00459
3773747,1578642409449467,1,1,1,1,0,1,1,1,1,0,0.05226135,0.34866333,0.93577576,0.05053711,0.36701965,0.92883301,32.99693298,0.73991394,-28.74188232,-25.70117188,1.62049866,-21.96180725,0,0.0,2.78186035,2.78186035,1.0,1.0,1578642409445551,252485878353, HMD, -0.07046, 1.17105, 0.40204, 0.01664, 0.01705, -0.99971, -0.00459
3773747,1578642409452757,1,1,1,1,0,1,1,1,1,0,0.05226135,0.34866333,0.93577576,0.05053711,0.36701965,0.92883301,32.99693298,0.73991394,-28.74188232,-25.70117188,1.62049866,-21.96180725,0,0.0,2.78186035,2.78186035,1.0,1.0,1578642409445551,252485878353, HMD, -0.07046, 1.17105, 0.40204, 0.01664, 0.01705, -0.99971, -0.00459
3773755,1578642409456770,1,1,1,1,0,1,1,1,1,0,0.05082703,0.3467865,0.93655396,0.04896545,0.36709595,0.92887878,33.00605774,0.74806213,-28.76142883,-25.70193481,1.61933899,-21.96333313,0,0.0,2.77604675,2.77604675,1.0,1.0,1578642409445551,252485878353, HMD, -0.07046, 1.17105, 0.40204, 0.01664, 0.01705, -0.99971, -0.00459
3773755,1578642409460754,1,1,1,1,0,1,1,1,1,0,0.05082703,0.3467865,0.93655396,0.04896545,0.36709595,0.92887878,33.00605774,0.74806213,-28.76142883,-25.70193481,1.61933899,-21.96333313,0,0.0,2.77604675,2.77604675,1.0,1.0,1578642409468507,252486107942, HMD, -0.07045, 1.17115, 0.40199, 0.01722, 0.01710, -0.99970, -0.00406
3773764,1578642409466754,1,1,1,1,0,1,1,1,1,0,0.05300903,0.34642029,0.93656921,0.04722595,0.36608887,0.92936707,33.0123291,0.7535553,-28.78637695,-25.70271301,1.62049866,-21.96484375,0,0.0,2.77520752,2.77520752,1.0,1.0,1578642409468507,252486107942, HMD, -0.07045, 1.17115, 0.40199, 0.01722, 0.01710, -0.99970, -0.00406
3773764,1578642409470756,1,1,1,1,0,1,1,1,1,0,0.05300903,0.34642029,0.93656921,0.04722595,0.36608887,0.92936707,33.0123291,0.7535553,-28.78637695,-25.70271301,1.62049866,-21.96484375,0,0.0,2.77520752,2.77520752,1.0,1.0,1578642409470770,252486130550, HMD, -0.07045, 1.17116, 0.40198, 0.01727, 0.01711, -0.99970, -0.00401
3773772,1578642409475754,1,1,1,1,0,1,1,1,1,0,0.05517578,0.34596252,0.93661499,0.04762268,0.36531067,0.92965698,33.01858521,0.7590332,-28.81134033,-25.70518494,1.62205505,-21.97764587,0,0.0,2.77474976,2.77474976,1.0,1.0,1578642409471768,252486140520, HMD, -0.07045, 1.17117, 0.40198, 0.01729, 0.01712, -0.99970, -0.00399
3773772,1578642409479743,1,1,1,1,0,1,1,1,1,0,0.05517578,0.34596252,0.93661499,0.04762268,0.36531067,0.92965698,33.01858521,0.7590332,-28.81134033,-25.70518494,1.62205505,-21.97764587,0,0.0,2.77474976,2.77474976,1.0,1.0,1578642409482434,252486247204, HMD, -0.07045, 1.17122, 0.40194, 0.01755, 0.01719, -0.99969, -0.00378
3773780,1578642409483735,1,1,1,1,0,1,1,1,1,0,0.05690002,0.34654236,0.93629456,0.04780579,0.36430359,0.93003845,33.02424622,0.77072144,-28.86029053,-25.7076416,1.62361145,-21.990448,0,0.0,2.77368164,2.77368164,1.0,1.0,1578642409483784,252486260680, HMD, -0.07045, 1.17123, 0.40193, 0.01758, 0.01720, -0.99969, -0.00376
3773780,1578642409487827,1,1,1,1,0,1,1,1,1,0,0.05690002,0.34654236,0.93629456,0.04780579,0.36430359,0.93003845,33.02424622,0.77072144,-28.86029053,-25.7076416,1.62361145,-21.990448,0,0.0,2.77368164,2.77368164,1.0,1.0,1578642409485583,252486278670, HMD, -0.07044, 1.17122, 0.40192, 0.01762, 0.01719, -0.99969, -0.00373
3773789,1578642409491765,1,1,1,1,0,1,1,1,1,0,0.05865479,0.34675598,0.93611145,0.04804993,0.36239624,0.93077087,33.02992249,0.78240967,-28.90924072,-25.71089172,1.62487793,-21.9981842,0,0.0,2.77386475,2.77386475,1.0,1.0,1578642409485583,252486278670, HMD, -0.07044, 1.17122, 0.40192, 0.01762, 0.01719, -0.99969, -0.00373
3773789,1578642409496746,1,1,1,1,0,1,1,1,1,0,0.05865479,0.34675598,0.93611145,0.04804993,0.36239624,0.93077087,33.02992249,0.78240967,-28.90924072,-25.71089172,1.62487793,-21.9981842,0,0.0,2.77386475,2.77386475,1.0,1.0,1578642409499021,252486413069, HMD, -0.07042, 1.17128, 0.40184, 0.01792, 0.01724, -0.99968, -0.00345
3773797,1578642409500676,1,1,1,1,0,1,1,1,1,0,0.05749512,0.34689331,0.93612671,0.04838562,0.36054993,0.93147278,33.03363037,0.78703308,-28.93940735,-25.71412659,1.62612915,-22.00590515,0,0.0,2.77293396,2.77293396,1.0,1.0,1578642409500700,252486429844, HMD, -0.07042, 1.17129, 0.40183, 0.01795, 0.01725, -0.99968, -0.00342
3773797,1578642409504630,1,1,1,1,0,1,1,1,1,0,0.05749512,0.34689331,0.93612671,0.04838562,0.36054993,0.93147278,33.03363037,0.78703308,-28.93940735,-25.71412659,1.62612915,-22.00590515,0,0.0,2.77293396,2.77293396,1.0,1.0,1578642409502906,252486451901, HMD, -0.07042, 1.17130, 0.40182, 0.01800, 0.01726, -0.99968, -0.00338
3773805,1578642409508611,1,1,1,1,0,1,1,1,1,0,0.05671692,0.34695435,0.93615723,0.04808044,0.3608551,0.93136597,33.037323,0.79165649,-28.96958923,-25.7177887,1.62675476,-22.02348328,0,0.0,2.77227783,2.77227783,1.0,1.0,1578642409502906,252486451901, HMD, -0.07042, 1.17130, 0.40182, 0.01800, 0.01726, -0.99968, -0.00338
3773805,1578642409512620,1,1,1,1,0,1,1,1,1,0,0.05671692,0.34695435,0.93615723,0.04808044,0.3608551,0.93136597,33.037323,0.79165649,-28.96958923,-25.7177887,1.62675476,-22.02348328,0,0.0,2.77227783,2.77227783,1.0,1.0,1578642409514716,252486570049, HMD, -0.07040, 1.17132, 0.40177, 0.01824, 0.01727, -0.99968, -0.00313
3773814,1578642409518621,1,1,1,1,0,1,1,1,1,0,0.05569458,0.34391785,0.93733215,0.04779053,0.36117554,0.93125916,33.03939819,0.82769775,-29.0773468,-25.72143555,1.62739563,-22.04104614,0,0.0,2.76812744,2.76812744,1.0,1.0,1578642409517830,252486601148, HMD, -0.07040, 1.17133, 0.40175, 0.01830, 0.01728, -0.99968, -0.00307
3773814,1578642409522606,1,1,1,1,0,1,1,1,1,0,0.05569458,0.34391785,0.93733215,0.04779053,0.36117554,0.93125916,33.03939819,0.82769775,-29.0773468,-25.72143555,1.62739563,-22.04104614,0,0.0,2.76812744,2.76812744,1.0,1.0,1578642409517830,252486601148, HMD, -0.07040, 1.17133, 0.40175, 0.01830, 0.01728, -0.99968, -0.00307
3773822,1578642409528611,1,1,1,1,0,1,1,1,1,0,0.05505371,0.34086609,0.93849182,0.04542542,0.35775757,0.93269348,33.04145813,0.86375427,-29.18510437,-25.72267151,1.68052673,-22.2179718,0,0.0,2.76333618,2.76333618,1.0,1.0,1578642409534638,252486769274, HMD, -0.07039, 1.17140, 0.40169, 0.01860, 0.01731, -0.99967, -0.00275
3773830,1578642409532129,1,1,1,1,0,1,1,1,1,0,0.05430603,0.340271,0.93875122,0.04307556,0.35647583,0.93330383,33.04441833,0.87542725,-29.22892761,-25.72390747,1.72512817,-22.3948822,0,0.0,2.76242065,2.76242065,1.0,1.0,1578642409534638,252486769274, HMD, -0.07039, 1.17140, 0.40169, 0.01860, 0.01731, -0.99967, -0.00275
3773830,1578642409535630,1,1,1,1,0,1,1,1,1,0,0.05430603,0.340271,0.93875122,0.04307556,0.35647583,0.93330383,33.04441833,0.87542725,-29.22892761,-25.72390747,1.72512817,-22.3948822,0,0.0,2.76242065,2.76242065,1.0,1.0,1578642409535650,252486779351, HMD, -0.07039, 1.17140, 0.40169, 0.01862, 0.01732, -0.99967, -0.00273
3773830,1578642409539623,1,1,1,1,0,1,1,1,1,0,0.05355835,0.3396759,0.93899536,0.04507446,0.3568573,0.93305969,33.0473938,0.88708496,-29.27276611,-25.73274231,1.72512817,-22.39808655,0,0.0,2.76081848,2.76081848,1.0,1.0,1578642409538224,252486805086, HMD, -0.07039, 1.17142, 0.40168, 0.01867, 0.01732, -0.99967, -0.00268
3773839,1578642409543630,1,1,1,1,0,1,1,1,1,0,0.05355835,0.3396759,0.93899536,0.04507446,0.3568573,0.93305969,33.0473938,0.88708496,-29.27276611,-25.73274231,1.72512817,-22.39808655,0,0.0,2.76081848,2.76081848,1.0,1.0,1578642409548528,252486908143, HMD, -0.07040, 1.17139, 0.40164, 0.01886, 0.01735, -0.99967, -0.00250
3773847,1578642409549612,1,1,1,1,0,1,1,1,1,0,0.05392456,0.33830261,0.93948364,0.04618835,0.35437012,0.9339447,33.05010986,0.89710999,-29.30316162,-25.74150085,1.72512817,-22.39808655,0,0.0,2.75967407,2.75967407,1.0,1.0,1578642409549621,252486919057, HMD, -0.07040, 1.17140, 0.40163, 0.01888, 0.01736, -0.99967, -0.00248
3773847,1578642409553622,1,1,1,1,0,1,1,1,1,0,0.05392456,0.33830261,0.93948364,0.04618835,0.35437012,0.9339447,33.05010986,0.89710999,-29.30316162,-25.74150085,1.72512817,-22.39808655,0,0.0,2.75967407,2.75967407,1.0,1.0,1578642409551534,252486938183, HMD, -0.07040, 1.17141, 0.40163, 0.01891, 0.01736, -0.99967, -0.00245
3773855,1578642409559625,1,1,1,1,0,1,1,1,1,0,0.05430603,0.33692932,0.93995667,0.04737854,0.35427856,0.93392944,33.05282593,0.90711975,-29.33355713,-25.74751282,1.72512817,-22.39912415,0,0.0,2.75837708,2.75837708,1.0,1.0,1578642409551534,252486938183, HMD, -0.07040, 1.17141, 0.40163, 0.01891, 0.01736, -0.99967, -0.00245
3773855,1578642409563611,1,1,1,1,0,1,1,1,1,0,0.05430603,0.33692932,0.93995667,0.04737854,0.35427856,0.93392944,33.05282593,0.90711975,-29.33355713,-25.74751282,1.72512817,-22.39912415,0,0.0,2.75837708,2.75837708,1.0,1.0,1578642409551534,252486938183, HMD, -0.07040, 1.17141, 0.40163, 0.01891, 0.01736, -0.99967, -0.00245
3773864,1578642409574607,1,1,1,1,0,1,1,1,1,0,0.05368042,0.33270264,0.9414978,0.0483551,0.35340881,0.9342041,33.05615234,0.93858337,-29.42997742,-25.7532959,1.72512817,-22.40077209,0,0.0,2.75299072,2.75299072,1.0,1.0,1578642409591488,252487337832, HMD, -0.07033, 1.17158, 0.40152, 0.01960, 0.01770, -0.99965, -0.00172
3773872,1578642409590839,1,1,1,1,0,1,1,1,1,0,0.04995728,0.32977295,0.94273376,0.04716492,0.35124207,0.93508911,33.0721283,0.98391724,-29.57695007,-25.75796509,1.72512817,-22.40077209,0,0.0,2.74530029,2.74530029,1.0,1.0,1578642409591488,252487337832, HMD, -0.07033, 1.17158, 0.40152, 0.01960, 0.01770, -0.99965, -0.00172
3773889,1578642409594637,1,1,1,1,0,1,1,1,1,0,0.04995728,0.32977295,0.94273376,0.04716492,0.35124207,0.93508911,33.0721283,0.98391724,-29.57695007,-25.75796509,1.72512817,-22.40077209,0,0.0,2.74530029,2.74530029,1.0,1.0,1578642409594560,252487368442, HMD, -0.07033, 1.17159, 0.40151, 0.01964, 0.01774, -0.99965, -0.00166
3773897,1578642409602610,1,1,1,1,0,1,1,1,1,0,0.04841614,0.32949829,0.94290161,0.04696655,0.35098267,0.93519592,33.07893372,0.9848175,-29.57749939,-25.75842285,1.72348022,-22.40077209,0,0.0,2.74293518,2.74293518,1.0,1.0,1578642409596554,252487388382, HMD, -0.07033, 1.17160, 0.40151, 0.01968, 0.01775, -0.99965, -0.00164
3773897,1578642409606605,1,1,1,1,0,1,1,1,1,0,0.04841614,0.32949829,0.94290161,0.04696655,0.35098267,0.93519592,33.07893372,0.9848175,-29.57749939,-25.75842285,1.72348022,-22.40077209,0,0.0,2.74293518,2.74293518,1.0,1.0,1578642409596554,252487388382, HMD, -0.07033, 1.17160, 0.40151, 0.01968, 0.01775, -0.99965, -0.00164
3773905,1578642409614105,1,1,1,1,0,1,1,1,1,0,0.0479126,0.32853699,0.94326782,0.04454041,0.35054016,0.93548584,33.08300781,0.99035645,-29.61260986,-25.75999451,1.7208252,-22.39912415,0,0.0,2.7419281,2.7419281,1.0,1.0,1578642409623977,252487662633, HMD, -0.07034, 1.17171, 0.40139, 0.02004, 0.01797, -0.99964, -0.00104
3773914,1578642409617668,1,1,1,1,0,1,1,1,1,0,0.03044128,0.31793213,0.94761658,0.04415894,0.35246277,0.93476868,33.10832214,1.48608398,-30.99682617,-25.76036072,1.71841431,-22.39808655,0,0.0,2.75074768,2.75074768,1.0,1.0,1578642409623977,252487662633, HMD, -0.07034, 1.17171, 0.40139, 0.02004, 0.01797, -0.99964, -0.00104
3773914,1578642409621620,1,1,1,1,0,1,1,1,1,0,0.03044128,0.31793213,0.94761658,0.04415894,0.35246277,0.93476868,33.10832214,1.48608398,-30.99682617,-25.76036072,1.71841431,-22.39808655,0,0.0,2.75074768,2.75074768,1.0,1.0,1578642409623977,252487662633, HMD, -0.07034, 1.17171, 0.40139, 0.02004, 0.01797, -0.99964, -0.00104
3773922,1578642409625625,1,1,1,1,0,1,1,1,1,0,0.02734375,0.33023071,0.9434967,0.01528931,0.36558533,0.9306488,33.0017395,1.16838074,-29.8805542,-25.81069946,1.73495483,-22.1174469,0,0.0,2.71174622,2.71174622,1.0,1.0,1578642409625577,252487678611, HMD, -0.07034, 1.17171, 0.40139, 0.02006, 0.01798, -0.99964, -0.00100
3773922,1578642409629639,1,1,1,1,0,1,1,1,1,0,0.02734375,0.33023071,0.9434967,0.01528931,0.36558533,0.9306488,33.0017395,1.16838074,-29.8805542,-25.81069946,1.73495483,-22.1174469,0,0.0,2.71174622,2.71174622,1.0,1.0,1578642409627317,252487696009, HMD, -0.07033, 1.17172, 0.40138, 0.02008, 0.01797, -0.99964, -0.00096
3773930,1578642409633627,1,1,1,1,0,1,1,1,1,0,0.02296448,0.37062073,0.92848206,-0.01791382,0.3915863,0.91995239,32.88726807,1.09634399,-29.36730957,-25.80226135,2.04368591,-22.71022034,0,0.0,2.83332825,2.83332825,1.0,1.0,1578642409627317,252487696009, HMD, -0.07033, 1.17172, 0.40138, 0.02008, 0.01797, -0.99964, -0.00096
3773930,1578642409639936,1,1,1,1,0,1,1,1,1,0,0.00314331,0.39753723,0.91757202,-0.0141449,0.3894043,0.92094421,32.81958008,1.33049011,-29.63230896,-25.84860229,2.3949585,-23.23251343,0,0.0,2.76898193,2.76898193,1.0,1.0,1578642409644982,252487872752, HMD, -0.07031, 1.17183, 0.40131, 0.02028, 0.01810, -0.99963, -0.00053
3773939,1578642409643996,1,1,1,1,0,1,1,1,1,0,0.00314331,0.39753723,0.91757202,-0.0141449,0.3894043,0.92094421,32.81958008,1.33049011,-29.63230896,-25.84860229,2.3949585,-23.23251343,0,0.0,2.76898193,2.76898193,1.0,1.0,1578642409644982,252487872752, HMD, -0.07031, 1.17183, 0.40131, 0.02028, 0.01810, -0.99963, -0.00053
3773939,1578642409648012,1,1,1,1,0,1,1,1,1,0,-0.00138855,0.40661621,0.91358948,-0.02583313,0.40574646,0.91360474,32.78442383,1.38287354,-29.65887451,-25.87687683,2.490448,-23.27503967,0,0.0,2.80726624,2.80726624,1.0,1.0,1578642409647994,252487902782, HMD, -0.07026, 1.17182, 0.40130, 0.02031, 0.01811, -0.99963, -0.00047
3773964,1578642409669619,1,1,1,1,0,1,1,1,1,0,-0.00622559,0.4197998,0.90757751,-0.01754761,0.40940857,0.91217041,32.80938721,1.38825989,-29.63043213,-25.9069519,2.5955658,-23.48681641,0,0.0,2.85093689,2.85093689,1.0,1.0,1578642409682725,252488250107, HMD, -0.07016, 1.17200, 0.40119, 0.02078, 0.01836, -0.99962, 0.00032
3773972,1578642409673662,1,1,1,1,0,1,1,1,1,0,-0.01161194,0.4206543,0.90713501,-0.01681519,0.40788269,0.91287231,32.82695007,1.41001892,-29.70059204,-25.91534424,2.59069824,-23.46923828,0,0.0,2.84141541,2.84141541,1.0,1.0,1578642409682725,252488250107, HMD, -0.07016, 1.17200, 0.40119, 0.02078, 0.01836, -0.99962, 0.00032
3773972,1578642409679664,1,1,1,1,0,1,1,1,1,0,-0.01161194,0.4206543,0.90713501,-0.01681519,0.40788269,0.91287231,32.82695007,1.41001892,-29.70059204,-25.91534424,2.59069824,-23.46923828,0,0.0,2.84141541,2.84141541,1.0,1.0,1578642409682725,252488250107, HMD, -0.07016, 1.17200, 0.40119, 0.02078, 0.01836, -0.99962, 0.00032
3773980,1578642409683664,1,1,1,1,0,1,1,1,1,0,-0.01074219,0.4208374,0.90705872,-0.01852417,0.40805054,0.9127655,32.83796692,1.40960693,-29.72924805,-25.918396,2.57411194,-23.43998718,0,0.0,2.83944702,2.83944702,1.0,1.0,1578642409683607,252488258914, HMD, -0.07015, 1.17201, 0.40119, 0.02080, 0.01836, -0.99961, 0.00035
3773989,1578642409688657,1,1,1,1,0,1,1,1,1,0,-0.00982666,0.41976929,0.90756226,-0.01502991,0.41156006,0.91125488,32.84899902,1.40919495,-29.7283783,-25.92146301,2.55752563,-23.41073608,0,0.0,2.8399353,2.8399353,1.0,1.0,1578642409685892,252488281761, HMD, -0.07016, 1.17199, 0.40117, 0.02083, 0.01835, -0.99961, 0.00039
3773989,1578642409692648,1,1,1,1,0,1,1,1,1,0,-0.00982666,0.41976929,0.90756226,-0.01502991,0.41156006,0.91125488,32.84899902,1.40919495,-29.7283783,-25.92146301,2.55752563,-23.41073608,0,0.0,2.8399353,2.8399353,1.0,1.0,1578642409696861,252488391462, HMD, -0.07011, 1.17206, 0.40111, 0.02105, 0.01842, -0.99961, 0.00062
3773989,1578642409696670,1,1,1,1,0,1,1,1,1,0,-0.00982666,0.41976929,0.90756226,-0.01502991,0.41156006,0.91125488,32.84899902,1.40919495,-29.7283783,-25.92146301,2.55752563,-23.41073608,0,0.0,2.8399353,2.8399353,1.0,1.0,1578642409696861,252488391462, HMD, -0.07011, 1.17206, 0.40111, 0.02105, 0.01842, -0.99961, 0.00062
3773997,1578642409700664,1,1,1,1,0,1,1,1,1,0,-0.00970459,0.42027283,0.90733337,-0.01499939,0.41107178,0.91146851,32.85366821,1.40960693,-29.74313354,-25.9264679,2.5521698,-23.39732361,0,0.0,2.83827209,2.83827209,1.0,1.0,1578642409700422,252488427067, HMD, -0.07011, 1.17208, 0.40109, 0.02112, 0.01844, -0.99961, 0.00067
3773997,1578642409703671,1,1,1,1,0,1,1,1,1,0,-0.00970459,0.42027283,0.90733337,-0.01499939,0.41107178,0.91146851,32.85366821,1.40960693,-29.74313354,-25.9264679,2.5521698,-23.39732361,0,0.0,2.83827209,2.83827209,1.0,1.0,1578642409700422,252488427067, HMD, -0.07011, 1.17208, 0.40109, 0.02112, 0.01844, -0.99961, 0.00067
3774005,1578642409709659,1,1,1,1,0,1,1,1,1,0,-0.00959778,0.42092896,0.9070282,-0.01499939,0.41036987,0.91178894,32.85835266,1.41001892,-29.75788879,-25.93147278,2.54681396,-23.38392639,0,0.0,2.84051514,2.84051514,1.0,1.0,1578642409712030,252488543169, HMD, -0.07006, 1.17212, 0.40105, 0.02140, 0.01851, -0.99960, 0.00091
3774005,1578642409713651,1,1,1,1,0,1,1,1,1,0,-0.00959778,0.42092896,0.9070282,-0.01499939,0.41036987,0.91178894,32.85835266,1.41001892,-29.75788879,-25.93147278,2.54681396,-23.38392639,0,0.0,2.84051514,2.84051514,1.0,1.0,1578642409713739,252488560236, HMD, -0.07005, 1.17213, 0.40104, 0.02144, 0.01852, -0.99960, 0.00095
3774022,1578642409722743,1,1,1,1,0,1,1,1,1,0,-0.00875854,0.41952515,0.90768433,-0.01353455,0.41015625,0.91191101,32.86207581,1.42498779,-29.79537964,-25.93356323,2.54202271,-23.36914063,0,0.0,2.83677673,2.83677673,1.0,1.0,1578642409727019,252488693073, HMD, -0.07002, 1.17218, 0.40102, 0.02181, 0.01859, -0.99959, 0.00116
3774022,1578642409726726,1,1,1,1,0,1,1,1,1,0,-0.00790405,0.41819763,0.90830994,-0.01371765,0.40997314,0.9119873,32.86578369,1.43997192,-29.83285522,-25.93566895,2.53723145,-23.3543396,0,0.0,2.83331299,2.83331299,1.0,1.0,1578642409727019,252488693073, HMD, -0.07002, 1.17218, 0.40102, 0.02181, 0.01859, -0.99959, 0.00116
3774030,1578642409731705,1,1,1,1,0,1,1,1,1,0,-0.0085907,0.41929626,0.90779114,-0.01325989,0.4105072,0.91174316,32.87402344,1.44354248,-29.86404419,-25.93707275,2.52088928,-23.30340576,0,0.0,2.82801819,2.82801819,1.0,1.0,1578642409730242,252488725263, HMD, -0.07001, 1.17219, 0.40101, 0.02190, 0.01861, -0.99959, 0.00122
3774030,1578642409734700,1,1,1,1,0,1,1,1,1,0,-0.0085907,0.41929626,0.90779114,-0.01325989,0.4105072,0.91174316,32.87402344,1.44354248,-29.86404419,-25.93707275,2.52088928,-23.30340576,0,0.0,2.82801819,2.82801819,1.0,1.0,1578642409730242,252488725263, HMD, -0.07001, 1.17219, 0.40101, 0.02190, 0.01861, -0.99959, 0.00122
3774030,1578642409738692,1,1,1,1,0,1,1,1,1,0,-0.00926208,0.42027283,0.90733337,-0.01286316,0.4108429,0.91160583,32.88226318,1.4471283,-29.89524841,-25.9384613,2.50456238,-23.25245667,0,0.0,2.82258606,2.82258606,1.0,1.0,1578642409730242,252488725263, HMD, -0.07001, 1.17219, 0.40101, 0.02190, 0.01861, -0.99959, 0.00122
3774039,1578642409742734,1,1,1,1,0,1,1,1,1,0,-0.00926208,0.42027283,0.90733337,-0.01286316,0.4108429,0.91160583,32.88226318,1.4471283,-29.89524841,-25.9384613,2.50456238,-23.25245667,0,0.0,2.82258606,2.82258606,1.0,1.0,1578642409730242,252488725263, HMD, -0.07001, 1.17219, 0.40101, 0.02190, 0.01861, -0.99959, 0.00122
3774039,1578642409746734,1,1,1,1,0,1,1,1,1,0,-0.00926208,0.42027283,0.90733337,-0.01286316,0.4108429,0.91160583,32.88226318,1.4471283,-29.89524841,-25.9384613,2.50456238,-23.25245667,0,0.0,2.82258606,2.82258606,1.0,1.0,1578642409756637,252488989233, HMD, -0.06993, 1.17228, 0.40093, 0.02270, 0.01877, -0.99957, 0.00152
3774047,1578642409751745,1,1,1,1,0,1,1,1,1,0,-0.00947571,0.4201355,0.90740967,-0.01338196,0.41195679,0.91110229,32.88446045,1.44726563,-29.89880371,-25.94029236,2.48925781,-23.2097168,0,0.0,2.82180786,2.82180786,1.0,1.0,1578642409756637,252488989233, HMD, -0.06993, 1.17228, 0.40093, 0.02270, 0.01877, -0.99957, 0.00152
3774047,1578642409755748,1,1,1,1,0,1,1,1,1,0,-0.00947571,0.4201355,0.90740967,-0.01338196,0.41195679,0.91110229,32.88446045,1.44726563,-29.89880371,-25.94029236,2.48925781,-23.2097168,0,0.0,2.82180786,2.82180786,1.0,1.0,1578642409756637,252488989233, HMD, -0.06993, 1.17228, 0.40093, 0.02270, 0.01877, -0.99957, 0.00152
3774055,1578642409759764,1,1,1,1,0,1,1,1,1,0,-0.00968933,0.42010498,0.90740967,-0.01391602,0.4130249,0.91059875,32.88665771,1.44740295,-29.90237427,-25.94212341,2.47393799,-23.16699219,0,0.0,2.82232666,2.82232666,1.0,1.0,1578642409759709,252489019929, HMD, -0.06992, 1.17229, 0.40092, 0.02280, 0.01878, -0.99956, 0.00156
3774055,1578642409763761,1,1,1,1,0,1,1,1,1,0,-0.00968933,0.42010498,0.90740967,-0.01391602,0.4130249,0.91059875,32.88665771,1.44740295,-29.90237427,-25.94212341,2.47393799,-23.16699219,0,0.0,2.82232666,2.82232666,1.0,1.0,1578642409760276,252489025601, HMD, -0.06991, 1.17229, 0.40092, 0.02282, 0.01879, -0.99956, 0.00156
3774064,1578642409767769,1,1,1,1,0,1,1,1,1,0,-0.01043701,0.4193573,0.90774536,-0.01383972,0.41271973,0.91073608,32.88856506,1.44863892,-29.90467834,-25.94277954,2.46380615,-23.13548279,0,0.0,2.82107544,2.82107544,1.0,1.0,1578642409770663,252489129483, HMD, -0.06988, 1.17230, 0.40089, 0.02316, 0.01883, -0.99955, 0.00166
3774064,1578642409771765,1,1,1,1,0,1,1,1,1,0,-0.01043701,0.4193573,0.90774536,-0.01383972,0.41271973,0.91073608,32.88856506,1.44863892,-29.90467834,-25.94277954,2.46380615,-23.13548279,0,0.0,2.82107544,2.82107544,1.0,1.0,1578642409771779,252489140630, HMD, -0.06988, 1.17230, 0.40088, 0.02319, 0.01883, -0.99955, 0.00167
3774072,1578642409775771,1,1,1,1,0,1,1,1,1,0,-0.01118469,0.4186554,0.9080658,-0.01373291,0.41329956,0.91047668,32.89045715,1.44987488,-29.90696716,-25.94342041,2.45367432,-23.10397339,0,0.0,2.81941223,2.81941223,1.0,1.0,1578642409773768,252489160520, HMD, -0.06987, 1.17231, 0.40088, 0.02326, 0.01883, -0.99955, 0.00169
3774072,1578642409779756,1,1,1,1,0,1,1,1,1,0,-0.01118469,0.4186554,0.9080658,-0.01373291,0.41329956,0.91047668,32.89045715,1.44987488,-29.90696716,-25.94342041,2.45367432,-23.10397339,0,0.0,2.81941223,2.81941223,1.0,1.0,1578642409782723,252489250084, HMD, -0.06983, 1.17233, 0.40085, 0.02356, 0.01884, -0.99954, 0.00179
3774080,1578642409782814,1,1,1,1,0,1,1,1,1,0,-0.0112915,0.41731262,0.90867615,-0.01342773,0.41464233,0.90988159,32.8908844,1.45362854,-29.93873596,-25.94503784,2.43122864,-23.04412842,0,0.0,2.80699158,2.80699158,1.0,1.0,1578642409782880,252489251646, HMD, -0.06983, 1.17233, 0.40085, 0.02356, 0.01884, -0.99954, 0.00179
3774080,1578642409786811,1,1,1,1,0,1,1,1,1,0,-0.0112915,0.41731262,0.90867615,-0.01342773,0.41464233,0.90988159,32.8908844,1.45362854,-29.93873596,-25.94503784,2.43122864,-23.04412842,0,0.0,2.80699158,2.80699158,1.0,1.0,1578642409785881,252489281657, HMD, -0.06981, 1.17233, 0.40084, 0.02367, 0.01885, -0.99954, 0.00183
3774089,1578642409790804,1,1,1,1,0,1,1,1,1,0,-0.01126099,0.41639709,0.90910339,-0.01264954,0.41549683,0.90950012,32.8908844,1.45362854,-29.93873596,-25.94769287,2.41618347,-23.00035095,0,0.0,2.80401611,2.80401611,1.0,1.0,1578642409785881,252489281657, HMD, -0.06981, 1.17233, 0.40084, 0.02367, 0.01885, -0.99954, 0.00183
3774089,1578642409794800,1,1,1,1,0,1,1,1,1,0,-0.01126099,0.41639709,0.90910339,-0.01264954,0.41549683,0.90950012,32.8908844,1.45362854,-29.93873596,-25.94769287,2.41618347,-23.00035095,0,0.0,2.80401611,2.80401611,1.0,1.0,1578642409797971,252489402592, HMD, -0.06973, 1.17238, 0.40081, 0.02410, 0.01882, -0.99953, 0.00201
3774097,1578642409798801,1,1,1,1,0,1,1,1,1,0,-0.01132202,0.41627502,0.90914917,-0.0146637,0.41610718,0.90917969,32.89109802,1.45362854,-29.93873596,-25.94784546,2.39796448,-22.94999695,0,0.0,2.80386353,2.80386353,1.0,1.0,1578642409798734,252489410184, HMD, -0.06972, 1.17238, 0.40081, 0.02412, 0.01882, -0.99953, 0.00202
3774097,1578642409801876,1,1,1,1,0,1,1,1,1,0,-0.01132202,0.41627502,0.90914917,-0.0146637,0.41610718,0.90917969,32.89109802,1.45362854,-29.93873596,-25.94784546,2.39796448,-22.94999695,0,0.0,2.80386353,2.80386353,1.0,1.0,1578642409801088,252489433722, HMD, -0.06971, 1.17239, 0.40081, 0.02422, 0.01882, -0.99953, 0.00205
3774097,1578642409805867,1,1,1,1,0,1,1,1,1,0,-0.01132202,0.41627502,0.90914917,-0.0146637,0.41610718,0.90917969,32.89109802,1.45362854,-29.93873596,-25.94784546,2.39796448,-22.94999695,0,0.0,2.80386353,2.80386353,1.0,1.0,1578642409810348,252489526326, HMD, -0.06964, 1.17242, 0.40078, 0.02459, 0.01877, -0.99952, 0.00221
3774105,1578642409809860,1,1,1,1,0,1,1,1,1,0,-0.01133728,0.4163208,0.90913391,-0.01608276,0.41841125,0.90809631,32.89109802,1.45362854,-29.93873596,-25.95050049,2.38034058,-22.90219116,0,0.0,2.80586243,2.80586243,1.0,1.0,1578642409810348,252489526326, HMD, -0.06964, 1.17242, 0.40078, 0.02459, 0.01877, -0.99952, 0.00221
3774105,1578642409813868,1,1,1,1,0,1,1,1,1,0,-0.01133728,0.4163208,0.90913391,-0.01608276,0.41841125,0.90809631,32.89109802,1.45362854,-29.93873596,-25.95050049,2.38034058,-22.90219116,0,0.0,2.80586243,2.80586243,1.0,1.0,1578642409813811,252489560949, HMD, -0.06962, 1.17244, 0.40077, 0.02473, 0.01876, -0.99952, 0.00226
3774114,1578642409817877,1,1,1,1,0,1,1,1,1,0,-0.01132202,0.41627502,0.90914917,-0.01544189,0.41781616,0.90838623,32.89109802,1.45362854,-29.93873596,-25.95744324,2.37947083,-22.90011597,0,0.0,2.80386353,2.80386353,1.0,1.0,1578642409813960,252489562445, HMD, -0.06962, 1.17244, 0.40077, 0.02474, 0.01876, -0.99952, 0.00226
3774122,1578642409822939,1,1,1,1,0,1,1,1,1,0,-0.01229858,0.41703796,0.90879822,-0.0145874,0.41386414,0.91020203,32.89109802,1.44987488,-29.93873596,-25.96124268,2.3788147,-22.85470581,0,0.0,2.79676819,2.79676819,1.0,1.0,1578642409824888,252489671731, HMD, -0.06953, 1.17248, 0.40073, 0.02521, 0.01870, -0.99950, 0.00240
3774122,1578642409826931,1,1,1,1,0,1,1,1,1,0,-0.01229858,0.41703796,0.90879822,-0.0145874,0.41386414,0.91020203,32.89109802,1.44987488,-29.93873596,-25.96124268,2.3788147,-22.85470581,0,0.0,2.79676819,2.79676819,1.0,1.0,1578642409826880,252489691639, HMD, -0.06952, 1.17249, 0.40073, 0.02531, 0.01868, -0.99950, 0.00242
3774122,1578642409831331,1,1,1,1,0,1,1,1,1,0,-0.01229858,0.41703796,0.90879822,-0.0145874,0.41386414,0.91020203,32.89109802,1.44987488,-29.93873596,-25.96124268,2.3788147,-22.85470581,0,0.0,2.79676819,2.79676819,1.0,1.0,1578642409828632,252489709163, HMD, -0.06951, 1.17250, 0.40072, 0.02538, 0.01868, -0.99950, 0.00244
3774130,1578642409834878,1,1,1,1,0,1,1,1,1,0,-0.01268005,0.41645813,0.90905762,-0.01431274,0.41390991,0.91018677,32.89109802,1.44987488,-29.93873596,-25.9634552,2.37789917,-22.85217285,0,0.0,2.79377747,2.79377747,1.0,1.0,1578642409828632,252489709163, HMD, -0.06951, 1.17250, 0.40072, 0.02538, 0.01868, -0.99950, 0.00244
3774130,1578642409838867,1,1,1,1,0,1,1,1,1,0,-0.01397705,0.41625977,0.90911865,-0.01493835,0.41403198,0.91012573,32.8908844,1.44987488,-29.93873596,-25.96789551,2.37322998,-22.85217285,0,0.0,2.78541565,2.78541565,1.0,1.0,1578642409845994,252489882804, HMD, -0.06942, 1.17257, 0.40069, 0.02621, 0.01857, -0.99948, 0.00262
3774139,1578642409843865,1,1,1,1,0,1,1,1,1,0,-0.01397705,0.41625977,0.90911865,-0.01493835,0.41403198,0.91012573,32.8908844,1.44987488,-29.93873596,-25.96789551,2.37322998,-22.85217285,0,0.0,2.78541565,2.78541565,1.0,1.0,1578642409845994,252489882804, HMD, -0.06942, 1.17257, 0.40069, 0.02621, 0.01857, -0.99948, 0.00262
3774147,1578642409847860,1,1,1,1,0,1,1,1,1,0,-0.01397705,0.41625977,0.90911865,-0.01493835,0.41403198,0.91012573,32.8908844,1.44987488,-29.93873596,-25.96789551,2.37322998,-22.85217285,0,0.0,2.78541565,2.78541565,1.0,1.0,1578642409847832,252489901162, HMD, -0.06943, 1.17256, 0.40070, 0.02632, 0.01856, -0.99948, 0.00265
3774147,1578642409851386,1,1,1,1,0,1,1,1,1,0,-0.01420593,0.41571045,0.90937805,-0.01473999,0.41551208,0.90945435,32.89064026,1.42681885,-29.84049988,-25.97195435,2.3669281,-22.85217285,0,0.0,2.79542542,2.79542542,1.0,1.0,1578642409849092,252489913764, HMD, -0.06942, 1.17257, 0.40070, 0.02638, 0.01856, -0.99948, 0.00266
3774147,1578642409854921,1,1,1,1,0,1,1,1,1,0,-0.01420593,0.41571045,0.90937805,-0.01473999,0.41551208,0.90945435,32.89064026,1.42681885,-29.84049988,-25.97195435,2.3669281,-22.85217285,0,0.0,2.79542542,2.79542542,1.0,1.0,1578642409859149,252490014404, HMD, -0.06934, 1.17260, 0.40068, 0.02690, 0.01851, -0.99946, 0.00276
3774155,1578642409858917,1,1,1,1,0,1,1,1,1,0,-0.01528931,0.41398621,0.91014099,-0.01521301,0.4163208,0.90907288,32.89045715,1.42663574,-29.83125305,-25.97483826,2.3669281,-22.85217285,0,0.0,2.78601074,2.78601074,1.0,1.0,1578642409859149,252490014404, HMD, -0.06934, 1.17260, 0.40068, 0.02690, 0.01851, -0.99946, 0.00276
3774155,1578642409862996,1,1,1,1,0,1,1,1,1,0,-0.01528931,0.41398621,0.91014099,-0.01521301,0.4163208,0.90907288,32.89045715,1.42663574,-29.83125305,-25.97483826,2.3669281,-22.85217285,0,0.0,2.78601074,2.78601074,1.0,1.0,1578642409862363,252490046476, HMD, -0.06931, 1.17261, 0.40067, 0.02707, 0.01850, -0.99946, 0.00279
3774164,1578642409865959,1,1,1,1,0,1,1,1,1,0,-0.01539612,0.41355896,0.91033936,-0.01435852,0.41645813,0.9090271,32.89024353,1.42150879,-29.81665039,-25.98005676,2.3669281,-22.85217285,0,0.0,2.75894165,2.75894165,1.0,1.0,1578642409862363,252490046476, HMD, -0.06931, 1.17261, 0.40067, 0.02707, 0.01850, -0.99946, 0.00279
3774164,1578642409869978,1,1,1,1,0,1,1,1,1,0,-0.01539612,0.41355896,0.91033936,-0.01435852,0.41645813,0.9090271,32.89024353,1.42150879,-29.81665039,-25.98005676,2.3669281,-22.85217285,0,0.0,2.75894165,2.75894165,1.0,1.0,1578642409873037,252490153228, HMD, -0.06915, 1.17261, 0.40066, 0.02766, 0.01843, -0.99944, 0.00287
3774164,1578642409874978,1,1,1,1,0,1,1,1,1,0,-0.0176239,0.41522217,0.9095459,-0.0140686,0.41630554,0.90910339,32.88903809,1.4059906,-29.78308105,-25.98280334,2.3669281,-22.85217285,0,0.0,2.76115417,2.76115417,1.0,1.0,1578642409874919,252490172036, HMD, -0.06913, 1.17261, 0.40065, 0.02776, 0.01843, -0.99944, 0.00289
3774172,1578642409878961,1,1,1,1,0,1,1,1,1,0,-0.0176239,0.41522217,0.9095459,-0.0140686,0.41630554,0.90910339,32.88903809,1.4059906,-29.78308105,-25.98280334,2.3669281,-22.85217285,0,0.0,2.76115417,2.76115417,1.0,1.0,1578642409876205,252490184896, HMD, -0.06912, 1.17261, 0.40065, 0.02784, 0.01843, -0.99944, 0.00290
3774180,1578642409882973,1,1,1,1,0,1,1,1,1,0,-0.01733398,0.41760254,0.90844727,-0.0138092,0.41625977,0.90913391,32.88580322,1.39558411,-29.78060913,-25.98435974,2.3669281,-22.85217285,0,0.0,2.76309204,2.76309204,1.0,1.0,1578642409885724,252490280104, HMD, -0.06904, 1.17264, 0.40064, 0.02838, 0.01838, -0.99942, 0.00298
3774180,1578642409886985,1,1,1,1,0,1,1,1,1,0,-0.01733398,0.41760254,0.90844727,-0.0138092,0.41625977,0.90913391,32.88580322,1.39558411,-29.78060913,-25.98435974,2.3669281,-22.85217285,0,0.0,2.76309204,2.76309204,1.0,1.0,1578642409886955,252490292400, HMD, -0.06901, 1.17265, 0.40063, 0.02846, 0.01838, -0.99942, 0.00299
3774189,1578642409890969,1,1,1,1,0,1,1,1,1,0,-0.01730347,0.41720581,0.90864563,-0.01573181,0.41477966,0.90977478,32.88293457,1.39221191,-29.77310181,-25.98632813,2.37322998,-22.85470581,0,0.0,2.76289368,2.76289368,1.0,1.0,1578642409889566,252490318500, HMD, -0.06899, 1.17266, 0.40063, 0.02862, 0.01838, -0.99942, 0.00301
3774189,1578642409895001,1,1,1,1,0,1,1,1,1,0,-0.01730347,0.41720581,0.90864563,-0.01573181,0.41477966,0.90977478,32.88293457,1.39221191,-29.77310181,-25.98632813,2.37322998,-22.85470581,0,0.0,2.76289368,2.76289368,1.0,1.0,1578642409899188,252490414735, HMD, -0.06889, 1.17268, 0.40061, 0.02922, 0.01834, -0.99940, 0.00308
3774197,1578642409899000,1,1,1,1,0,1,1,1,1,0,-0.01828003,0.41751099,0.90847778,-0.01875305,0.41485596,0.90968323,32.87806702,1.38865662,-29.76852417,-25.99024963,2.37460327,-22.86488342,0,0.0,2.77445984,2.77445984,1.0,1.0,1578642409899188,252490414735, HMD, -0.06889, 1.17268, 0.40061, 0.02922, 0.01834, -0.99940, 0.00308
3774197,1578642409903005,1,1,1,1,0,1,1,1,1,0,-0.01828003,0.41751099,0.90847778,-0.01875305,0.41485596,0.90968323,32.87806702,1.38865662,-29.76852417,-25.99024963,2.37460327,-22.86488342,0,0.0,2.77445984,2.77445984,1.0,1.0,1578642409903050,252490453350, HMD, -0.06884, 1.17269, 0.40061, 0.02947, 0.01833, -0.99939, 0.00311
3774205,1578642409906989,1,1,1,1,0,1,1,1,1,0,-0.02003479,0.41879272,0.90785217,-0.01922607,0.41368103,0.91020203,32.87438965,1.3842926,-29.76791382,-25.9936676,2.37789917,-22.86581421,0,0.0,2.79122925,2.79122925,1.0,1.0,1578642409903050,252490453350, HMD, -0.06884, 1.17269, 0.40061, 0.02947, 0.01833, -0.99939, 0.00311
3774205,1578642409910988,1,1,1,1,0,1,1,1,1,0,-0.02003479,0.41879272,0.90785217,-0.01922607,0.41368103,0.91020203,32.87438965,1.3842926,-29.76791382,-25.9936676,2.37789917,-22.86581421,0,0.0,2.79122925,2.79122925,1.0,1.0,1578642409912202,252490544870, HMD, -0.06873, 1.17274, 0.40061, 0.03005, 0.01823, -0.99938, 0.00318
3774222,1578642409923085,1,1,1,1,0,1,1,1,1,0,-0.022995,0.42025757,0.90710449,-0.02859497,0.41442871,0.90962219,32.87097168,1.36366272,-29.73152161,-26.00752258,2.37887573,-22.89552307,0,0.0,2.77781677,2.77781677,1.0,1.0,1578642409927014,252490692998, HMD, -0.06857, 1.17275, 0.40058, 0.03106, 0.01808, -0.99935, 0.00327
3774222,1578642409927067,1,1,1,1,0,1,1,1,1,0,-0.022995,0.42025757,0.90710449,-0.02859497,0.41442871,0.90962219,32.87097168,1.36366272,-29.73152161,-26.00752258,2.37887573,-22.89552307,0,0.0,2.77781677,2.77781677,1.0,1.0,1578642409927014,252490692998, HMD, -0.06857, 1.17275, 0.40058, 0.03106, 0.01808, -0.99935, 0.00327
3774222,1578642409931065,1,1,1,1,0,1,1,1,1,0,-0.022995,0.42025757,0.90710449,-0.02859497,0.41442871,0.90962219,32.87097168,1.36366272,-29.73152161,-26.00752258,2.37887573,-22.89552307,0,0.0,2.77781677,2.77781677,1.0,1.0,1578642409930270,252490725543, HMD, -0.06853, 1.17276, 0.40058, 0.03131, 0.01804, -0.99934, 0.00329
3774230,1578642409935095,1,1,1,1,0,1,1,1,1,0,-0.02172852,0.40612793,0.9135437,-0.02752686,0.41419983,0.90975952,32.86726379,1.3992157,-29.88317871,-26.01515198,2.37887573,-22.90516663,0,0.0,2.69511414,2.69511414,1.0,1.0,1578642409938950,252490812356, HMD, -0.06843, 1.17277, 0.40057, 0.03195, 0.01793, -0.99932, 0.00332
3774239,1578642409939093,1,1,1,1,0,1,1,1,1,0,0.02127075,0.37678528,0.92604065,-0.03312683,0.4122467,0.91046143,32.96328735,1.37411499,-30.19346619,-25.73454285,1.87452698,-22.12084961,0,0.0,2.66864014,2.66864014,1.0,1.0,1578642409939137,252490814218, HMD, -0.06843, 1.17277, 0.40057, 0.03196, 0.01792, -0.99932, 0.00332
3774239,1578642409943093,1,1,1,1,0,1,1,1,1,0,0.02127075,0.37678528,0.92604065,-0.03312683,0.4122467,0.91046143,32.96328735,1.37411499,-30.19346619,-25.73454285,1.87452698,-22.12084961,0,0.0,2.66864014,2.66864014,1.0,1.0,1578642409942192,252490844765, HMD, -0.06839, 1.17278, 0.40057, 0.03218, 0.01787, -0.99932, 0.00332
3774247,1578642409947075,1,1,1,1,0,1,1,1,1,0,0.0778656,0.34838867,0.93409729,0.03483582,0.35496521,0.93421936,33.11157227,1.14247131,-29.8787384,-25.44140625,1.93429565,-22.74000549,0,0.0,2.81381226,2.81381226,1.0,1.0,1578642409950681,252490929654, HMD, -0.06828, 1.17281, 0.40055, 0.03283, 0.01771, -0.99930, 0.00338
3774247,1578642409951086,1,1,1,1,0,1,1,1,1,0,0.0778656,0.34838867,0.93409729,0.03483582,0.35496521,0.93421936,33.11157227,1.14247131,-29.8787384,-25.44140625,1.93429565,-22.74000549,0,0.0,2.81381226,2.81381226,1.0,1.0,1578642409951102,252490933868, HMD, -0.06827, 1.17281, 0.40055, 0.03286, 0.01771, -0.99930, 0.00338
3774247,1578642409955107,1,1,1,1,0,1,1,1,1,0,0.0778656,0.34838867,0.93409729,0.03483582,0.35496521,0.93421936,33.11157227,1.14247131,-29.8787384,-25.44140625,1.93429565,-22.74000549,0,0.0,2.81381226,2.81381226,1.0,1.0,1578642409953917,252490962011, HMD, -0.06823, 1.17282, 0.40055, 0.03309, 0.01766, -0.99929, 0.00338
3774255,1578642409959078,1,1,1,1,0,1,1,1,1,0,0.11375427,0.29872131,0.94752502,0.08479309,0.30111694,0.94979858,33.34498596,1.12568665,-30.38471985,-25.05473328,1.92628479,-23.20947266,0,0.0,2.7853241,2.7853241,1.0,1.0,1578642409953917,252490962011, HMD, -0.06823, 1.17282, 0.40055, 0.03309, 0.01766, -0.99929, 0.00338
3774255,1578642409963149,1,1,1,1,0,1,1,1,1,0,0.11375427,0.29872131,0.94752502,0.08479309,0.30111694,0.94979858,33.34498596,1.12568665,-30.38471985,-25.05473328,1.92628479,-23.20947266,0,0.0,2.7853241,2.7853241,1.0,1.0,1578642409966735,252491090205, HMD, -0.06810, 1.17282, 0.40053, 0.03415, 0.01741, -0.99926, 0.00339
3774264,1578642409967149,1,1,1,1,0,1,1,1,1,0,0.18470764,0.26078796,0.94755554,0.17036438,0.28790283,0.94236755,33.50254822,0.56799316,-29.11148071,-24.74676514,1.37669373,-22.4781189,0,0.0,2.84823608,2.84823608,1.0,1.0,1578642409967037,252491093213, HMD, -0.06811, 1.17282, 0.40054, 0.03416, 0.01741, -0.99926, 0.00340
3774264,1578642409971133,1,1,1,1,0,1,1,1,1,0,0.18470764,0.26078796,0.94755554,0.17036438,0.28790283,0.94236755,33.50254822,0.56799316,-29.11148071,-24.74676514,1.37669373,-22.4781189,0,0.0,2.84823608,2.84823608,1.0,1.0,1578642409970397,252491126809, HMD, -0.06806, 1.17283, 0.40053, 0.03445, 0.01733, -0.99925, 0.00341
3774272,1578642409975136,1,1,1,1,0,1,1,1,1,0,0.22764587,0.21600342,0.94947815,0.20768738,0.22254944,0.95252991,33.69636536,0.36485291,-29.15245056,-24.45799255,1.35012817,-22.96661377,0,0.0,2.79428101,2.79428101,1.0,1.0,1578642409978530,252491208151, HMD, -0.06795, 1.17283, 0.40052, 0.03516, 0.01718, -0.99923, 0.00340
3774272,1578642409979119,1,1,1,1,0,1,1,1,1,0,0.22764587,0.21600342,0.94947815,0.20768738,0.22254944,0.95252991,33.69636536,0.36485291,-29.15245056,-24.45799255,1.35012817,-22.96661377,0,0.0,2.79428101,2.79428101,1.0,1.0,1578642409979156,252491214399, HMD, -0.06795, 1.17283, 0.40052, 0.03521, 0.01716, -0.99923, 0.00339
3774280,1578642409983141,1,1,1,1,0,1,1,1,1,0,0.24317932,0.18411255,0.95233154,0.21096802,0.17073059,0.96246338,33.93292236,0.57922363,-30.42034912,-24.1315918,1.39653015,-23.90391541,0,0.0,2.76467896,2.76467896,1.0,1.0,1578642409981500,252491237842, HMD, -0.06791, 1.17283, 0.40052, 0.03541, 0.01712, -0.99922, 0.00340
3774280,1578642409987141,1,1,1,1,0,1,1,1,1,0,0.24317932,0.18411255,0.95233154,0.21096802,0.17073059,0.96246338,33.93292236,0.57922363,-30.42034912,-24.1315918,1.39653015,-23.90391541,0,0.0,2.76467896,2.76467896,1.0,1.0,1578642409991698,252491339835, HMD, -0.06779, 1.17284, 0.40052, 0.03634, 0.01694, -0.99919, 0.00335
3774289,1578642409991121,1,1,1,1,0,1,1,1,1,0,0.24343872,0.10810852,0.96386719,0.25970459,0.12763977,0.9571991,34.16978455,1.22817993,-32.9078064,-23.9564209,1.32627869,-24.40299988,0,0.0,2.72531128,2.72531128,1.0,1.0,1578642409991698,252491339835, HMD, -0.06779, 1.17284, 0.40052, 0.03634, 0.01694, -0.99919, 0.00335
3774289,1578642409995132,1,1,1,1,0,1,1,1,1,0,0.24343872,0.10810852,0.96386719,0.25970459,0.12763977,0.9571991,34.16978455,1.22817993,-32.9078064,-23.9564209,1.32627869,-24.40299988,0,0.0,2.72531128,2.72531128,1.0,1.0,1578642409994680,252491369639, HMD, -0.06775, 1.17283, 0.40052, 0.03661, 0.01688, -0.99918, 0.00332
3774297,1578642409999119,1,1,1,1,0,1,1,1,1,0,0.26702881,0.06311035,0.96160889,0.30856323,0.09085083,0.94683838,34.27340698,1.332901,-33.67828369,-23.84249878,0.99845886,-23.96032715,0,0.0,2.69656372,2.69656372,1.0,1.0,1578642410002283,252491445681, HMD, -0.06765, 1.17282, 0.40052, 0.03733, 0.01675, -0.99916, 0.00326
3774297,1578642410003137,1,1,1,1,0,1,1,1,1,0,0.26702881,0.06311035,0.96160889,0.30856323,0.09085083,0.94683838,34.27340698,1.332901,-33.67828369,-23.84249878,0.99845886,-23.96032715,0,0.0,2.69656372,2.69656372,1.0,1.0,1578642410003084,252491453680, HMD, -0.06764, 1.17282, 0.40052, 0.03741, 0.01673, -0.99915, 0.00326
3774305,1578642410007132,1,1,1,1,0,1,1,1,1,0,0.2444458,0.03292847,0.96908569,0.3110199,0.06356812,0.94825745,34.36090088,1.60891724,-34.85502625,-23.80319214,0.95785522,-24.04130554,0,0.0,2.7091217,2.7091217,1.0,1.0,1578642410006042,252491483261, HMD, -0.06762, 1.17279, 0.40051, 0.03769, 0.01665, -0.99915, 0.00322
3774305,1578642410011112,1,1,1,1,0,1,1,1,1,0,0.2444458,0.03292847,0.96908569,0.3110199,0.06356812,0.94825745,34.36090088,1.60891724,-34.85502625,-23.80319214,0.95785522,-24.04130554,0,0.0,2.7091217,2.7091217,1.0,1.0,1578642410014572,252491568567, HMD, -0.06753, 1.17280, 0.40053, 0.03850, 0.01652, -0.99912, 0.00313
3774314,1578642410015125,1,1,1,1,0,1,1,1,1,0,0.24996948,0.04608154,0.96714783,0.31800842,0.06231689,0.94602966,34.38214111,1.56820679,-34.77833557,-23.86105347,1.00689697,-24.19174194,0,0.0,2.74986267,2.74986267,1.0,1.0,1578642410015078,252491573620, HMD, -0.06752, 1.17280, 0.40053, 0.03855, 0.01651, -0.99912, 0.00313
3774314,1578642410019130,1,1,1,1,0,1,1,1,1,0,0.24996948,0.04608154,0.96714783,0.31800842,0.06231689,0.94602966,34.38214111,1.56820679,-34.77833557,-23.86105347,1.00689697,-24.19174194,0,0.0,2.74986267,2.74986267,1.0,1.0,1578642410017643,252491599278, HMD, -0.06749, 1.17279, 0.40054, 0.03879, 0.01647, -0.99911, 0.00309
3774322,1578642410023143,1,1,1,1,0,1,1,1,1,0,0.24272156,0.04423523,0.96907043,0.31983948,0.0708313,0.94480896,34.39372253,1.51100159,-34.61254883,-23.89912415,0.84054565,-23.60040283,0,0.0,2.73554993,2.73554993,1.0,1.0,1578642410027791,252491700756, HMD, -0.06734, 1.17275, 0.40055, 0.03980, 0.01635, -0.99907, 0.00294
3774322,1578642410028137,1,1,1,1,0,1,1,1,1,0,0.24272156,0.04423523,0.96907043,0.31983948,0.0708313,0.94480896,34.39372253,1.51100159,-34.61254883,-23.89912415,0.84054565,-23.60040283,0,0.0,2.73554993,2.73554993,1.0,1.0,1578642410028173,252491704578, HMD, -0.06734, 1.17274, 0.40055, 0.03983, 0.01634, -0.99907, 0.00294
3774330,1578642410032641,1,1,1,1,0,1,1,1,1,0,0.24061584,0.04537964,0.96954346,0.31733704,0.07954407,0.94496155,34.39732361,1.50660706,-34.58840942,-23.92643738,0.8245697,-23.52598572,0,0.0,2.70483398,2.70483398,1.0,1.0,1578642410031181,252491734654, HMD, -0.06730, 1.17274, 0.40055, 0.04013, 0.01632, -0.99906, 0.00290
3774330,1578642410037622,1,1,1,1,0,1,1,1,1,0,0.24061584,0.04537964,0.96954346,0.31733704,0.07954407,0.94496155,34.39732361,1.50660706,-34.58840942,-23.92643738,0.8245697,-23.52598572,0,0.0,2.70483398,2.70483398,1.0,1.0,1578642410040783,252491830687, HMD, -0.06716, 1.17273, 0.40057, 0.04107, 0.01625, -0.99902, 0.00272
3774338,1578642410041610,1,1,1,1,0,1,1,1,1,0,0.24327087,0.04544067,0.96888733,0.30775452,0.07981873,0.94810486,34.39819336,1.50691223,-34.58360291,-23.97717285,0.82823181,-23.45457458,0,0.0,2.73149109,2.73149109,1.0,1.0,1578642410041586,252491838705, HMD, -0.06715, 1.17273, 0.40058, 0.04115, 0.01625, -0.99902, 0.00271
3774338,1578642410045610,1,1,1,1,0,1,1,1,1,0,0.24327087,0.04544067,0.96888733,0.30775452,0.07981873,0.94810486,34.39819336,1.50691223,-34.58360291,-23.97717285,0.82823181,-23.45457458,0,0.0,2.73149109,2.73149109,1.0,1.0,1578642410043882,252491861662, HMD, -0.06712, 1.17273, 0.40058, 0.04137, 0.01623, -0.99901, 0.00267
3774347,1578642410049622,1,1,1,1,0,1,1,1,1,0,0.24151611,0.04504395,0.96934509,0.30757141,0.08111572,0.94804382,34.39904785,1.50660706,-34.57881165,-23.99905396,0.85450745,-23.57296753,0,0.0,2.72428894,2.72428894,1.0,1.0,1578642410052455,252491947396, HMD, -0.06694, 1.17275, 0.40065, 0.04222, 0.01618, -0.99897, 0.00252
3774347,1578642410053621,1,1,1,1,0,1,1,1,1,0,0.24151611,0.04504395,0.96934509,0.30757141,0.08111572,0.94804382,34.39904785,1.50660706,-34.57881165,-23.99905396,0.85450745,-23.57296753,0,0.0,2.72428894,2.72428894,1.0,1.0,1578642410053659,252491959438, HMD, -0.06692, 1.17275, 0.40066, 0.04234, 0.01617, -0.99897, 0.00250
3774355,1578642410058619,1,1,1,1,0,1,1,1,1,0,0.24223328,0.04754639,0.96903992,0.29399109,0.09565735,0.95100403,34.40100098,1.48518372,-34.51557922,-24.01721191,0.89147949,-23.75532532,0,0.0,2.74285889,2.74285889,1.0,1.0,1578642410056245,252491985293, HMD, -0.06688, 1.17275, 0.40066, 0.04258, 0.01616, -0.99896, 0.00246
3774355,1578642410062198,1,1,1,1,0,1,1,1,1,0,0.24223328,0.04754639,0.96903992,0.29399109,0.09565735,0.95100403,34.40100098,1.48518372,-34.51557922,-24.01721191,0.89147949,-23.75532532,0,0.0,2.74285889,2.74285889,1.0,1.0,1578642410065301,252492075858, HMD, -0.06672, 1.17275, 0.40070, 0.04347, 0.01607, -0.99892, 0.00233
3774363,1578642410066185,1,1,1,1,0,1,1,1,1,0,0.24299622,0.04679871,0.96888733,0.28526306,0.08970642,0.95423889,34.4029541,1.46376038,-34.45233154,-24.05941772,0.8314209,-23.49230957,0,0.0,2.73149109,2.73149109,1.0,1.0,1578642410066116,252492084006, HMD, -0.06670, 1.17275, 0.40070, 0.04356, 0.01609, -0.99892, 0.00231
3774363,1578642410070203,1,1,1,1,0,1,1,1,1,0,0.24299622,0.04679871,0.96888733,0.28526306,0.08970642,0.95423889,34.4029541,1.46376038,-34.45233154,-24.05941772,0.8314209,-23.49230957,0,0.0,2.73149109,2.73149109,1.0,1.0,1578642410068628,252492109127, HMD, -0.06666, 1.17275, 0.40071, 0.04379, 0.01607, -0.99891, 0.00228
3774372,1578642410074195,1,1,1,1,0,1,1,1,1,0,0.24211121,0.04925537,0.96899414,0.28700256,0.08656311,0.95399475,34.40667725,1.43196106,-34.36050415,-24.08352661,0.83575439,-23.45983887,0,0.0,2.74868774,2.74868774,1.0,1.0,1578642410078082,252492203676, HMD, -0.06652, 1.17274, 0.40075, 0.04472, 0.01600, -0.99887, 0.00217
3774372,1578642410078179,1,1,1,1,0,1,1,1,1,0,0.24211121,0.04925537,0.96899414,0.28700256,0.08656311,0.95399475,34.40667725,1.43196106,-34.36050415,-24.08352661,0.83575439,-23.45983887,0,0.0,2.74868774,2.74868774,1.0,1.0,1578642410078082,252492203676, HMD, -0.06652, 1.17274, 0.40075, 0.04472, 0.01600, -0.99887, 0.00217
3774380,1578642410082175,1,1,1,1,0,1,1,1,1,0,0.2412262,0.05175781,0.96908569,0.29222107,0.0874939,0.95233154,34.41040039,1.400177,-34.26867676,-24.12530518,0.73522949,-23.03215027,0,0.0,2.76617432,2.76617432,1.0,1.0,1578642410081645,252492239292, HMD, -0.06647, 1.17274, 0.40076, 0.04506, 0.01596, -0.99885, 0.00214
3774380,1578642410086193,1,1,1,1,0,1,1,1,1,0,0.2412262,0.05175781,0.96908569,0.29222107,0.0874939,0.95233154,34.41040039,1.400177,-34.26867676,-24.12530518,0.73522949,-23.03215027,0,0.0,2.76617432,2.76617432,1.0,1.0,1578642410081645,252492239292, HMD, -0.06647, 1.17274, 0.40076, 0.04506, 0.01596, -0.99885, 0.00214
3774388,1578642410090193,1,1,1,1,0,1,1,1,1,0,0.24029541,0.05201721,0.96929932,0.28672791,0.08673096,0.95407104,34.41279602,1.40010071,-34.26594543,-24.13381958,0.73373413,-23.02124023,0,0.0,2.77029419,2.77029419,1.0,1.0,1578642410094991,252492372761, HMD, -0.06631, 1.17276, 0.40081, 0.04637, 0.01582, -0.99880, 0.00202
3774388,1578642410095184,1,1,1,1,0,1,1,1,1,0,0.24029541,0.05201721,0.96929932,0.28672791,0.08673096,0.95407104,34.41279602,1.40010071,-34.26594543,-24.13381958,0.73373413,-23.02124023,0,0.0,2.77029419,2.77029419,1.0,1.0,1578642410095145,252492374298, HMD, -0.06631, 1.17276, 0.40081, 0.04638, 0.01582, -0.99880, 0.00203
3774397,1578642410099170,1,1,1,1,0,1,1,1,1,0,0.23936462,0.05235291,0.96951294,0.2885437,0.08653259,0.95353699,34.41519165,1.40003967,-34.26321411,-24.15101624,0.75939941,-23.09617615,0,0.0,2.77436829,2.77436829,1.0,1.0,1578642410098105,252492403893, HMD, -0.06627, 1.17276, 0.40083, 0.04667, 0.01578, -0.99878, 0.00201
3774397,1578642410103188,1,1,1,1,0,1,1,1,1,0,0.23936462,0.05235291,0.96951294,0.2885437,0.08653259,0.95353699,34.41519165,1.40003967,-34.26321411,-24.15101624,0.75939941,-23.09617615,0,0.0,2.77436829,2.77436829,1.0,1.0,1578642410107666,252492499517, HMD, -0.06614, 1.17278, 0.40086, 0.04758, 0.01566, -0.99874, 0.00195
3774405,1578642410107162,1,1,1,1,0,1,1,1,1,0,0.23913574,0.05421448,0.96946716,0.28544617,0.09075928,0.95407104,34.41749573,1.37457275,-34.19168091,-24.16603088,0.75965881,-23.09129333,0,0.0,2.77258301,2.77258301,1.0,1.0,1578642410107666,252492499517, HMD, -0.06614, 1.17278, 0.40086, 0.04758, 0.01566, -0.99874, 0.00195
3774405,1578642410111180,1,1,1,1,0,1,1,1,1,0,0.23913574,0.05421448,0.96946716,0.28544617,0.09075928,0.95407104,34.41749573,1.37457275,-34.19168091,-24.16603088,0.75965881,-23.09129333,0,0.0,2.77258301,2.77258301,1.0,1.0,1578642410110707,252492529910, HMD, -0.06610, 1.17278, 0.40088, 0.04786, 0.01562, -0.99873, 0.00196
3774413,1578642410115171,1,1,1,1,0,1,1,1,1,0,0.2388916,0.05473328,0.96949768,0.28562927,0.0899353,0.95410156,34.4197998,1.34912109,-34.12016296,-24.16912842,0.76722717,-23.13249207,0,0.0,2.77836609,2.77836609,1.0,1.0,1578642410110707,252492529910, HMD, -0.06610, 1.17278, 0.40088, 0.04786, 0.01562, -0.99873, 0.00196
3774413,1578642410119157,1,1,1,1,0,1,1,1,1,0,0.2388916,0.05473328,0.96949768,0.28562927,0.0899353,0.95410156,34.4197998,1.34912109,-34.12016296,-24.16912842,0.76722717,-23.13249207,0,0.0,2.77836609,2.77836609,1.0,1.0,1578642410119780,252492620649, HMD, -0.06597, 1.17279, 0.40093, 0.04870, 0.01552, -0.99869, 0.00193
3774422,1578642410123188,1,1,1,1,0,1,1,1,1,0,0.23852539,0.056427,0.96948242,0.28582764,0.08924866,0.95410156,34.42037964,1.32298279,-34.04299927,-24.17222595,0.77478027,-23.1736908,0,0.0,2.78160095,2.78160095,1.0,1.0,1578642410123216,252492655010, HMD, -0.06593, 1.17279, 0.40095, 0.04902, 0.01547, -0.99868, 0.00193
3774422,1578642410127179,1,1,1,1,0,1,1,1,1,0,0.23852539,0.056427,0.96948242,0.28582764,0.08924866,0.95410156,34.42037964,1.32298279,-34.04299927,-24.17222595,0.77478027,-23.1736908,0,0.0,2.78160095,2.78160095,1.0,1.0,1578642410123482,252492657661, HMD, -0.06592, 1.17279, 0.40095, 0.04905, 0.01547, -0.99867, 0.00193
3774430,1578642410131160,1,1,1,1,0,1,1,1,1,0,0.23814392,0.05815125,0.96948242,0.27752686,0.08998108,0.95648193,34.42094421,1.29684448,-33.96585083,-24.19564819,0.78881836,-23.29522705,0,0.0,2.78479004,2.78479004,1.0,1.0,1578642410132272,252492745568, HMD, -0.06579, 1.17279, 0.40100, 0.04985, 0.01538, -0.99864, 0.00191
3774430,1578642410134860,1,1,1,1,0,1,1,1,1,0,0.23814392,0.05815125,0.96948242,0.27752686,0.08998108,0.95648193,34.42094421,1.29684448,-33.96585083,-24.19564819,0.78881836,-23.29522705,0,0.0,2.78479004,2.78479004,1.0,1.0,1578642410134804,252492770887, HMD, -0.06576, 1.17279, 0.40102, 0.05008, 0.01535, -0.99863, 0.00189
3774430,1578642410139172,1,1,1,1,0,1,1,1,1,0,0.23814392,0.05815125,0.96948242,0.27752686,0.08998108,0.95648193,34.42094421,1.29684448,-33.96585083,-24.19564819,0.78881836,-23.29522705,0,0.0,2.78479004,2.78479004,1.0,1.0,1578642410135406,252492776905, HMD, -0.06575, 1.17279, 0.40102, 0.05014, 0.01535, -0.99862, 0.00188
3774438,1578642410144176,1,1,1,1,0,1,1,1,1,0,0.23757935,0.0599823,0.96949768,0.2784729,0.08888245,0.95631409,34.42098999,1.25979614,-33.85571289,-24.20353699,0.78623962,-23.32644653,0,0.0,2.79605103,2.79605103,1.0,1.0,1578642410145510,252492877954, HMD, -0.06562, 1.17278, 0.40108, 0.05106, 0.01524, -0.99858, 0.00182
3774447,1578642410148168,1,1,1,1,0,1,1,1,1,0,0.23701477,0.06181335,0.9695282,0.27394104,0.08526611,0.95794678,34.42103577,1.22273254,-33.74557495,-24.21720886,0.77210999,-23.28681946,0,0.0,2.8074646,2.8074646,1.0,1.0,1578642410148211,252492904958, HMD, -0.06554, 1.17279, 0.40106, 0.05132, 0.01521, -0.99856, 0.00178
3774447,1578642410152172,1,1,1,1,0,1,1,1,1,0,0.23701477,0.06181335,0.9695282,0.27394104,0.08526611,0.95794678,34.42103577,1.22273254,-33.74557495,-24.21720886,0.77210999,-23.28681946,0,0.0,2.8074646,2.8074646,1.0,1.0,1578642410148487,252492907709, HMD, -0.06553, 1.17279, 0.40107, 0.05134, 0.01521, -0.99856, 0.00178
3774455,1578642410156170,1,1,1,1,0,1,1,1,1,0,0.23182678,0.06170654,0.97079468,0.27308655,0.08918762,0.95783997,34.42211914,1.21281433,-33.71192932,-24.22315979,0.76223755,-23.24327087,0,0.0,2.80921936,2.80921936,1.0,1.0,1578642410158676,252493009620, HMD, -0.06539, 1.17276, 0.40112, 0.05230, 0.01509, -0.99852, 0.00164
3774455,1578642410160162,1,1,1,1,0,1,1,1,1,0,0.23182678,0.06170654,0.97079468,0.27308655,0.08918762,0.95783997,34.42211914,1.21281433,-33.71192932,-24.22315979,0.76223755,-23.24327087,0,0.0,2.80921936,2.80921936,1.0,1.0,1578642410160121,252493024050, HMD, -0.06536, 1.17276, 0.40113, 0.05243, 0.01507, -0.99851, 0.00162
3774463,1578642410164152,1,1,1,1,0,1,1,1,1,0,0.23097229,0.06147766,0.9710083,0.27232361,0.09317017,0.95767212,34.42211914,1.20735168,-33.68597412,-24.22909546,0.75234985,-23.19970703,0,0.0,2.83149719,2.83149719,1.0,1.0,1578642410161708,252493039925, HMD, -0.06534, 1.17276, 0.40114, 0.05259, 0.01505, -0.99850, 0.00160
3774463,1578642410168178,1,1,1,1,0,1,1,1,1,0,0.23097229,0.06147766,0.9710083,0.27232361,0.09317017,0.95767212,34.42211914,1.20735168,-33.68597412,-24.22909546,0.75234985,-23.19970703,0,0.0,2.83149719,2.83149719,1.0,1.0,1578642410172441,252493147272, HMD, -0.06519, 1.17268, 0.40119, 0.05362, 0.01489, -0.99845, 0.00139
3774463,1578642410172160,1,1,1,1,0,1,1,1,1,0,0.23025513,0.06088257,0.97120667,0.284729,0.0896759,0.95439148,34.42211914,1.20695496,-33.67858887,-24.2484436,0.62580872,-22.60806274,0,0.0,2.83250427,2.83250427,1.0,1.0,1578642410172441,252493147272, HMD, -0.06519, 1.17268, 0.40119, 0.05362, 0.01489, -0.99845, 0.00139
3774472,1578642410176153,1,1,1,1,0,1,1,1,1,0,0.23025513,0.06088257,0.97120667,0.284729,0.0896759,0.95439148,34.42211914,1.20695496,-33.67858887,-24.2484436,0.62580872,-22.60806274,0,0.0,2.83250427,2.83250427,1.0,1.0,1578642410176121,252493184055, HMD, -0.06514, 1.17267, 0.40122, 0.05397, 0.01483, -0.99843, 0.00131
3774480,1578642410180153,1,1,1,1,0,1,1,1,1,0,0.22821045,0.06105042,0.97169495,0.29399109,0.0834198,0.95214844,34.42211914,1.19161987,-33.62811279,-24.26777649,0.51341248,-22.04417419,0,0.0,2.83599854,2.83599854,1.0,1.0,1578642410176629,252493189137, HMD, -0.06513, 1.17266, 0.40122, 0.05402, 0.01483, -0.99843, 0.00130
3774480,1578642410184178,1,1,1,1,0,1,1,1,1,0,0.22821045,0.06105042,0.97169495,0.29399109,0.0834198,0.95214844,34.42211914,1.19161987,-33.62811279,-24.26777649,0.51341248,-22.04417419,0,0.0,2.83599854,2.83599854,1.0,1.0,1578642410176629,252493189137, HMD, -0.06513, 1.17266, 0.40122, 0.05402, 0.01483, -0.99843, 0.00130
3774480,1578642410188156,1,1,1,1,0,1,1,1,1,0,0.22821045,0.06105042,0.97169495,0.29399109,0.0834198,0.95214844,34.42211914,1.19161987,-33.62811279,-24.26777649,0.51341248,-22.04417419,0,0.0,2.83599854,2.83599854,1.0,1.0,1578642410192814,252493350992, HMD, -0.06493, 1.17259, 0.40132, 0.05559, 0.01455, -0.99835, 0.00092
3774488,1578642410192143,1,1,1,1,0,1,1,1,1,0,0.2286377,0.06245422,0.97149658,0.29394531,0.08229065,0.95225525,34.42211914,1.15989685,-33.53520203,-24.26850891,0.52178955,-22.07290649,0,0.0,2.83932495,2.83932495,1.0,1.0,1578642410192814,252493350992, HMD, -0.06493, 1.17259, 0.40132, 0.05559, 0.01455, -0.99835, 0.00092
3774488,1578642410196143,1,1,1,1,0,1,1,1,1,0,0.2286377,0.06245422,0.97149658,0.29394531,0.08229065,0.95225525,34.42211914,1.15989685,-33.53520203,-24.26850891,0.52178955,-22.07290649,0,0.0,2.83932495,2.83932495,1.0,1.0,1578642410195804,252493380886, HMD, -0.06489, 1.17257, 0.40134, 0.05589, 0.01451, -0.99833, 0.00085
3774497,1578642410200156,1,1,1,1,0,1,1,1,1,0,0.24699402,0.09039307,0.96478271,0.29347229,0.08166504,0.95246887,34.36303711,0.58546448,-31.75059509,-24.26924133,0.53016663,-22.10163879,0,0.0,3.03521729,3.03521729,1.0,1.0,1578642410195804,252493380886, HMD, -0.06489, 1.17257, 0.40134, 0.05589, 0.01451, -0.99833, 0.00085
3774497,1578642410205154,1,1,1,1,0,1,1,1,1,0,0.24699402,0.09039307,0.96478271,0.29347229,0.08166504,0.95246887,34.36303711,0.58546448,-31.75059509,-24.26924133,0.53016663,-22.10163879,0,0.0,3.03521729,3.03521729,1.0,1.0,1578642410205451,252493477363, HMD, -0.06476, 1.17253, 0.40140, 0.05686, 0.01433, -0.99828, 0.00059
3774505,1578642410209143,1,1,1,1,0,1,1,1,1,0,0.24162292,0.07978821,0.96707153,0.28097534,0.06896973,0.95722961,34.29470825,0.27142334,-31.05047607,-24.30401611,0.36943054,-21.92706299,0,0.0,2.96463013,2.96463013,1.0,1.0,1578642410208521,252493508052, HMD, -0.06472, 1.17251, 0.40143, 0.05716, 0.01427, -0.99826, 0.00052
3774505,1578642410213145,1,1,1,1,0,1,1,1,1,0,0.24162292,0.07978821,0.96707153,0.28097534,0.06896973,0.95722961,34.29470825,0.27142334,-31.05047607,-24.30401611,0.36943054,-21.92706299,0,0.0,2.96463013,2.96463013,1.0,1.0,1578642410208521,252493508052, HMD, -0.06472, 1.17251, 0.40143, 0.05716, 0.01427, -0.99826, 0.00052
3774513,1578642410217141,1,1,1,1,0,1,1,1,1,0,0.26086426,0.04011536,0.96453857,0.26144409,0.04005432,0.96438599,34.12075806,-0.42909241,-29.32881165,-24.2852478,0.39315796,-23.03347778,0,0.0,3.08601379,3.08601379,1.0,1.0,1578642410221333,252493636207, HMD, -0.06453, 1.17245, 0.40150, 0.05845, 0.01406, -0.99819, 0.00012
3774513,1578642410221147,1,1,1,1,0,1,1,1,1,0,0.26086426,0.04011536,0.96453857,0.26144409,0.04005432,0.96438599,34.12075806,-0.42909241,-29.32881165,-24.2852478,0.39315796,-23.03347778,0,0.0,3.08601379,3.08601379,1.0,1.0,1578642410221333,252493636207, HMD, -0.06453, 1.17245, 0.40150, 0.05845, 0.01406, -0.99819, 0.00012
3774522,1578642410227143,1,1,1,1,0,1,1,1,1,0,0.24121094,-0.01017761,0.97041321,0.26124573,-0.01234436,0.96517944,34.02267456,-0.29133606,-30.1025238,-24.3344574,0.24514771,-23.16505432,0,0.0,3.072052,3.072052,1.0,1.0,1578642410225264,252493675490, HMD, -0.06448, 1.17241, 0.40151, 0.05886, 0.01400, -0.99817, 0.00017
3774522,1578642410231134,1,1,1,1,0,1,1,1,1,0,0.24121094,-0.01017761,0.97041321,0.26124573,-0.01234436,0.96517944,34.02267456,-0.29133606,-30.1025238,-24.3344574,0.24514771,-23.16505432,0,0.0,3.072052,3.072052,1.0,1.0,1578642410225264,252493675490, HMD, -0.06448, 1.17241, 0.40151, 0.05886, 0.01400, -0.99817, 0.00017
3774530,1578642410235850,1,1,1,1,0,1,1,1,1,0,0.22648621,-0.06651306,0.97172546,0.27090454,-0.05683899,0.96092224,33.95759583,-0.23197937,-30.76473999,-24.33676147,-0.14729309,-22.55296326,0,0.0,3.00692749,3.00692749,1.0,1.0,1578642410239959,252493822450, HMD, -0.06429, 1.17232, 0.40162, 0.06037, 0.01380, -0.99808, -0.00035
3774538,1578642410240140,1,1,1,1,0,1,1,1,1,0,0.23477173,-0.11889648,0.96473694,0.22972107,-0.09724426,0.96838379,33.87016296,-0.65374756,-29.74577332,-24.1577301,0.07699585,-24.08840942,0,0.0,3.05535889,3.05535889,1.0,1.0,1578642410240119,252493824114, HMD, -0.06429, 1.17232, 0.40162, 0.06038, 0.01380, -0.99808, -0.00030
3774547,1578642410250118,1,1,1,1,0,1,1,1,1,0,0.23475647,-0.15637207,0.9593811,0.25476074,-0.12991333,0.95822144,33.85882568,-0.34640503,-31.0819397,-24.24424744,-0.38851929,-22.89894104,0,0.0,2.93447876,2.93447876,1.0,1.0,1578642410253061,252493953518, HMD, -0.06407, 1.17226, 0.40169, 0.06171, 0.01363, -0.99800, -0.00068
3774547,1578642410254135,1,1,1,1,0,1,1,1,1,0,0.23475647,-0.15637207,0.9593811,0.25476074,-0.12991333,0.95822144,33.85882568,-0.34640503,-31.0819397,-24.24424744,-0.38851929,-22.89894104,0,0.0,2.93447876,2.93447876,1.0,1.0,1578642410254178,252493964628, HMD, -0.06405, 1.17226, 0.40169, 0.06182, 0.01361, -0.99799, -0.00071
3774555,1578642410264131,1,1,1,1,0,1,1,1,1,0,0.23066711,-0.16847229,0.95832825,0.25523376,-0.1519165,0.9548645,33.86341858,-0.34541321,-31.18492126,-24.2428894,-0.47973633,-22.71165466,0,0.0,3.01014709,3.01014709,1.0,1.0,1578642410257714,252493999982, HMD, -0.06400, 1.17224, 0.40172, 0.06220, 0.01357, -0.99797, -0.00079
3774563,1578642410268168,1,1,1,1,0,1,1,1,1,0,0.23196411,-0.16487122,0.95863342,0.25210571,-0.147995,0.95631409,33.90481567,-0.47160339,-30.75384521,-24.29260254,-0.32426453,-23.18167114,0,0.0,3.09034729,3.09034729,1.0,1.0,1578642410257714,252493999982, HMD, -0.06400, 1.17224, 0.40172, 0.06220, 0.01357, -0.99797, -0.00079
3774563,1578642410274150,1,1,1,1,0,1,1,1,1,0,0.22839355,-0.1602478,0.96028137,0.25325012,-0.13973999,0.95724487,33.91638184,-0.53140259,-30.60542297,-24.34455872,-0.27612305,-23.31417847,0,0.0,3.07234192,3.07234192,1.0,1.0,1578642410257714,252493999982, HMD, -0.06400, 1.17224, 0.40172, 0.06220, 0.01357, -0.99797, -0.00079
3774572,1578642410278193,1,1,1,1,0,1,1,1,1,0,0.22839355,-0.1602478,0.96028137,0.25325012,-0.13973999,0.95724487,33.91638184,-0.53140259,-30.60542297,-24.34455872,-0.27612305,-23.31417847,0,0.0,3.07234192,3.07234192,1.0,1.0,1578642410296257,252494385441, HMD, -0.06345, 1.17211, 0.40197, 0.06628, 0.01309, -0.99771, -0.00148
3774580,1578642410285140,1,1,1,1,0,1,1,1,1,0,0.25454712,-0.15997314,0.95372009,0.27017212,-0.14451599,0.95188904,33.84317017,-1.17102051,-28.49087524,-24.44442749,-0.61961365,-22.00016785,0,0.0,3.08415222,3.08415222,1.0,1.0,1578642410296257,252494385441, HMD, -0.06345, 1.17211, 0.40197, 0.06628, 0.01309, -0.99771, -0.00148
3774588,1578642410289130,1,1,1,1,0,1,1,1,1,0,0.25378418,-0.15988159,0.95394897,0.27355957,-0.15739441,0.94888306,33.8480072,-1.16220093,-28.51365662,-24.44491577,-0.59089661,-22.07484436,0,0.0,3.09378052,3.09378052,1.0,1.0,1578642410296257,252494385441, HMD, -0.06345, 1.17211, 0.40197, 0.06628, 0.01309, -0.99771, -0.00148
3774588,1578642410295114,1,1,1,1,0,1,1,1,1,0,0.25378418,-0.15988159,0.95394897,0.27355957,-0.15739441,0.94888306,33.8480072,-1.16220093,-28.51365662,-24.44491577,-0.59089661,-22.07484436,0,0.0,3.09378052,3.09378052,1.0,1.0,1578642410296257,252494385441, HMD, -0.06345, 1.17211, 0.40197, 0.06628, 0.01309, -0.99771, -0.00148
3774588,1578642410299143,1,1,1,1,0,1,1,1,1,0,0.25248718,-0.15950012,0.9543457,0.25497437,-0.14892578,0.95539856,33.85282898,-1.15338135,-28.53642273,-24.46421814,-0.59088135,-22.14302063,0,0.0,3.10017395,3.10017395,1.0,1.0,1578642410299131,252494414158, HMD, -0.06340, 1.17210, 0.40199, 0.06659, 0.01306, -0.99769, -0.00153
3774597,1578642410303215,1,1,1,1,0,1,1,1,1,0,0.25248718,-0.15950012,0.9543457,0.25497437,-0.14892578,0.95539856,33.85282898,-1.15338135,-28.53642273,-24.46421814,-0.59088135,-22.14302063,0,0.0,3.10017395,3.10017395,1.0,1.0,1578642410299709,252494419936, HMD, -0.06339, 1.17210, 0.40199, 0.06666, 0.01305, -0.99769, -0.00152
3774605,1578642410307869,1,1,1,1,0,1,1,1,1,0,0.25253296,-0.16085815,0.95411682,0.25775146,-0.1441803,0.9553833,33.85754395,-1.12799072,-28.61143494,-24.49085999,-0.54808044,-22.2991333,0,0.0,3.11476135,3.11476135,1.0,1.0,1578642410299709,252494419936, HMD, -0.06339, 1.17210, 0.40199, 0.06666, 0.01305, -0.99769, -0.00152
3774605,1578642410314200,1,1,1,1,0,1,1,1,1,0,0.25253296,-0.16085815,0.95411682,0.25775146,-0.1441803,0.9553833,33.85754395,-1.12799072,-28.61143494,-24.49085999,-0.54808044,-22.2991333,0,0.0,3.11476135,3.11476135,1.0,1.0,1578642410299709,252494419936, HMD, -0.06339, 1.17210, 0.40199, 0.06666, 0.01305, -0.99769, -0.00152
3774613,1578642410320712,1,1,1,1,0,1,1,1,1,0,0.25205994,-0.16040039,0.95431519,0.25479126,-0.14552307,0.95597839,33.86224365,-1.1026001,-28.68643188,-24.52818298,-0.52758789,-22.35403442,0,0.0,3.1217804,3.1217804,1.0,1.0,1578642410329482,252494717727, HMD, -0.06283, 1.17202, 0.40217, 0.07000, 0.01280, -0.99746, -0.00188
3774622,1578642410325225,1,1,1,1,0,1,1,1,1,0,0.23431396,-0.16183472,0.95858765,0.23907471,-0.14888,0.95950317,33.90058899,-0.75788879,-29.84033203,-24.55255127,-0.4997406,-22.4209137,0,0.0,3.09281921,3.09281921,1.0,1.0,1578642410329482,252494717727, HMD, -0.06283, 1.17202, 0.40217, 0.07000, 0.01280, -0.99746, -0.00188
3774622,1578642410330694,1,1,1,1,0,1,1,1,1,0,0.21809387,-0.16223145,0.96234131,0.24058533,-0.14576721,0.95960999,33.93894958,-0.41319275,-30.99424744,-24.55914307,-0.42227173,-22.66255188,0,0.0,3.06402588,3.06402588,1.0,1.0,1578642410330717,252494730012, HMD, -0.06280, 1.17202, 0.40218, 0.07019, 0.01278, -0.99745, -0.00190
3774630,1578642410334693,1,1,1,1,0,1,1,1,1,0,0.21809387,-0.16223145,0.96234131,0.24058533,-0.14576721,0.95960999,33.93894958,-0.41319275,-30.99424744,-24.55914307,-0.42227173,-22.66255188,0,0.0,3.06402588,3.06402588,1.0,1.0,1578642410334747,252494770317, HMD, -0.06273, 1.17201, 0.40220, 0.07066, 0.01274, -0.99742, -0.00192
3774630,1578642410338714,1,1,1,1,0,1,1,1,1,0,0.21809387,-0.16223145,0.96234131,0.24058533,-0.14576721,0.95960999,33.93894958,-0.41319275,-30.99424744,-24.55914307,-0.42227173,-22.66255188,0,0.0,3.06402588,3.06402588,1.0,1.0,1578642410335297,252494775813, HMD, -0.06272, 1.17201, 0.40221, 0.07072, 0.01274, -0.99741, -0.00192
3774638,1578642410342646,1,1,1,1,0,1,1,1,1,0,0.21636963,-0.16268921,0.96264648,0.22901917,-0.15245056,0.96139526,33.94055176,-0.38037109,-31.0788269,-24.5826416,-0.39811707,-22.74105835,0,0.0,3.06175232,3.06175232,1.0,1.0,1578642410335297,252494775813, HMD, -0.06272, 1.17201, 0.40221, 0.07072, 0.01274, -0.99741, -0.00192
3774638,1578642410346624,1,1,1,1,0,1,1,1,1,0,0.21636963,-0.16268921,0.96264648,0.22901917,-0.15245056,0.96139526,33.94055176,-0.38037109,-31.0788269,-24.5826416,-0.39811707,-22.74105835,0,0.0,3.06175232,3.06175232,1.0,1.0,1578642410335297,252494775813, HMD, -0.06272, 1.17201, 0.40221, 0.07072, 0.01274, -0.99741, -0.00192
3774647,1578642410350657,1,1,1,1,0,1,1,1,1,0,0.21464539,-0.16589355,0.9624939,0.2409668,-0.14324951,0.9598999,33.94215393,-0.34754944,-31.16340637,-24.60012817,-0.36361694,-22.88168335,0,0.0,3.05912781,3.05912781,1.0,1.0,1578642410365618,252495079069, HMD, -0.06222, 1.17199, 0.40241, 0.07434, 0.01254, -0.99715, -0.00213
3774647,1578642410355169,1,1,1,1,0,1,1,1,1,0,0.21464539,-0.16589355,0.9624939,0.2409668,-0.14324951,0.9598999,33.94215393,-0.34754944,-31.16340637,-24.60012817,-0.36361694,-22.88168335,0,0.0,3.05912781,3.05912781,1.0,1.0,1578642410365618,252495079069, HMD, -0.06222, 1.17199, 0.40241, 0.07434, 0.01254, -0.99715, -0.00213
3774655,1578642410358628,1,1,1,1,0,1,1,1,1,0,0.21374512,-0.16470337,0.96289063,0.24014282,-0.14955139,0.95913696,33.94404602,-0.34632874,-31.19102478,-24.61831665,-0.33139038,-23.01126099,0,0.0,3.06509399,3.06509399,1.0,1.0,1578642410365618,252495079069, HMD, -0.06222, 1.17199, 0.40241, 0.07434, 0.01254, -0.99715, -0.00213
3774655,1578642410362648,1,1,1,1,0,1,1,1,1,0,0.21374512,-0.16470337,0.96289063,0.24014282,-0.14955139,0.95913696,33.94404602,-0.34632874,-31.19102478,-24.61831665,-0.33139038,-23.01126099,0,0.0,3.06509399,3.06509399,1.0,1.0,1578642410365618,252495079069, HMD, -0.06222, 1.17199, 0.40241, 0.07434, 0.01254, -0.99715, -0.00213
3774663,1578642410367609,1,1,1,1,0,1,1,1,1,0,0.21284485,-0.16293335,0.96339417,0.22637939,-0.15684509,0.96131897,33.94593811,-0.34754944,-31.21864319,-24.64735413,-0.33979797,-22.97964478,0,0.0,3.07110596,3.07110596,1.0,1.0,1578642410367576,252495098606, HMD, -0.06219, 1.17198, 0.40242, 0.07457, 0.01254, -0.99713, -0.00215
3774663,1578642410371625,1,1,1,1,0,1,1,1,1,0,0.21284485,-0.16293335,0.96339417,0.22637939,-0.15684509,0.96131897,33.94593811,-0.34754944,-31.21864319,-24.64735413,-0.33979797,-22.97964478,0,0.0,3.07110596,3.07110596,1.0,1.0,1578642410370219,252495125036, HMD, -0.06214, 1.17198, 0.40244, 0.07489, 0.01252, -0.99711, -0.00217
3774672,1578642410377601,1,1,1,1,0,1,1,1,1,0,0.21183777,-0.16319275,0.96357727,0.22525024,-0.16447449,0.96031189,33.94740295,-0.34916687,-31.20979309,-24.66775513,-0.31776428,-23.05241394,0,0.0,3.07646179,3.07646179,1.0,1.0,1578642410384767,252495270547, HMD, -0.06191, 1.17194, 0.40250, 0.07670, 0.01246, -0.99697, -0.00232
3774672,1578642410381579,1,1,1,1,0,1,1,1,1,0,0.21127319,-0.16345215,0.96365356,0.22766113,-0.15917969,0.96063232,33.94700623,-0.35079956,-31.20095825,-24.68093872,-0.28518677,-23.14382935,0,0.0,3.08154297,3.08154297,1.0,1.0,1578642410384767,252495270547, HMD, -0.06191, 1.17194, 0.40250, 0.07670, 0.01246, -0.99697, -0.00232
3774680,1578642410387421,1,1,1,1,0,1,1,1,1,0,0.21127319,-0.16345215,0.96365356,0.22766113,-0.15917969,0.96063232,33.94700623,-0.35079956,-31.20095825,-24.68093872,-0.28518677,-23.14382935,0,0.0,3.08154297,3.08154297,1.0,1.0,1578642410387433,252495297181, HMD, -0.06185, 1.17194, 0.40250, 0.07704, 0.01245, -0.99695, -0.00236
3774680,1578642410391589,1,1,1,1,0,1,1,1,1,0,0.21144104,-0.16345215,0.96362305,0.23001099,-0.1618042,0.9596405,33.94647217,-0.35580444,-31.18864441,-24.70127869,-0.24853516,-23.25267029,0,0.0,3.09239197,3.09239197,1.0,1.0,1578642410388678,252495309622, HMD, -0.06183, 1.17193, 0.40250, 0.07719, 0.01244, -0.99694, -0.00238
3774688,1578642410395589,1,1,1,1,0,1,1,1,1,0,0.21144104,-0.16345215,0.96362305,0.23001099,-0.1618042,0.9596405,33.94647217,-0.35580444,-31.18864441,-24.70127869,-0.24853516,-23.25267029,0,0.0,3.09239197,3.09239197,1.0,1.0,1578642410388678,252495309622, HMD, -0.06183, 1.17193, 0.40250, 0.07719, 0.01244, -0.99694, -0.00238
3774697,1578642410404575,1,1,1,1,0,1,1,1,1,0,0.21200562,-0.16360474,0.96347046,0.2182312,-0.15873718,0.96289063,33.94593811,-0.36079407,-31.17634583,-24.71492004,-0.24353027,-23.26147461,0,0.0,3.10542297,3.10542297,1.0,1.0,1578642410388678,252495309622, HMD, -0.06183, 1.17193, 0.40250, 0.07719, 0.01244, -0.99694, -0.00238
3774705,1578642410408578,1,1,1,1,0,1,1,1,1,0,0.21105957,-0.164505,0.96351624,0.21444702,-0.16020203,0.96350098,33.94593811,-0.36079407,-31.17634583,-24.72595215,-0.23583984,-23.28565979,0,0.0,3.11271667,3.11271667,1.0,1.0,1578642410388678,252495309622, HMD, -0.06183, 1.17193, 0.40250, 0.07719, 0.01244, -0.99694, -0.00238
3774705,1578642410412762,1,1,1,1,0,1,1,1,1,0,0.21105957,-0.164505,0.96351624,0.21444702,-0.16020203,0.96350098,33.94593811,-0.36079407,-31.17634583,-24.72595215,-0.23583984,-23.28565979,0,0.0,3.11271667,3.11271667,1.0,1.0,1578642410388678,252495309622, HMD, -0.06183, 1.17193, 0.40250, 0.07719, 0.01244, -0.99694, -0.00238
3774713,1578642410418573,1,1,1,1,0,1,1,1,1,0,0.21087646,-0.16462708,0.96354675,0.21209717,-0.1592865,0.96417236,33.94593811,-0.36079407,-31.17634583,-24.73696899,-0.23048401,-23.2688446,0,0.0,3.12010193,3.12010193,1.0,1.0,1578642410388678,252495309622, HMD, -0.06183, 1.17193, 0.40250, 0.07719, 0.01244, -0.99694, -0.00238
3774713,1578642410422559,1,1,1,1,0,1,1,1,1,0,0.20462036,-0.16581726,0.9646759,0.21121216,-0.16268921,0.96379089,33.94593811,-0.36079407,-31.17634583,-24.74185181,-0.22169495,-23.28707886,0,0.0,3.12957764,3.12957764,1.0,1.0,1578642410388678,252495309622, HMD, -0.06183, 1.17193, 0.40250, 0.07719, 0.01244, -0.99694, -0.00238
3774722,1578642410426563,1,1,1,1,0,1,1,1,1,0,0.20462036,-0.16581726,0.9646759,0.21121216,-0.16268921,0.96379089,33.94593811,-0.36079407,-31.17634583,-24.74185181,-0.22169495,-23.28707886,0,0.0,3.12957764,3.12957764,1.0,1.0,1578642410388678,252495309622, HMD, -0.06183, 1.17193, 0.40250, 0.07719, 0.01244, -0.99694, -0.00238
3774747,1578642410452847,1,1,1,1,0,1,1,1,1,0,0.21147156,-0.17082214,0.96232605,0.19984436,-0.1605072,0.96658325,33.89672852,-0.6635437,-30.09172058,-24.77806091,-0.22238159,-23.24263,0,0.0,3.17805481,3.17805481,1.0,1.0,1578642410474719,252496170126, HMD, -0.06037, 1.17172, 0.40283, 0.08825, 0.01204, -0.99602, -0.00361
3774755,1578642410459308,1,1,1,1,0,1,1,1,1,0,0.19215393,-0.16326904,0.96768188,0.20458984,-0.16287231,0.9651947,33.86611938,-0.67694092,-30.02819824,-24.78985596,-0.22749329,-23.22779846,0,0.0,3.21266174,3.21266174,1.0,1.0,1578642410474719,252496170126, HMD, -0.06037, 1.17172, 0.40283, 0.08825, 0.01204, -0.99602, -0.00361
3774763,1578642410472287,1,1,1,1,0,1,1,1,1,0,0.19035339,-0.15756226,0.96897888,0.20472717,-0.16137695,0.96542358,33.85914612,-0.64413452,-30.1217041,-24.80386353,-0.21928406,-23.24569702,0,0.0,3.22085571,3.22085571,1.0,1.0,1578642410474719,252496170126, HMD, -0.06037, 1.17172, 0.40283, 0.08825, 0.01204, -0.99602, -0.00361
3774772,1578642410476402,1,1,1,1,0,1,1,1,1,0,0.18856812,-0.15383911,0.96992493,0.1998291,-0.16297913,0.96617126,33.85528564,-0.6308136,-30.15452576,-24.82406616,-0.23204041,-23.17753601,0,0.0,3.21044922,3.21044922,1.0,1.0,1578642410476327,252496186115, HMD, -0.06034, 1.17172, 0.40283, 0.08846, 0.01203, -0.99600, -0.00363
3774780,1578642410490684,1,1,1,1,0,1,1,1,1,0,0.18661499,-0.15936279,0.96940613,0.19369507,-0.16114807,0.96772766,33.85142517,-0.61750793,-30.18733215,-24.84086609,-0.23121643,-23.14619446,0,0.0,3.21850586,3.21850586,1.0,1.0,1578642410479102,252496213863, HMD, -0.06029, 1.17172, 0.40284, 0.08884, 0.01203, -0.99597, -0.00368
3774797,1578642410506026,1,1,1,1,0,1,1,1,1,0,0.17312622,-0.15937805,0.97190857,0.18118286,-0.15391541,0.97131348,33.82804871,-0.53092957,-30.39639282,-24.8764801,-0.22833252,-23.12496948,0,0.0,3.23748779,3.23748779,1.0,1.0,1578642410519783,252496620747, HMD, -0.05952, 1.17171, 0.40299, 0.09441, 0.01184, -0.99546, -0.00395
3774805,1578642410510060,1,1,1,1,0,1,1,1,1,0,0.18092346,-0.15646362,0.97096252,0.18896484,-0.15997314,0.96885681,33.81936646,-0.52896118,-30.38938904,-24.88578796,-0.21269226,-23.17338562,0,0.0,3.24827576,3.24827576,1.0,1.0,1578642410519783,252496620747, HMD, -0.05952, 1.17171, 0.40299, 0.09441, 0.01184, -0.99546, -0.00395
3774805,1578642410516387,1,1,1,1,0,1,1,1,1,0,0.17112732,-0.164505,0.97140503,0.18336487,-0.15985107,0.96995544,33.83560181,-0.56237793,-30.29345703,-24.87980652,-0.22880554,-23.11256409,0,0.0,3.20759583,3.20759583,1.0,1.0,1578642410519783,252496620747, HMD, -0.05952, 1.17171, 0.40299, 0.09441, 0.01184, -0.99546, -0.00395
3774813,1578642410520405,1,1,1,1,0,1,1,1,1,0,0.17112732,-0.164505,0.97140503,0.18336487,-0.15985107,0.96995544,33.83560181,-0.56237793,-30.29345703,-24.87980652,-0.22880554,-23.11256409,0,0.0,3.20759583,3.20759583,1.0,1.0,1578642410520355,252496626393, HMD, -0.05951, 1.17171, 0.40299, 0.09449, 0.01184, -0.99545, -0.00396
3774822,1578642410529921,1,1,1,1,0,1,1,1,1,0,0.21791077,-0.16871643,0.96125793,0.23670959,-0.17192078,0.95623779,33.89802551,-0.86846924,-29.30158997,-24.80354309,-0.47982788,-21.96932983,0,0.0,3.29109192,3.29109192,1.0,1.0,1578642410524589,252496668733, HMD, -0.05940, 1.17172, 0.40303, 0.09509, 0.01180, -0.99539, -0.00398
3774830,1578642410533983,1,1,1,1,0,1,1,1,1,0,0.24595642,-0.15626526,0.95658875,0.25151062,-0.16712952,0.95330811,34.11100769,-0.50915527,-30.58181763,-24.39204407,-0.3157959,-23.07513428,0,0.0,3.29096985,3.29096985,1.0,1.0,1578642410524589,252496668733, HMD, -0.05940, 1.17172, 0.40303, 0.09509, 0.01180, -0.99539, -0.00398
3774830,1578642410538165,1,1,1,1,0,1,1,1,1,0,0.24595642,-0.15626526,0.95658875,0.25151062,-0.16712952,0.95330811,34.11100769,-0.50915527,-30.58181763,-24.39204407,-0.3157959,-23.07513428,0,0.0,3.29096985,3.29096985,1.0,1.0,1578642410524589,252496668733, HMD, -0.05940, 1.17172, 0.40303, 0.09509, 0.01180, -0.99539, -0.00398
3774838,1578642410542106,1,1,1,1,0,1,1,1,1,0,0.33340454,-0.13841248,0.93255615,0.34358215,-0.15722656,0.92585754,34.25878906,-1.05856323,-28.92222595,-24.12861633,-0.61306763,-22.10670471,0,0.0,3.3664856,3.3664856,1.0,1.0,1578642410524589,252496668733, HMD, -0.05940, 1.17172, 0.40303, 0.09509, 0.01180, -0.99539, -0.00398
3774847,1578642410549088,1,1,1,1,0,1,1,1,1,0,0.39762878,-0.13774109,0.90713501,0.32962036,-0.15705872,0.93095398,34.45762634,-1.44355774,-27.69960022,-23.68714905,0.10224915,-24.74455261,0,0.0,3.37757874,3.37757874,1.0,1.0,1578642410572496,252497147864, HMD, -0.05838, 1.17176, 0.40328, 0.10216, 0.01139, -0.99469, -0.00425
3774847,1578642410553101,1,1,1,1,0,1,1,1,1,0,0.39762878,-0.13774109,0.90713501,0.32962036,-0.15705872,0.93095398,34.45762634,-1.44355774,-27.69960022,-23.68714905,0.10224915,-24.74455261,0,0.0,3.37757874,3.37757874,1.0,1.0,1578642410572496,252497147864, HMD, -0.05838, 1.17176, 0.40328, 0.10216, 0.01139, -0.99469, -0.00425
3774855,1578642410557009,1,1,1,1,0,1,1,1,1,0,0.36094666,-0.16592407,0.91769409,0.38786316,-0.14453125,0.91029358,34.8052063,0.16603088,-33.02828979,-23.39981079,-0.12890625,-24.0786438,0,0.0,3.28857422,3.28857422,1.0,1.0,1578642410572496,252497147864, HMD, -0.05838, 1.17176, 0.40328, 0.10216, 0.01139, -0.99469, -0.00425
3774863,1578642410573283,1,1,1,1,0,1,1,1,1,0,0.402771,-0.16421509,0.9004364,0.41960144,-0.15356445,0.89460754,34.96011353,0.07661438,-32.71366882,-23.20935059,0.13157654,-25.00265503,0,0.0,3.15200806,3.15200806,1.0,1.0,1578642410573336,252497156207, HMD, -0.05836, 1.17176, 0.40329, 0.10229, 0.01138, -0.99468, -0.00426
3774872,1578642410577302,1,1,1,1,0,1,1,1,1,0,0.402771,-0.16421509,0.9004364,0.41960144,-0.15356445,0.89460754,34.96011353,0.07661438,-32.71366882,-23.20935059,0.13157654,-25.00265503,0,0.0,3.15200806,3.15200806,0.98560888,0.83297473,1578642410576299,252497185838, HMD, -0.05829, 1.17176, 0.40331, 0.10274, 0.01134, -0.99463, -0.00428
3774880,1578642410586331,1,1,1,1,0,1,1,1,1,0,0.40299988,-0.170578,0.89915466,0.40908813,-0.14654541,0.90063477,34.95562744,-0.05137634,-32.27835083,-23.23242188,0.06636047,-24.76409912,0,0.0,3.0864563,3.0864563,0.98560888,0.83297473,1578642410576299,252497185838, HMD, -0.05829, 1.17176, 0.40331, 0.10274, 0.01134, -0.99463, -0.00428
3774880,1578642410590340,1,1,1,1,0,1,1,1,1,0,0.4059906,-0.16517639,0.89881897,0.39768982,-0.15052795,0.90507507,34.95578003,-0.06517029,-32.23693848,-23.26159668,-0.01690674,-24.45761108,0,0.0,3.11880493,3.11880493,0.98560888,0.83297473,1578642410597699,252497399841, HMD, -0.05774, 1.17176, 0.40344, 0.10614, 0.01104, -0.99428, -0.00435
3774888,1578642410595666,1,1,1,1,0,1,1,1,1,0,0.4059906,-0.16517639,0.89881897,0.39768982,-0.15052795,0.90507507,34.95578003,-0.06517029,-32.23693848,-23.26159668,-0.01690674,-24.45761108,0,0.0,3.11880493,3.11880493,0.98708653,0.86139655,1578642410597699,252497399841, HMD, -0.05774, 1.17176, 0.40344, 0.10614, 0.01104, -0.99428, -0.00435
3774897,1578642410598992,1,1,1,1,0,1,1,1,1,0,0.40101624,-0.16860962,0.90040588,0.40222168,-0.14762878,0.90354919,34.95780945,-0.04458618,-32.29875183,-23.28027344,-0.0149231,-24.46720886,0,0.0,3.0607605,3.0607605,0.98708653,0.86139655,1578642410598956,252497412401, HMD, -0.05771, 1.17176, 0.40345, 0.10634, 0.01102, -0.99426, -0.00435
3774897,1578642410603047,1,1,1,1,0,1,1,1,1,0,0.40101624,-0.16860962,0.90040588,0.40222168,-0.14762878,0.90354919,34.95780945,-0.04458618,-32.29875183,-23.28027344,-0.0149231,-24.46720886,0,0.0,3.0607605,3.0607605,0.98708653,0.86139655,1578642410600878,252497431622, HMD, -0.05766, 1.17177, 0.40346, 0.10666, 0.01099, -0.99423, -0.00435
3774905,1578642410607099,1,1,1,1,0,1,1,1,1,0,0.39610291,-0.16740417,0.90280151,0.39086914,-0.14633179,0.90872192,34.95983887,-0.02400208,-32.36056519,-23.31799316,0.06149292,-24.71072388,0,0.0,3.11212158,3.11212158,0.98868603,0.87066132,1578642410600878,252497431622, HMD, -0.05766, 1.17177, 0.40346, 0.10666, 0.01099, -0.99423, -0.00435
3774905,1578642410611065,1,1,1,1,0,1,1,1,1,0,0.39610291,-0.16740417,0.90280151,0.39086914,-0.14633179,0.90872192,34.95983887,-0.02400208,-32.36056519,-23.31799316,0.06149292,-24.71072388,0,0.0,3.11212158,3.11212158,0.98868603,0.87066132,1578642410613342,252497556286, HMD, -0.05735, 1.17175, 0.40355, 0.10873, 0.01082, -0.99400, -0.00436
3774913,1578642410616187,1,1,1,1,0,1,1,1,1,0,0.39318848,-0.16938782,0.90371704,0.39758301,-0.14108276,0.90664673,34.95814514,-0.0019989,-32.42619324,-23.35549927,0.08747864,-24.78042603,0,0.0,3.15431213,3.15431213,0.98868603,0.87066132,1578642410616140,252497584239, HMD, -0.05728, 1.17175, 0.40358, 0.10920, 0.01077, -0.99395, -0.00437
3774913,1578642410620661,1,1,1,1,0,1,1,1,1,0,0.39318848,-0.16938782,0.90371704,0.39758301,-0.14108276,0.90664673,34.95814514,-0.0019989,-32.42619324,-23.35549927,0.08747864,-24.78042603,0,0.0,3.15431213,3.15431213,0.98868603,0.87066132,1578642410616546,252497588307, HMD, -0.05727, 1.17175, 0.40358, 0.10927, 0.01076, -0.99394, -0.00436
3774922,1578642410625753,1,1,1,1,0,1,1,1,1,0,0.38952637,-0.17036438,0.90510559,0.39176941,-0.15046692,0.90766907,34.95983887,0.01997375,-32.49182129,-23.36424255,0.05758667,-24.68093872,0,0.0,3.17321777,3.17321777,1.0,1.0,1578642410629159,252497714448, HMD, -0.05694, 1.17178, 0.40372, 0.11146, 0.01055, -0.99370, -0.00438
3774930,1578642410629022,1,1,1,1,0,1,1,1,1,0,0.38322449,-0.17156982,0.90756226,0.38442993,-0.14501953,0.91168213,34.95294189,0.03456116,-32.52156067,-23.37599182,0.00842285,-24.52186584,0,0.0,3.16241455,3.16241455,1.0,1.0,1578642410629159,252497714448, HMD, -0.05694, 1.17178, 0.40372, 0.11146, 0.01055, -0.99370, -0.00438
3774930,1578642410633031,1,1,1,1,0,1,1,1,1,0,0.38322449,-0.17156982,0.90756226,0.38442993,-0.14501953,0.91168213,34.95294189,0.03456116,-32.52156067,-23.37599182,0.00842285,-24.52186584,0,0.0,3.16241455,3.16241455,1.0,1.0,1578642410632281,252497745651, HMD, -0.05686, 1.17178, 0.40375, 0.11200, 0.01049, -0.99364, -0.00439
3774930,1578642410637042,1,1,1,1,0,1,1,1,1,0,0.38322449,-0.17156982,0.90756226,0.38442993,-0.14501953,0.91168213,34.95294189,0.03456116,-32.52156067,-23.37599182,0.00842285,-24.52186584,0,0.0,3.16241455,3.16241455,1.0,1.0,1578642410632281,252497745651, HMD, -0.05686, 1.17178, 0.40375, 0.11200, 0.01049, -0.99364, -0.00439
3774938,1578642410641191,1,1,1,1,0,1,1,1,1,0,0.37576294,-0.1697998,0.91101074,0.38841248,-0.14941406,0.9092865,34.96176147,0.1315155,-32.87854004,-23.39733887,-0.08100891,-24.19581604,0,0.0,3.14932251,3.14932251,1.0,1.0,1578642410646069,252497883549, HMD, -0.05645, 1.17179, 0.40385, 0.11444, 0.01027, -0.99337, -0.00444
3774947,1578642410648135,1,1,1,1,0,1,1,1,1,0,0.37471008,-0.17037964,0.91134644,0.39331055,-0.14610291,0.90771484,34.95909119,0.14608765,-32.92767334,-23.42164612,-0.12606812,-24.03640747,0,0.0,3.14538574,3.14538574,1.0,1.0,1578642410648137,252497904217, HMD, -0.05640, 1.17178, 0.40387, 0.11481, 0.01023, -0.99332, -0.00446
3774947,1578642410652314,1,1,1,1,0,1,1,1,1,0,0.37471008,-0.17037964,0.91134644,0.39331055,-0.14610291,0.90771484,34.95909119,0.14608765,-32.92767334,-23.42164612,-0.12606812,-24.03640747,0,0.0,3.14538574,3.14538574,1.0,1.0,1578642410649098,252497913820, HMD, -0.05637, 1.17178, 0.40388, 0.11498, 0.01021, -0.99330, -0.00446
3774955,1578642410657301,1,1,1,1,0,1,1,1,1,0,0.37472534,-0.17092896,0.91122437,0.3946228,-0.14245605,0.90771484,34.95643616,0.1315155,-32.87854004,-23.44917297,-0.06729126,-24.25616455,0,0.0,3.14830017,3.14830017,1.0,1.0,1578642410658884,252498011692, HMD, -0.05611, 1.17177, 0.40396, 0.11677, 0.01001, -0.99310, -0.00456
3774955,1578642410661274,1,1,1,1,0,1,1,1,1,0,0.37472534,-0.17092896,0.91122437,0.3946228,-0.14245605,0.90771484,34.95643616,0.1315155,-32.87854004,-23.44917297,-0.06729126,-24.25616455,0,0.0,3.14830017,3.14830017,1.0,1.0,1578642410661228,252498035125, HMD, -0.05605, 1.17176, 0.40398, 0.11720, 0.00995, -0.99305, -0.00459
3774963,1578642410664721,1,1,1,1,0,1,1,1,1,0,0.36271667,-0.1776123,0.91481018,0.38751221,-0.15061951,0.9094696,34.95457458,0.14772034,-32.94487,-23.48948669,0.07196045,-24.7381134,0,0.0,3.07476807,3.07476807,1.0,1.0,1578642410661825,252498041095, HMD, -0.05603, 1.17177, 0.40399, 0.11732, 0.00993, -0.99303, -0.00459
3774963,1578642410668764,1,1,1,1,0,1,1,1,1,0,0.36271667,-0.1776123,0.91481018,0.38751221,-0.15061951,0.9094696,34.95457458,0.14772034,-32.94487,-23.48948669,0.07196045,-24.7381134,0,0.0,3.07476807,3.07476807,1.0,1.0,1578642410670500,252498127851, HMD, -0.05579, 1.17177, 0.40404, 0.11892, 0.00973, -0.99285, -0.00470
3774972,1578642410672729,1,1,1,1,0,1,1,1,1,0,0.36227417,-0.17521667,0.91545105,0.39439392,-0.15180969,0.90629578,34.93237305,0.06625366,-32.68144226,-23.52052307,0.04350281,-24.61763,0,0.0,3.13447571,3.13447571,1.0,1.0,1578642410672786,252498150709, HMD, -0.05573, 1.17176, 0.40406, 0.11934, 0.00968, -0.99280, -0.00474
3774972,1578642410677738,1,1,1,1,0,1,1,1,1,0,0.36227417,-0.17521667,0.91545105,0.39439392,-0.15180969,0.90629578,34.93237305,0.06625366,-32.68144226,-23.52052307,0.04350281,-24.61763,0,0.0,3.13447571,3.13447571,1.0,1.0,1578642410673758,252498160426, HMD, -0.05570, 1.17176, 0.40406, 0.11952, 0.00966, -0.99277, -0.00477
3774980,1578642410681297,1,1,1,1,0,1,1,1,1,0,0.3625946,-0.17567444,0.91522217,0.38635254,-0.14904785,0.91021729,34.93333435,0.05030823,-32.63652039,-23.54493713,0.03858948,-24.58187866,0,0.0,3.13195801,3.13195801,1.0,1.0,1578642410683231,252498255152, HMD, -0.05543, 1.17171, 0.40412, 0.12130, 0.00943, -0.99256, -0.00494
3774980,1578642410684813,1,1,1,1,0,1,1,1,1,0,0.3625946,-0.17567444,0.91522217,0.38635254,-0.14904785,0.91021729,34.93333435,0.05030823,-32.63652039,-23.54493713,0.03858948,-24.58187866,0,0.0,3.13195801,3.13195801,1.0,1.0,1578642410684872,252498271569, HMD, -0.05541, 1.17171, 0.40414, 0.12162, 0.00939, -0.99252, -0.00496
3774988,1578642410688846,1,1,1,1,0,1,1,1,1,0,0.36233521,-0.17523193,0.91542053,0.38531494,-0.16004944,0.90878296,34.93237305,0.06625366,-32.68144226,-23.57484436,0.11129761,-24.82008362,0,0.0,3.13490295,3.13490295,1.0,1.0,1578642410686323,252498286074, HMD, -0.05537, 1.17170, 0.40415, 0.12189, 0.00935, -0.99249, -0.00499
3774988,1578642410692815,1,1,1,1,0,1,1,1,1,0,0.36233521,-0.17523193,0.91542053,0.38531494,-0.16004944,0.90878296,34.93237305,0.06625366,-32.68144226,-23.57484436,0.11129761,-24.82008362,0,0.0,3.13490295,3.13490295,1.0,1.0,1578642410695335,252498376199, HMD, -0.05513, 1.17166, 0.40422, 0.12359, 0.00914, -0.99228, -0.00518
3774997,1578642410696802,1,1,1,1,0,1,1,1,1,0,0.35791016,-0.17494202,0.91720581,0.38386536,-0.15718079,0.90989685,34.93333435,0.08305359,-32.74082947,-23.59405518,0.1999054,-25.12434387,0,0.0,3.13534546,3.13534546,1.0,1.0,1578642410696843,252498391276, HMD, -0.05509, 1.17166, 0.40423, 0.12387, 0.00910, -0.99224, -0.00522
3774997,1578642410700818,1,1,1,1,0,1,1,1,1,0,0.35791016,-0.17494202,0.91720581,0.38386536,-0.15718079,0.90989685,34.93333435,0.08305359,-32.74082947,-23.59405518,0.1999054,-25.12434387,0,0.0,3.13534546,3.13534546,1.0,1.0,1578642410698282,252498405663, HMD, -0.05505, 1.17165, 0.40423, 0.12414, 0.00906, -0.99221, -0.00525
3775005,1578642410706655,1,1,1,1,0,1,1,1,1,0,0.34667969,-0.17201233,0.92205811,0.37361145,-0.15162659,0.9151001,34.89561462,0.18000793,-33.07310486,-23.62606812,0.2828064,-25.4016571,0,0.0,3.14559937,3.14559937,1.0,1.0,1578642410709991,252498522766, HMD, -0.05474, 1.17158, 0.40428, 0.12640, 0.00879, -0.99192, -0.00552
3775005,1578642410710664,1,1,1,1,0,1,1,1,1,0,0.34667969,-0.17201233,0.92205811,0.37361145,-0.15162659,0.9151001,34.89561462,0.18000793,-33.07310486,-23.62606812,0.2828064,-25.4016571,0,0.0,3.14559937,3.14559937,1.0,1.0,1578642410710713,252498529974, HMD, -0.05472, 1.17158, 0.40428, 0.12654, 0.00877, -0.99191, -0.00554
3775013,1578642410715657,1,1,1,1,0,1,1,1,1,0,0.34562683,-0.17062378,0.92271423,0.37828064,-0.15176392,0.91314697,34.88768005,0.16145325,-32.99632263,-23.66331482,0.30586243,-25.43585205,0,0.0,3.1373291,3.1373291,1.0,1.0,1578642410713425,252498557096, HMD, -0.05465, 1.17156, 0.40430, 0.12707, 0.00871, -0.99184, -0.00560
3775013,1578642410719656,1,1,1,1,0,1,1,1,1,0,0.34562683,-0.17062378,0.92271423,0.37828064,-0.15176392,0.91314697,34.88768005,0.16145325,-32.99632263,-23.66331482,0.30586243,-25.43585205,0,0.0,3.1373291,3.1373291,1.0,1.0,1578642410722922,252498652070, HMD, -0.05439, 1.17152, 0.40435, 0.12890, 0.00851, -0.99160, -0.00583
3775022,1578642410723231,1,1,1,1,0,1,1,1,1,0,0.39657593,-0.15142822,0.90541077,0.38575745,-0.15081787,0.91017151,34.78198242,-0.96694946,-29.25920105,-23.70066833,0.31512451,-25.42350769,0,0.0,3.31311035,3.31311035,1.0,1.0,1578642410723169,252498654530, HMD, -0.05438, 1.17152, 0.40435, 0.12895, 0.00850, -0.99160, -0.00584
3775022,1578642410727226,1,1,1,1,0,1,1,1,1,0,0.39657593,-0.15142822,0.90541077,0.38575745,-0.15081787,0.91017151,34.78198242,-0.96694946,-29.25920105,-23.70066833,0.31512451,-25.42350769,0,0.0,3.31311035,3.31311035,1.0,1.0,1578642410725913,252498681969, HMD, -0.05433, 1.17151, 0.40434, 0.12950, 0.00846, -0.99153, -0.00589
3775030,1578642410731209,1,1,1,1,0,1,1,1,1,0,0.39779663,-0.15161133,0.90484619,0.3669281,-0.15037537,0.91799927,34.78410339,-0.97694397,-29.22241211,-23.70732117,0.35261536,-25.57055664,0,0.0,3.1570282,3.1570282,1.0,1.0,1578642410734966,252498772511, HMD, -0.05410, 1.17147, 0.40440, 0.13125, 0.00830, -0.99130, -0.00608
3775030,1578642410735226,1,1,1,1,0,1,1,1,1,0,0.39779663,-0.15161133,0.90484619,0.3669281,-0.15037537,0.91799927,34.78410339,-0.97694397,-29.22241211,-23.70732117,0.35261536,-25.57055664,0,0.0,3.1570282,3.1570282,1.0,1.0,1578642410735227,252498775111, HMD, -0.05409, 1.17147, 0.40440, 0.13130, 0.00830, -0.99129, -0.00609
3775038,1578642410739233,1,1,1,1,0,1,1,1,1,0,0.39054871,-0.1512146,0.9080658,0.34082031,-0.14543152,0.92880249,34.77526855,-0.97387695,-29.21058655,-23.71525574,0.37014771,-25.63323975,0,0.0,3.16511536,3.16511536,1.0,1.0,1578642410738239,252498805237, HMD, -0.05400, 1.17146, 0.40441, 0.13189, 0.00825, -0.99121, -0.00616
3775038,1578642410744217,1,1,1,1,0,1,1,1,1,0,0.39054871,-0.1512146,0.9080658,0.34082031,-0.14543152,0.92880249,34.77526855,-0.97387695,-29.21058655,-23.71525574,0.37014771,-25.63323975,0,0.0,3.16511536,3.16511536,1.0,1.0,1578642410747706,252498899909, HMD, -0.05375, 1.17143, 0.40445, 0.13377, 0.00808, -0.99096, -0.00636
3775047,1578642410748205,1,1,1,1,0,1,1,1,1,0,0.3944397,-0.15222168,0.90620422,0.33187866,-0.13264465,0.9339447,34.76130676,-1.01661682,-29.06155396,-23.75663757,0.41522217,-25.76800537,0,0.0,3.14131165,3.14131165,1.0,1.0,1578642410748265,252498905498, HMD, -0.05373, 1.17142, 0.40445, 0.13388, 0.00807, -0.99094, -0.00637
3775047,1578642410753222,1,1,1,1,0,1,1,1,1,0,0.3944397,-0.15222168,0.90620422,0.33187866,-0.13264465,0.9339447,34.76130676,-1.01661682,-29.06155396,-23.75663757,0.41522217,-25.76800537,0,0.0,3.14131165,3.14131165,1.0,1.0,1578642410750740,252498930244, HMD, -0.05366, 1.17141, 0.40446, 0.13437, 0.00803, -0.99088, -0.00643
3775055,1578642410757216,1,1,1,1,0,1,1,1,1,0,0.3923645,-0.14816284,0.90779114,0.33253479,-0.12713623,0.9344635,34.75419617,-1.01992798,-29.04846191,-23.77900696,0.31533813,-25.41098022,0,0.0,3.1388855,3.1388855,1.0,1.0,1578642410759420,252499017059, HMD, -0.05342, 1.17137, 0.40449, 0.13609, 0.00789, -0.99064, -0.00664
3775055,1578642410762208,1,1,1,1,0,1,1,1,1,0,0.3923645,-0.14816284,0.90779114,0.33253479,-0.12713623,0.9344635,34.75419617,-1.01992798,-29.04846191,-23.77900696,0.31533813,-25.41098022,0,0.0,3.1388855,3.1388855,1.0,1.0,1578642410762170,252499044548, HMD, -0.05334, 1.17135, 0.40450, 0.13664, 0.00785, -0.99057, -0.00670
3775063,1578642410766224,1,1,1,1,0,1,1,1,1,0,0.3901825,-0.14689636,0.90893555,0.3356781,-0.13171387,0.93270874,34.74708557,-1.02323914,-29.03535461,-23.79299927,0.29302979,-25.3296814,0,0.0,3.14260864,3.14260864,1.0,1.0,1578642410762495,252499047793, HMD, -0.05334, 1.17135, 0.40450, 0.13671, 0.00784, -0.99056, -0.00671
3775063,1578642410771220,1,1,1,1,0,1,1,1,1,0,0.3901825,-0.14689636,0.90893555,0.3356781,-0.13171387,0.93270874,34.74708557,-1.02323914,-29.03535461,-23.79299927,0.29302979,-25.3296814,0,0.0,3.14260864,3.14260864,1.0,1.0,1578642410771367,252499136528, HMD, -0.05312, 1.17129, 0.40455, 0.13849, 0.00770, -0.99031, -0.00695
3775072,1578642410775203,1,1,1,1,0,1,1,1,1,0,0.38783264,-0.14659119,0.9099884,0.34339905,-0.13592529,0.92929077,34.73681641,-1.04022217,-28.9682312,-23.83251953,0.14781189,-24.78781128,0,0.0,3.14096069,3.14096069,1.0,1.0,1578642410774776,252499170608, HMD, -0.05303, 1.17127, 0.40456, 0.13918, 0.00763, -0.99021, -0.00705
3775080,1578642410781196,1,1,1,1,0,1,1,1,1,0,0.38545227,-0.14625549,0.91105652,0.34135437,-0.13232422,0.93057251,34.72653198,-1.05718994,-28.90109253,-23.84080505,0.13047791,-24.70672607,0,0.0,3.13903809,3.13903809,1.0,1.0,1578642410787163,252499294490, HMD, -0.05272, 1.17123, 0.40465, 0.14168, 0.00741, -0.98986, -0.00739
3775080,1578642410785208,1,1,1,1,0,1,1,1,1,0,0.38545227,-0.14625549,0.91105652,0.34135437,-0.13232422,0.93057251,34.72653198,-1.05718994,-28.90109253,-23.84080505,0.13047791,-24.70672607,0,0.0,3.13903809,3.13903809,1.0,1.0,1578642410787163,252499294490, HMD, -0.05272, 1.17123, 0.40465, 0.14168, 0.00741, -0.98986, -0.00739
3775088,1578642410789214,1,1,1,1,0,1,1,1,1,0,0.38394165,-0.14358521,0.91210938,0.33282471,-0.12992859,0.93397522,34.71638489,-1.07424927,-28.84307861,-23.84623718,0.14111328,-24.71194458,0,0.0,3.1181488,3.1181488,1.0,1.0,1578642410789164,252499314482, HMD, -0.05266, 1.17122, 0.40466, 0.14209, 0.00737, -0.98980, -0.00745
3775088,1578642410793196,1,1,1,1,0,1,1,1,1,0,0.38394165,-0.14358521,0.91210938,0.33282471,-0.12992859,0.93397522,34.71638489,-1.07424927,-28.84307861,-23.84623718,0.14111328,-24.71194458,0,0.0,3.1181488,3.1181488,1.0,1.0,1578642410791597,252499338810, HMD, -0.05259, 1.17122, 0.40467, 0.14257, 0.00732, -0.98973, -0.00752
3775097,1578642410797206,1,1,1,1,0,1,1,1,1,0,0.37895203,-0.11662292,0.91802979,0.33782959,-0.12750244,0.93251038,34.63819885,-1.21591187,-28.3404541,-23.86328125,0.10289001,-24.53869629,0,0.0,3.10205078,3.10205078,1.0,1.0,1578642410799454,252499417380, HMD, -0.05238, 1.17120, 0.40470, 0.14416, 0.00718, -0.98950, -0.00776
3775097,1578642410801195,1,1,1,1,0,1,1,1,1,0,0.37895203,-0.11662292,0.91802979,0.33782959,-0.12750244,0.93251038,34.63819885,-1.21591187,-28.3404541,-23.86328125,0.10289001,-24.53869629,0,0.0,3.10205078,3.10205078,1.0,1.0,1578642410801122,252499434067, HMD, -0.05233, 1.17119, 0.40470, 0.14450, 0.00715, -0.98945, -0.00781
3775105,1578642410805203,1,1,1,1,0,1,1,1,1,0,0.37895203,-0.11662292,0.91802979,0.33782959,-0.12750244,0.93251038,34.63819885,-1.21591187,-28.3404541,-23.86328125,0.10289001,-24.53869629,0,0.0,3.10205078,3.10205078,1.0,1.0,1578642410802734,252499450186, HMD, -0.05229, 1.17119, 0.40471, 0.14482, 0.00712, -0.98940, -0.00786
3775105,1578642410809202,1,1,1,1,0,1,1,1,1,0,0.38111877,-0.12602234,0.9158783,0.33628845,-0.13072205,0.93263245,34.62031555,-1.26742554,-28.1268158,-23.87081909,0.10293579,-24.52877808,0,0.0,3.00694275,3.00694275,1.0,1.0,1578642410811519,252499538044, HMD, -0.05208, 1.17116, 0.40476, 0.14657, 0.00700, -0.98914, -0.00814
3775113,1578642410813196,1,1,1,1,0,1,1,1,1,0,0.38111877,-0.12602234,0.9158783,0.33628845,-0.13072205,0.93263245,34.62031555,-1.26742554,-28.1268158,-23.87081909,0.10293579,-24.52877808,0,0.0,3.00694275,3.00694275,1.0,1.0,1578642410813138,252499554222, HMD, -0.05204, 1.17116, 0.40477, 0.14689, 0.00698, -0.98909, -0.00819
3775113,1578642410817196,1,1,1,1,0,1,1,1,1,0,0.38131714,-0.1227417,0.91624451,0.33470154,-0.13233948,0.93296814,34.60029602,-1.34158325,-27.83358765,-23.87834167,0.10296631,-24.53869629,0,0.0,3.10005188,3.10005188,1.0,1.0,1578642410814677,252499569611, HMD, -0.05199, 1.17116, 0.40477, 0.14720, 0.00695, -0.98905, -0.00824
3775113,1578642410821244,1,1,1,1,0,1,1,1,1,0,0.38131714,-0.1227417,0.91624451,0.33470154,-0.13233948,0.93296814,34.60029602,-1.34158325,-27.83358765,-23.87834167,0.10296631,-24.53869629,0,0.0,3.10005188,3.10005188,1.0,1.0,1578642410823968,252499662531, HMD, -0.05171, 1.17114, 0.40482, 0.14903, 0.00681, -0.98877, -0.00851
3775122,1578642410825192,1,1,1,1,0,1,1,1,1,0,0.38156128,-0.12503052,0.91583252,0.3269043,-0.13839722,0.93486023,34.58752441,-1.46115112,-27.40545654,-23.9039917,0.17126465,-24.72784424,0,0.0,3.13639832,3.13639832,1.0,1.0,1578642410825240,252499675248, HMD, -0.05169, 1.17114, 0.40482, 0.14928, 0.00680, -0.98873, -0.00855
3775130,1578642410830187,1,1,1,1,0,1,1,1,1,0,0.35760498,-0.11903381,0.92625427,0.32191467,-0.13917542,0.93647766,34.61940002,-0.92468262,-29.26080322,-23.91560364,0.1741333,-24.73699951,0,0.0,3.09408569,3.09408569,1.0,1.0,1578642410827115,252499693990, HMD, -0.05163, 1.17114, 0.40483, 0.14965, 0.00678, -0.98868, -0.00861
3775130,1578642410834187,1,1,1,1,0,1,1,1,1,0,0.35760498,-0.11903381,0.92625427,0.32191467,-0.13917542,0.93647766,34.61940002,-0.92468262,-29.26080322,-23.91560364,0.1741333,-24.73699951,0,0.0,3.09408569,3.09408569,1.0,1.0,1578642410837316,252499796030, HMD, -0.05135, 1.17113, 0.40487, 0.15163, 0.00668, -0.98837, -0.00890
3775138,1578642410839190,1,1,1,1,0,1,1,1,1,0,0.34997559,-0.13305664,0.92724609,0.31750488,-0.13844299,0.93807983,34.58970642,-0.96862793,-29.09835815,-23.92631531,0.20098877,-24.81620789,0,0.0,3.09187317,3.09187317,1.0,1.0,1578642410839260,252499815449, HMD, -0.05130, 1.17113, 0.40488, 0.15201, 0.00665, -0.98832, -0.00896
3775138,1578642410843189,1,1,1,1,0,1,1,1,1,0,0.34997559,-0.13305664,0.92724609,0.31750488,-0.13844299,0.93807983,34.58970642,-0.96862793,-29.09835815,-23.92631531,0.20098877,-24.81620789,0,0.0,3.09187317,3.09187317,1.0,1.0,1578642410840984,252499832679, HMD, -0.05125, 1.17113, 0.40489, 0.15234, 0.00664, -0.98826, -0.00900
3775147,1578642410847188,1,1,1,1,0,1,1,1,1,0,0.36187744,-0.11691284,0.92485046,0.3129425,-0.13751221,0.9397583,34.55583191,-1.02128601,-28.93997192,-23.93704224,0.2278595,-24.89541626,0,0.0,3.13096619,3.13096619,1.0,1.0,1578642410850324,252499926087, HMD, -0.05100, 1.17111, 0.40492, 0.15411, 0.00655, -0.98799, -0.00923
3775147,1578642410851195,1,1,1,1,0,1,1,1,1,0,0.36187744,-0.11691284,0.92485046,0.3129425,-0.13751221,0.9397583,34.55583191,-1.02128601,-28.93997192,-23.93704224,0.2278595,-24.89541626,0,0.0,3.13096619,3.13096619,1.0,1.0,1578642410851214,252499934982, HMD, -0.05098, 1.17111, 0.40492, 0.15428, 0.00654, -0.98796, -0.00925
3775147,1578642410855203,1,1,1,1,0,1,1,1,1,0,0.36187744,-0.11691284,0.92485046,0.3129425,-0.13751221,0.9397583,34.55583191,-1.02128601,-28.93997192,-23.93704224,0.2278595,-24.89541626,0,0.0,3.13096619,3.13096619,1.0,1.0,1578642410853570,252499958548, HMD, -0.05091, 1.17111, 0.40493, 0.15472, 0.00650, -0.98789, -0.00931
3775155,1578642410859178,1,1,1,1,0,1,1,1,1,0,0.35377502,-0.11590576,0.92811584,0.31604004,-0.13014221,0.9397583,34.55184937,-1.0355835,-28.88256836,-23.96963501,0.26828003,-25.04219055,0,0.0,3.16342163,3.16342163,1.0,1.0,1578642410863230,252500055146, HMD, -0.05065, 1.17108, 0.40498, 0.15656, 0.00638, -0.98760, -0.00954
3775155,1578642410863189,1,1,1,1,0,1,1,1,1,0,0.35377502,-0.11590576,0.92811584,0.31604004,-0.13014221,0.9397583,34.55184937,-1.0355835,-28.88256836,-23.96963501,0.26828003,-25.04219055,0,0.0,3.16342163,3.16342163,1.0,1.0,1578642410863230,252500055146, HMD, -0.05065, 1.17108, 0.40498, 0.15656, 0.00638, -0.98760, -0.00954
3775163,1578642410867181,1,1,1,1,0,1,1,1,1,0,0.34439087,-0.12635803,0.93026733,0.29096985,-0.13479614,0.94717407,34.52203369,-1.09353638,-28.70724487,-23.98091125,0.24237061,-24.96640015,0,0.0,3.17375183,3.17375183,1.0,1.0,1578642410866335,252500086195, HMD, -0.05058, 1.17110, 0.40500, 0.15713, 0.00636, -0.98751, -0.00962
3775163,1578642410871175,1,1,1,1,0,1,1,1,1,0,0.34439087,-0.12635803,0.93026733,0.29096985,-0.13479614,0.94717407,34.52203369,-1.09353638,-28.70724487,-23.98091125,0.24237061,-24.96640015,0,0.0,3.17375183,3.17375183,1.0,1.0,1578642410874924,252500172089, HMD, -0.05035, 1.17109, 0.40504, 0.15871, 0.00625, -0.98726, -0.00979
3775172,1578642410875180,1,1,1,1,0,1,1,1,1,0,0.34429932,-0.11462402,0.93182373,0.37644958,-0.12698364,0.91767883,34.50614929,-1.07354736,-28.80310059,-24.24438477,-0.95552063,-20.55667114,0,0.0,3.13131714,3.13131714,1.0,1.0,1578642410875170,252500174546, HMD, -0.05034, 1.17109, 0.40505, 0.15875, 0.00625, -0.98725, -0.00979
3775180,1578642410879182,1,1,1,1,0,1,1,1,1,0,0.34429932,-0.11462402,0.93182373,0.37644958,-0.12698364,0.91767883,34.50614929,-1.07354736,-28.80310059,-24.24438477,-0.95552063,-20.55667114,0,0.0,3.13131714,3.13131714,1.0,1.0,1578642410878678,252500209626, HMD, -0.05025, 1.17109, 0.40506, 0.15940, 0.00621, -0.98715, -0.00987
3775180,1578642410883180,1,1,1,1,0,1,1,1,1,0,0.33935547,-0.11639404,0.9334259,0.38331604,-0.12463379,0.91516113,34.49731445,-1.08898926,-28.7454834,-24.21260071,-0.96748352,-20.52891541,0,0.0,3.11592102,3.11592102,1.0,1.0,1578642410886890,252500291752, HMD, -0.05006, 1.17109, 0.40512, 0.16089, 0.00610, -0.98690, -0.01002
3775188,1578642410888169,1,1,1,1,0,1,1,1,1,0,0.34396362,-0.11569214,0.93182373,0.37963867,-0.12475586,0.91667175,34.49638367,-0.99526978,-29.02799988,-24.20529175,-0.97944641,-20.50117493,0,0.0,3.14355469,3.14355469,1.0,1.0,1578642410888228,252500305124, HMD, -0.05002, 1.17109, 0.40513, 0.16114, 0.00608, -0.98686, -0.01005
3775188,1578642410892182,1,1,1,1,0,1,1,1,1,0,0.34396362,-0.11569214,0.93182373,0.37963867,-0.12475586,0.91667175,34.49638367,-0.99526978,-29.02799988,-24.20529175,-0.97944641,-20.50117493,0,0.0,3.14355469,3.14355469,1.0,1.0,1578642410890546,252500328307, HMD, -0.04996, 1.17109, 0.40514, 0.16154, 0.00604, -0.98680, -0.01010
3775197,1578642410897182,1,1,1,1,0,1,1,1,1,0,0.34396362,-0.11569214,0.93182373,0.37963867,-0.12475586,0.91667175,34.49638367,-0.99526978,-29.02799988,-24.20529175,-0.97944641,-20.50117493,0,0.0,3.14355469,3.14355469,1.0,1.0,1578642410898786,252500410707, HMD, -0.04974, 1.17108, 0.40518, 0.16303, 0.00595, -0.98655, -0.01028
3775197,1578642410901163,1,1,1,1,0,1,1,1,1,0,0.33750916,-0.10958862,0.93490601,0.25361633,-0.13027954,0.95848083,34.46376038,-1.19061279,-28.41271973,-23.97267151,0.13357544,-24.66783142,0,0.0,3.14686584,3.14686584,1.0,1.0,1578642410901120,252500434043, HMD, -0.04968, 1.17108, 0.40520, 0.16345, 0.00593, -0.98648, -0.01032
3775197,1578642410905170,1,1,1,1,0,1,1,1,1,0,0.33750916,-0.10958862,0.93490601,0.25361633,-0.13027954,0.95848083,34.46376038,-1.19061279,-28.41271973,-23.97267151,0.13357544,-24.66783142,0,0.0,3.14686584,3.14686584,1.0,1.0,1578642410902493,252500447778, HMD, -0.04964, 1.17108, 0.40520, 0.16369, 0.00592, -0.98644, -0.01034
3775205,1578642410909176,1,1,1,1,0,1,1,1,1,0,0.32102966,-0.11723328,0.93977356,0.36418152,-0.115448,0.9241333,34.48652649,-0.96054077,-29.09353638,-24.33277893,-1.09725952,-20.14682007,0,0.0,3.18241882,3.18241882,1.0,1.0,1578642410913209,252500554939, HMD, -0.04935, 1.17110, 0.40525, 0.16562, 0.00578, -0.98612, -0.01052
3775205,1578642410913168,1,1,1,1,0,1,1,1,1,0,0.32102966,-0.11723328,0.93977356,0.36418152,-0.115448,0.9241333,34.48652649,-0.96054077,-29.09353638,-24.33277893,-1.09725952,-20.14682007,0,0.0,3.18241882,3.18241882,1.0,1.0,1578642410913209,252500554939, HMD, -0.04935, 1.17110, 0.40525, 0.16562, 0.00578, -0.98612, -0.01052
3775213,1578642410917168,1,1,1,1,0,1,1,1,1,0,0.31436157,-0.12417603,0.94113159,0.37242126,-0.11437988,0.92097473,34.49113464,-0.85154724,-29.42918396,-24.30873108,-1.14753723,-19.96276855,0,0.0,3.02722168,3.02722168,1.0,1.0,1578642410916243,252500585278, HMD, -0.04926, 1.17110, 0.40527, 0.16618, 0.00575, -0.98602, -0.01057
3775213,1578642410921159,1,1,1,1,0,1,1,1,1,0,0.31436157,-0.12417603,0.94113159,0.37242126,-0.11437988,0.92097473,34.49113464,-0.85154724,-29.42918396,-24.30873108,-1.14753723,-19.96276855,0,0.0,3.02722168,3.02722168,1.0,1.0,1578642410925709,252500679943, HMD, -0.04895, 1.17115, 0.40532, 0.16793, 0.00563, -0.98572, -0.01066
3775222,1578642410925166,1,1,1,1,0,1,1,1,1,0,0.31860352,-0.1104126,0.94142151,0.37400818,-0.11390686,0.9203949,34.49546814,-0.8603363,-29.37077332,-24.27565002,-1.18675232,-19.67907715,0,0.0,3.16821289,3.16821289,1.0,1.0,1578642410925709,252500679943, HMD, -0.04895, 1.17115, 0.40532, 0.16793, 0.00563, -0.98572, -0.01066
3775222,1578642410929158,1,1,1,1,0,1,1,1,1,0,0.31860352,-0.1104126,0.94142151,0.37400818,-0.11390686,0.9203949,34.49546814,-0.8603363,-29.37077332,-24.27565002,-1.18675232,-19.67907715,0,0.0,3.16821289,3.16821289,1.0,1.0,1578642410928875,252500711592, HMD, -0.04888, 1.17116, 0.40535, 0.16851, 0.00561, -0.98563, -0.01069
3775230,1578642410933152,1,1,1,1,0,1,1,1,1,0,0.32417297,-0.10736084,0.93988037,0.25759888,-0.09432983,0.96162415,34.55387878,-0.38891602,-30.47796631,-23.87269592,0.26921082,-24.6076355,0,0.0,3.11247253,3.11247253,1.0,1.0,1578642410936820,252500791052, HMD, -0.04864, 1.17117, 0.40539, 0.17005, 0.00554, -0.98536, -0.01077
3775230,1578642410937157,1,1,1,1,0,1,1,1,1,0,0.32417297,-0.10736084,0.93988037,0.25759888,-0.09432983,0.96162415,34.55387878,-0.38891602,-30.47796631,-23.87269592,0.26921082,-24.6076355,0,0.0,3.11247253,3.11247253,1.0,1.0,1578642410937214,252500794985, HMD, -0.04863, 1.17117, 0.40540, 0.17013, 0.00554, -0.98535, -0.01077
3775238,1578642410941161,1,1,1,1,0,1,1,1,1,0,0.32177734,-0.06233215,0.94474792,0.27937317,-0.0572052,0.95846558,34.60728455,0.17216492,-31.63269043,-23.73071289,0.61509705,-25.11378479,0,0.0,3.16506958,3.16506958,1.0,1.0,1578642410940025,252500823094, HMD, -0.04854, 1.17118, 0.40541, 0.17068, 0.00552, -0.98525, -0.01079
3775238,1578642410946146,1,1,1,1,0,1,1,1,1,0,0.32177734,-0.06233215,0.94474792,0.27937317,-0.0572052,0.95846558,34.60728455,0.17216492,-31.63269043,-23.73071289,0.61509705,-25.11378479,0,0.0,3.16506958,3.16506958,1.0,1.0,1578642410940025,252500823094, HMD, -0.04854, 1.17118, 0.40541, 0.17068, 0.00552, -0.98525, -0.01079
3775247,1578642410950144,1,1,1,1,0,1,1,1,1,0,0.33013916,-0.03527832,0.94325256,0.33000183,-0.02928162,0.94351196,34.74581909,0.82701111,-33.06681824,-23.53082275,0.71473694,-24.50212097,0,0.0,3.02938843,3.02938843,1.0,1.0,1578642410953113,252500953993, HMD, -0.04816, 1.17126, 0.40551, 0.17332, 0.00545, -0.98479, -0.01089
3775247,1578642410955163,1,1,1,1,0,1,1,1,1,0,0.33013916,-0.03527832,0.94325256,0.33000183,-0.02928162,0.94351196,34.74581909,0.82701111,-33.06681824,-23.53082275,0.71473694,-24.50212097,0,0.0,3.02938843,3.02938843,1.0,1.0,1578642410955178,252500974625, HMD, -0.04810, 1.17126, 0.40553, 0.17374, 0.00545, -0.98472, -0.01091
3775255,1578642410959140,1,1,1,1,0,1,1,1,1,0,0.36244202,0.01193237,0.93191528,0.37159729,0.00756836,0.92834473,34.88165283,0.95196533,-32.99118042,-23.31471252,1.14837646,-25.46789551,0,0.0,2.99679565,2.99679565,0.98237443,0.9396798,1578642410956259,252500985434, HMD, -0.04806, 1.17127, 0.40553, 0.17397, 0.00545, -0.98468, -0.01091
3775263,1578642410963159,1,1,1,1,0,1,1,1,1,0,0.36244202,0.01193237,0.93191528,0.37159729,0.00756836,0.92834473,34.88165283,0.95196533,-32.99118042,-23.31471252,1.14837646,-25.46789551,0,0.0,2.99679565,2.99679565,0.98237443,0.9396798,1578642410963945,252501062295, HMD, -0.04781, 1.17129, 0.40558, 0.17557, 0.00543, -0.98439, -0.01098
3775263,1578642410967139,1,1,1,1,0,1,1,1,1,0,0.40567017,0.05426025,0.91239929,0.39967346,0.05323792,0.9151001,35.01306152,0.88232422,-32.42510986,-23.06370544,1.16957092,-25.01622009,0,0.0,3.00007629,3.00007629,0.98237443,0.9396798,1578642410967102,252501093863, HMD, -0.04776, 1.17132, 0.40561, 0.17619, 0.00542, -0.98428, -0.01101
3775263,1578642410971150,1,1,1,1,0,1,1,1,1,0,0.40567017,0.05426025,0.91239929,0.39967346,0.05323792,0.9151001,35.01306152,0.88232422,-32.42510986,-23.06370544,1.16957092,-25.01622009,0,0.0,3.00007629,3.00007629,0.98237443,0.9396798,1578642410967605,252501098893, HMD, -0.04774, 1.17133, 0.40561, 0.17629, 0.00542, -0.98426, -0.01101
3775272,1578642410975149,1,1,1,1,0,1,1,1,1,0,0.43386841,0.07725525,0.89764404,0.4355011,0.07437134,0.89709473,35.1709137,1.15029907,-33.02827454,-22.76652527,1.43522644,-25.66549683,0,0.0,3.10527039,3.10527039,1.0,1.0,1578642410979927,252501222127, HMD, -0.04732, 1.17136, 0.40569, 0.17889, 0.00542, -0.98379, -0.01110
3775272,1578642410979138,1,1,1,1,0,1,1,1,1,0,0.43386841,0.07725525,0.89764404,0.4355011,0.07437134,0.89709473,35.1709137,1.15029907,-33.02827454,-22.76652527,1.43522644,-25.66549683,0,0.0,3.10527039,3.10527039,1.0,1.0,1578642410979927,252501222127, HMD, -0.04732, 1.17136, 0.40569, 0.17889, 0.00542, -0.98379, -0.01110
3775280,1578642410983136,1,1,1,1,0,1,1,1,1,0,0.44917297,0.07626343,0.89016724,0.43760681,0.08929443,0.89471436,35.33299255,1.51870728,-34.02336121,-22.57991028,1.59342957,-25.96720886,0,0.0,3.07429504,3.07429504,1.0,1.0,1578642410983085,252501253691, HMD, -0.04720, 1.17138, 0.40573, 0.17957, 0.00543, -0.98367, -0.01111
3775280,1578642410987142,1,1,1,1,0,1,1,1,1,0,0.44917297,0.07626343,0.89016724,0.43760681,0.08929443,0.89471436,35.33299255,1.51870728,-34.02336121,-22.57991028,1.59342957,-25.96720886,0,0.0,3.07429504,3.07429504,1.0,1.0,1578642410983085,252501253691, HMD, -0.04720, 1.17138, 0.40573, 0.17957, 0.00543, -0.98367, -0.01111
3775288,1578642410991137,1,1,1,1,0,1,1,1,1,0,0.45448303,0.10296631,0.88476563,0.44873047,0.10830688,0.8870697,35.50247192,2.05387878,-35.7212677,-22.39202881,2.62802124,-29.56420898,0,0.0,3.06221008,3.06221008,1.0,1.0,1578642410993386,252501356712, HMD, -0.04687, 1.17144, 0.40582, 0.18175, 0.00544, -0.98327, -0.01118
3775288,1578642410995125,1,1,1,1,0,1,1,1,1,0,0.45448303,0.10296631,0.88476563,0.44873047,0.10830688,0.8870697,35.50247192,2.05387878,-35.7212677,-22.39202881,2.62802124,-29.56420898,0,0.0,3.06221008,3.06221008,1.0,1.0,1578642410995152,252501374362, HMD, -0.04680, 1.17145, 0.40583, 0.18213, 0.00545, -0.98320, -0.01118
3775297,1578642410999139,1,1,1,1,0,1,1,1,1,0,0.46897888,0.11149597,0.87612915,0.46252441,0.11386108,0.87924194,35.61326599,2.20120239,-36.10395813,-22.40786743,2.42607117,-28.88630676,0,0.0,2.91989136,2.91989136,1.0,1.0,1578642410996477,252501387617, HMD, -0.04675, 1.17146, 0.40584, 0.18241, 0.00546, -0.98314, -0.01118
3775297,1578642411003141,1,1,1,1,0,1,1,1,1,0,0.46897888,0.11149597,0.87612915,0.46252441,0.11386108,0.87924194,35.61326599,2.20120239,-36.10395813,-22.40786743,2.42607117,-28.88630676,0,0.0,2.91989136,2.91989136,1.0,1.0,1578642411005607,252501478925, HMD, -0.04645, 1.17148, 0.40589, 0.18442, 0.00551, -0.98277, -0.01116
3775305,1578642411007132,1,1,1,1,0,1,1,1,1,0,0.47436523,0.12051392,0.87202454,0.46611023,0.11343384,0.87741089,35.68025208,2.02764893,-35.57037354,-22.38113403,2.60360718,-29.43171692,0,0.0,2.99232483,2.99232483,1.0,1.0,1578642411007130,252501494146, HMD, -0.04640, 1.17149, 0.40590, 0.18476, 0.00554, -0.98271, -0.01116
3775305,1578642411011134,1,1,1,1,0,1,1,1,1,0,0.47436523,0.12051392,0.87202454,0.46611023,0.11343384,0.87741089,35.68025208,2.02764893,-35.57037354,-22.38113403,2.60360718,-29.43171692,0,0.0,2.99232483,2.99232483,1.0,1.0,1578642411008694,252501509788, HMD, -0.04634, 1.17150, 0.40591, 0.18511, 0.00555, -0.98264, -0.01116
3775313,1578642411015143,1,1,1,1,0,1,1,1,1,0,0.46806335,0.12213135,0.87519836,0.46582031,0.11880493,0.87686157,35.69282532,2.01522827,-35.58332825,-22.41609192,2.55453491,-29.28936768,0,0.0,2.99682617,2.99682617,1.0,1.0,1578642411017858,252501601436, HMD, -0.04598, 1.17156, 0.40597, 0.18720, 0.00570, -0.98224, -0.01112
3775313,1578642411019135,1,1,1,1,0,1,1,1,1,0,0.46806335,0.12213135,0.87519836,0.46582031,0.11880493,0.87686157,35.69282532,2.01522827,-35.58332825,-22.41609192,2.55453491,-29.28936768,0,0.0,2.99682617,2.99682617,1.0,1.0,1578642411019161,252501614462, HMD, -0.04593, 1.17157, 0.40598, 0.18750, 0.00574, -0.98219, -0.01110
3775322,1578642411023128,1,1,1,1,0,1,1,1,1,0,0.46749878,0.12626648,0.87490845,0.47032166,0.10903931,0.87571716,35.70527649,1.94438171,-35.37602234,-22.44429016,2.48789978,-29.08477783,0,0.0,3.00292969,3.00292969,1.0,1.0,1578642411021604,252501638882, HMD, -0.04584, 1.17158, 0.40599, 0.18807, 0.00579, -0.98208, -0.01109
3775322,1578642411027124,1,1,1,1,0,1,1,1,1,0,0.46749878,0.12626648,0.87490845,0.47032166,0.10903931,0.87571716,35.70527649,1.94438171,-35.37602234,-22.44429016,2.48789978,-29.08477783,0,0.0,3.00292969,3.00292969,1.0,1.0,1578642411032512,252501747980, HMD, -0.04539, 1.17169, 0.40610, 0.19067, 0.00604, -0.98157, -0.01102
3775330,1578642411031131,1,1,1,1,0,1,1,1,1,0,0.46827698,0.12080383,0.87527466,0.47097778,0.11154175,0.87506104,35.72212219,1.69218445,-34.60800171,-22.4467926,2.35519409,-28.6023407,0,0.0,3.06706238,3.06706238,1.0,1.0,1578642411032512,252501747980, HMD, -0.04539, 1.17169, 0.40610, 0.19067, 0.00604, -0.98157, -0.01102
3775330,1578642411035137,1,1,1,1,0,1,1,1,1,0,0.46827698,0.12080383,0.87527466,0.47097778,0.11154175,0.87506104,35.72212219,1.69218445,-34.60800171,-22.4467926,2.35519409,-28.6023407,0,0.0,3.06706238,3.06706238,1.0,1.0,1578642411035121,252501774055, HMD, -0.04528, 1.17171, 0.40612, 0.19132, 0.00611, -0.98145, -0.01100
3775338,1578642411039117,1,1,1,1,0,1,1,1,1,0,0.49511719,0.12677002,0.85951233,0.46609497,0.11737061,0.87690735,35.73472595,1.33769226,-33.52268982,-22.45439148,2.47692871,-29.03388977,0,0.0,2.90406799,2.90406799,1.0,1.0,1578642411037369,252501796541, HMD, -0.04518, 1.17173, 0.40613, 0.19189, 0.00618, -0.98134, -0.01099
3775338,1578642411043130,1,1,1,1,0,1,1,1,1,0,0.49511719,0.12677002,0.85951233,0.46609497,0.11737061,0.87690735,35.73472595,1.33769226,-33.52268982,-22.45439148,2.47692871,-29.03388977,0,0.0,2.90406799,2.90406799,1.0,1.0,1578642411046849,252501891340, HMD, -0.04476, 1.17180, 0.40617, 0.19430, 0.00647, -0.98086, -0.01095
3775347,1578642411047119,1,1,1,1,0,1,1,1,1,0,0.48753357,0.13360596,0.86280823,0.45677185,0.1133728,0.88230896,35.7272644,1.13607788,-32.93299866,-22.49009705,2.43075562,-28.9375,0,0.0,3.00942993,3.00942993,1.0,1.0,1578642411047085,252501893696, HMD, -0.04475, 1.17180, 0.40617, 0.19436, 0.00647, -0.98085, -0.01095
3775347,1578642411052124,1,1,1,1,0,1,1,1,1,0,0.48753357,0.13360596,0.86280823,0.45677185,0.1133728,0.88230896,35.7272644,1.13607788,-32.93299866,-22.49009705,2.43075562,-28.9375,0,0.0,3.00942993,3.00942993,1.0,1.0,1578642411049949,252501922331, HMD, -0.04463, 1.17182, 0.40619, 0.19509, 0.00657, -0.98070, -0.01095
3775355,1578642411056113,1,1,1,1,0,1,1,1,1,0,0.49383545,0.1395874,0.85826111,0.46510315,0.11065674,0.87831116,35.7118988,0.89532471,-32.19421387,-22.51307678,2.10179138,-27.74137878,0,0.0,3.01419067,3.01419067,1.0,1.0,1578642411049949,252501922331, HMD, -0.04463, 1.17182, 0.40619, 0.19509, 0.00657, -0.98070, -0.01095
3775355,1578642411060131,1,1,1,1,0,1,1,1,1,0,0.49383545,0.1395874,0.85826111,0.46510315,0.11065674,0.87831116,35.7118988,0.89532471,-32.19421387,-22.51307678,2.10179138,-27.74137878,0,0.0,3.01419067,3.01419067,1.0,1.0,1578642411062596,252502048832, HMD, -0.04409, 1.17189, 0.40625, 0.19836, 0.00703, -0.98004, -0.01100
3775363,1578642411064114,1,1,1,1,0,1,1,1,1,0,0.45707703,0.11538696,0.88189697,0.4836731,0.1131897,0.8678894,35.69775391,1.75521851,-34.94941711,-22.54093933,1.84820557,-26.77079773,0,0.0,2.97329712,2.97329712,1.0,1.0,1578642411064180,252502064647, HMD, -0.04407, 1.17192, 0.40626, 0.19875, 0.00708, -0.97996, -0.01099
3775363,1578642411068130,1,1,1,1,0,1,1,1,1,0,0.45707703,0.11538696,0.88189697,0.4836731,0.1131897,0.8678894,35.69775391,1.75521851,-34.94941711,-22.54093933,1.84820557,-26.77079773,0,0.0,2.97329712,2.97329712,1.0,1.0,1578642411065822,252502081066, HMD, -0.04401, 1.17193, 0.40627, 0.19917, 0.00716, -0.97988, -0.01104
3775372,1578642411075119,1,1,1,1,0,1,1,1,1,0,0.4719696,0.1305542,0.87188721,0.46354675,0.11836243,0.87811279,35.67381287,1.16867065,-33.01478577,-22.57385254,1.59997559,-25.85046387,0,0.0,3.01541138,3.01541138,1.0,1.0,1578642411065822,252502081066, HMD, -0.04401, 1.17193, 0.40627, 0.19917, 0.00716, -0.97988, -0.01104
3775372,1578642411079144,1,1,1,1,0,1,1,1,1,0,0.4719696,0.1305542,0.87188721,0.46354675,0.11836243,0.87811279,35.67381287,1.16867065,-33.01478577,-22.57385254,1.59997559,-25.85046387,0,0.0,3.01541138,3.01541138,1.0,1.0,1578642411084938,252502272277, HMD, -0.04324, 1.17206, 0.40636, 0.20395, 0.00786, -0.97889, -0.01120
3775380,1578642411083195,1,1,1,1,0,1,1,1,1,0,0.46638489,0.13581848,0.87406921,0.45057678,0.11230469,0.88563538,35.6545105,1.22157288,-33.22088623,-22.57829285,1.60951233,-25.91596985,0,0.0,3.01774597,3.01774597,1.0,1.0,1578642411084938,252502272277, HMD, -0.04324, 1.17206, 0.40636, 0.20395, 0.00786, -0.97889, -0.01120
3775380,1578642411087184,1,1,1,1,0,1,1,1,1,0,0.46638489,0.13581848,0.87406921,0.45057678,0.11230469,0.88563538,35.6545105,1.22157288,-33.22088623,-22.57829285,1.60951233,-25.91596985,0,0.0,3.01774597,3.01774597,1.0,1.0,1578642411087228,252502295124, HMD, -0.04314, 1.17205, 0.40635, 0.20451, 0.00794, -0.97877, -0.01121
3775388,1578642411091211,1,1,1,1,0,1,1,1,1,0,0.45368958,0.13082886,0.88148499,0.45246887,0.12123108,0.88349915,35.63577271,1.22737122,-33.27922058,-22.59725952,1.70454407,-26.18045044,0,0.0,3.1235199,3.1235199,1.0,1.0,1578642411088965,252502312497, HMD, -0.04306, 1.17206, 0.40636, 0.20493, 0.00801, -0.97868, -0.01123
3775388,1578642411097180,1,1,1,1,0,1,1,1,1,0,0.45187378,0.12542725,0.88320923,0.4589386,0.11576843,0.88088989,35.625,1.32077026,-33.57881165,-22.64341736,1.52313232,-25.50485229,0,0.0,3.04664612,3.04664612,1.0,1.0,1578642411088965,252502312497, HMD, -0.04306, 1.17206, 0.40636, 0.20493, 0.00801, -0.97868, -0.01123
3775397,1578642411101249,1,1,1,1,0,1,1,1,1,0,0.45187378,0.12542725,0.88320923,0.4589386,0.11576843,0.88088989,35.625,1.32077026,-33.57881165,-22.64341736,1.52313232,-25.50485229,0,0.0,3.04664612,3.04664612,1.0,1.0,1578642411088965,252502312497, HMD, -0.04306, 1.17206, 0.40636, 0.20493, 0.00801, -0.97868, -0.01123
3775405,1578642411108262,1,1,1,1,0,1,1,1,1,0,0.45210266,0.1245575,0.88320923,0.45960999,0.12147522,0.87976074,35.61694336,1.31361389,-33.55766296,-22.65388489,1.54882813,-25.53355408,0,0.0,3.07463074,3.07463074,1.0,1.0,1578642411115342,252502576308, HMD, -0.04197, 1.17222, 0.40653, 0.21128, 0.00895, -0.97732, -0.01140
3775405,1578642411111559,1,1,1,1,0,1,1,1,1,0,0.45210266,0.1245575,0.88320923,0.45960999,0.12147522,0.87976074,35.61694336,1.31361389,-33.55766296,-22.65388489,1.54882813,-25.53355408,0,0.0,3.07463074,3.07463074,1.0,1.0,1578642411115342,252502576308, HMD, -0.04197, 1.17222, 0.40653, 0.21128, 0.00895, -0.97732, -0.01140
3775413,1578642411116559,1,1,1,1,0,1,1,1,1,0,0.44129944,0.11898804,0.88941956,0.45591736,0.12174988,0.88165283,35.61204529,1.3012085,-33.53369141,-22.67114258,1.55574036,-25.56362915,0,0.0,3.02674866,3.02674866,1.0,1.0,1578642411116451,252502587353, HMD, -0.04192, 1.17222, 0.40654, 0.21155, 0.00899, -0.97726, -0.01140
3775413,1578642411120540,1,1,1,1,0,1,1,1,1,0,0.44129944,0.11898804,0.88941956,0.45591736,0.12174988,0.88165283,35.61204529,1.3012085,-33.53369141,-22.67114258,1.55574036,-25.56362915,0,0.0,3.02674866,3.02674866,1.0,1.0,1578642411119912,252502621965, HMD, -0.04177, 1.17224, 0.40656, 0.21239, 0.00910, -0.97708, -0.01143
3775422,1578642411124537,1,1,1,1,0,1,1,1,1,0,0.4389801,0.12661743,0.88951111,0.46101379,0.12756348,0.87817383,35.60394287,1.33053589,-33.63172913,-22.70249939,1.52961731,-25.46524048,0,0.0,2.99058533,2.99058533,1.0,1.0,1578642411119912,252502621965, HMD, -0.04177, 1.17224, 0.40656, 0.21239, 0.00910, -0.97708, -0.01143
3775422,1578642411129617,1,1,1,1,0,1,1,1,1,0,0.4389801,0.12661743,0.88951111,0.46101379,0.12756348,0.87817383,35.60394287,1.33053589,-33.63172913,-22.70249939,1.52961731,-25.46524048,0,0.0,2.99058533,2.99058533,1.0,1.0,1578642411119912,252502621965, HMD, -0.04177, 1.17224, 0.40656, 0.21239, 0.00910, -0.97708, -0.01143
3775430,1578642411133740,1,1,1,1,0,1,1,1,1,0,0.44004822,0.11798096,0.8901825,0.46957397,0.12788391,0.87356567,35.59120178,1.26426697,-33.4563446,-22.7414856,1.52319336,-25.47689819,0,0.0,2.9848175,2.9848175,1.0,1.0,1578642411143521,252502858120, HMD, -0.04083, 1.17233, 0.40668, 0.21799, 0.00975, -0.97583, -0.01172
3775438,1578642411141652,1,1,1,1,0,1,1,1,1,0,0.4420929,0.11244202,0.88987732,0.45774841,0.13044739,0.87945557,35.57350159,1.3454895,-33.72984314,-22.76766968,1.34645081,-24.86828613,0,0.0,3.02529907,3.02529907,1.0,1.0,1578642411143521,252502858120, HMD, -0.04083, 1.17233, 0.40668, 0.21799, 0.00975, -0.97583, -0.01172
3775438,1578642411144626,1,1,1,1,0,1,1,1,1,0,0.4420929,0.11244202,0.88987732,0.45774841,0.13044739,0.87945557,35.57350159,1.3454895,-33.72984314,-22.76766968,1.34645081,-24.86828613,0,0.0,3.02529907,3.02529907,1.0,1.0,1578642411144689,252502869737, HMD, -0.04075, 1.17232, 0.40668, 0.21827, 0.00980, -0.97577, -0.01173
3775447,1578642411148566,1,1,1,1,0,1,1,1,1,0,0.4309082,0.12219238,0.89407349,0.46418762,0.13586426,0.87524414,35.55995178,1.34657288,-33.74052429,-22.76403809,1.45739746,-25.21243286,0,0.0,3.10809326,3.10809326,1.0,1.0,1578642411148268,252502905519, HMD, -0.04063, 1.17234, 0.40672, 0.21907, 0.00988, -0.97559, -0.01180
3775447,1578642411152145,1,1,1,1,0,1,1,1,1,0,0.4309082,0.12219238,0.89407349,0.46418762,0.13586426,0.87524414,35.55995178,1.34657288,-33.74052429,-22.76403809,1.45739746,-25.21243286,0,0.0,3.10809326,3.10809326,1.0,1.0,1578642411148268,252502905519, HMD, -0.04063, 1.17234, 0.40672, 0.21907, 0.00988, -0.97559, -0.01180
3775447,1578642411156159,1,1,1,1,0,1,1,1,1,0,0.42456055,0.11320496,0.89828491,0.4564209,0.13122559,0.88002014,35.54095459,1.36083984,-33.76979065,-22.83189392,1.41931152,-25.0186615,0,0.0,3.03700256,3.03700256,1.0,1.0,1578642411148268,252502905519, HMD, -0.04063, 1.17234, 0.40672, 0.21907, 0.00988, -0.97559, -0.01180
3775472,1578642411177130,1,1,1,1,0,1,1,1,1,0,0.42584229,0.10910034,0.8981781,0.42326355,0.1348114,0.89590454,35.4956665,1.41555786,-33.87838745,-22.87686157,1.60099792,-25.66830444,0,0.0,3.01997375,3.01997375,1.0,1.0,1578642411148268,252502905519, HMD, -0.04063, 1.17234, 0.40672, 0.21907, 0.00988, -0.97559, -0.01180
3775480,1578642411181152,1,1,1,1,0,1,1,1,1,0,0.43412781,0.10176086,0.89508057,0.41552734,0.13293457,0.89979553,35.484375,1.37785339,-33.74382019,-22.91110229,1.64253235,-25.76141357,0,0.0,3.02992249,3.02992249,1.0,1.0,1578642411148268,252502905519, HMD, -0.04063, 1.17234, 0.40672, 0.21907, 0.00988, -0.97559, -0.01180
3775488,1578642411192695,1,1,1,1,0,1,1,1,1,0,0.41662598,0.10482788,0.90299988,0.41943359,0.12670898,0.89889526,35.47262573,1.37359619,-33.71798706,-22.94578552,1.58695984,-25.53277588,0,0.0,2.95584106,2.95584106,1.0,1.0,1578642411220201,252503624904, HMD, -0.03791, 1.17232, 0.40711, 0.23374, 0.01162, -0.97215, -0.01272
3775488,1578642411197177,1,1,1,1,0,1,1,1,1,0,0.41287231,0.11061096,0.90403748,0.41674805,0.13261414,0.89927673,35.46234131,1.3881073,-33.75245667,-22.95005798,1.62014771,-25.63128662,0,0.0,2.9197998,2.9197998,1.0,1.0,1578642411220201,252503624904, HMD, -0.03791, 1.17232, 0.40711, 0.23374, 0.01162, -0.97215, -0.01272
3775513,1578642411216907,1,1,1,1,0,1,1,1,1,0,0.41473389,0.11419678,0.90274048,0.38899231,0.13531494,0.91123962,35.44067383,1.41087341,-33.82913208,-22.98738098,1.74003601,-26.10087585,0,0.0,2.86952209,2.86952209,1.0,1.0,1578642411220201,252503624904, HMD, -0.03791, 1.17232, 0.40711, 0.23374, 0.01162, -0.97215, -0.01272
3775513,1578642411221151,1,1,1,1,0,1,1,1,1,0,0.41473389,0.11419678,0.90274048,0.38899231,0.13531494,0.91123962,35.44067383,1.41087341,-33.82913208,-22.98738098,1.74003601,-26.10087585,0,0.0,2.86952209,2.86952209,1.0,1.0,1578642411221110,252503633946, HMD, -0.03787, 1.17232, 0.40712, 0.23391, 0.01164, -0.97211, -0.01272
3775522,1578642411228570,1,1,1,1,0,1,1,1,1,0,0.40097046,0.11738586,0.90852356,0.39190674,0.13023376,0.91073608,35.42427063,1.38920593,-33.76506042,-23.01628113,1.74850464,-26.14006042,0,0.0,3.05131531,3.05131531,1.0,1.0,1578642411225207,252503674919, HMD, -0.03773, 1.17233, 0.40715, 0.23469, 0.01179, -0.97192, -0.01276
3775530,1578642411232575,1,1,1,1,0,1,1,1,1,0,0.40634155,0.12089539,0.90568542,0.40135193,0.13465881,0.90596008,35.40562439,1.29681396,-33.45031738,-23.04092407,1.66334534,-25.81285095,0,0.0,3.00117493,3.00117493,1.0,1.0,1578642411225207,252503674919, HMD, -0.03773, 1.17233, 0.40715, 0.23469, 0.01179, -0.97192, -0.01276
3775530,1578642411236576,1,1,1,1,0,1,1,1,1,0,0.40634155,0.12089539,0.90568542,0.40135193,0.13465881,0.90596008,35.40562439,1.29681396,-33.45031738,-23.04092407,1.66334534,-25.81285095,0,0.0,3.00117493,3.00117493,1.0,1.0,1578642411240630,252503829162, HMD, -0.03717, 1.17231, 0.40732, 0.23740, 0.01219, -0.97125, -0.01295
3775538,1578642411240562,1,1,1,1,0,1,1,1,1,0,0.40596008,0.114151,0.90672302,0.39207458,0.1388092,0.90939331,35.3916626,1.13755798,-32.93719482,-23.04545593,1.71101379,-25.94320679,0,0.0,2.97709656,2.97709656,1.0,1.0,1578642411240630,252503829162, HMD, -0.03717, 1.17231, 0.40732, 0.23740, 0.01219, -0.97125, -0.01295
3775538,1578642411244572,1,1,1,1,0,1,1,1,1,0,0.40596008,0.114151,0.90672302,0.39207458,0.1388092,0.90939331,35.3916626,1.13755798,-32.93719482,-23.04545593,1.71101379,-25.94320679,0,0.0,2.97709656,2.97709656,1.0,1.0,1578642411244581,252503868654, HMD, -0.03709, 1.17232, 0.40737, 0.23808, 0.01229, -0.97108, -0.01297
3775547,1578642411250158,1,1,1,1,0,1,1,1,1,0,0.40328979,0.1292572,0.90588379,0.39117432,0.13296509,0.91065979,35.37727356,1.06980896,-32.70300293,-23.06817627,1.76799011,-26.13598633,0,0.0,2.98840332,2.98840332,1.0,1.0,1578642411244968,252503872530, HMD, -0.03708, 1.17232, 0.40737, 0.23814, 0.01230, -0.97107, -0.01298
3775547,1578642411254157,1,1,1,1,0,1,1,1,1,0,0.40328979,0.1292572,0.90588379,0.39117432,0.13296509,0.91065979,35.37727356,1.06980896,-32.70300293,-23.06817627,1.76799011,-26.13598633,0,0.0,2.98840332,2.98840332,1.0,1.0,1578642411255558,252503978501, HMD, -0.03671, 1.17231, 0.40752, 0.23985, 0.01253, -0.97064, -0.01312
3775555,1578642411258156,1,1,1,1,0,1,1,1,1,0,0.39729309,0.12828064,0.90867615,0.39501953,0.13809204,0.90821838,35.35877991,0.99864197,-32.47058105,-23.09104919,1.79989624,-26.24783325,0,0.0,3.07269287,3.07269287,1.0,1.0,1578642411258107,252504003913, HMD, -0.03661, 1.17231, 0.40756, 0.24026, 0.01259, -0.97054, -0.01314
3775555,1578642411262149,1,1,1,1,0,1,1,1,1,0,0.39729309,0.12828064,0.90867615,0.39501953,0.13809204,0.90821838,35.35877991,0.99864197,-32.47058105,-23.09104919,1.79989624,-26.24783325,0,0.0,3.07269287,3.07269287,1.0,1.0,1578642411259055,252504013390, HMD, -0.03658, 1.17230, 0.40757, 0.24040, 0.01260, -0.97050, -0.01315
3775563,1578642411266148,1,1,1,1,0,1,1,1,1,0,0.40438843,0.13450623,0.90463257,0.38972473,0.13476563,0.91101074,35.353302,0.9833374,-32.42204285,-23.09812927,1.78527832,-26.19596863,0,0.0,3.15927124,3.15927124,1.0,1.0,1578642411267835,252504101196, HMD, -0.03629, 1.17227, 0.40770, 0.24175, 0.01280, -0.97016, -0.01322
3775563,1578642411271142,1,1,1,1,0,1,1,1,1,0,0.40438843,0.13450623,0.90463257,0.38972473,0.13476563,0.91101074,35.353302,0.9833374,-32.42204285,-23.09812927,1.78527832,-26.19596863,0,0.0,3.15927124,3.15927124,1.0,1.0,1578642411270925,252504132096, HMD, -0.03618, 1.17226, 0.40775, 0.24221, 0.01285, -0.97005, -0.01325
3775572,1578642411275157,1,1,1,1,0,1,1,1,1,0,0.41122437,0.1277771,0.90252686,0.39892578,0.14268494,0.90579224,35.3862915,1.05560303,-32.59983826,-23.02362061,1.86254883,-26.400177,0,0.0,3.07582092,3.07582092,1.0,1.0,1578642411270925,252504132096, HMD, -0.03618, 1.17226, 0.40775, 0.24221, 0.01285, -0.97005, -0.01325
3775580,1578642411281146,1,1,1,1,0,1,1,1,1,0,0.42558289,0.12788391,0.89582825,0.40611267,0.14997864,0.90141296,35.43225098,1.22563171,-33.04959106,-22.91183472,1.7739563,-26.00053406,0,0.0,2.95037842,2.95037842,1.0,1.0,1578642411282631,252504249156, HMD, -0.03576, 1.17221, 0.40794, 0.24388, 0.01301, -0.96963, -0.01341
3775580,1578642411285155,1,1,1,1,0,1,1,1,1,0,0.42558289,0.12788391,0.89582825,0.40611267,0.14997864,0.90141296,35.43225098,1.22563171,-33.04959106,-22.91183472,1.7739563,-26.00053406,0,0.0,2.95037842,2.95037842,1.0,1.0,1578642411285239,252504275233, HMD, -0.03566, 1.17222, 0.40797, 0.24426, 0.01308, -0.96953, -0.01343
3775588,1578642411289182,1,1,1,1,0,1,1,1,1,0,0.42749023,0.1295166,0.89468384,0.46760559,0.14701843,0.87161255,35.49465942,1.37304688,-33.52003479,-22.86660767,1.31629944,-24.14770508,0,0.0,3.03466797,3.03466797,1.0,1.0,1578642411285707,252504279915, HMD, -0.03564, 1.17222, 0.40797, 0.24432, 0.01308, -0.96951, -0.01344
3775588,1578642411293135,1,1,1,1,0,1,1,1,1,0,0.42749023,0.1295166,0.89468384,0.46760559,0.14701843,0.87161255,35.49465942,1.37304688,-33.52003479,-22.86660767,1.31629944,-24.14770508,0,0.0,3.03466797,3.03466797,1.0,1.0,1578642411296048,252504383326, HMD, -0.03528, 1.17216, 0.40814, 0.24571, 0.01318, -0.96916, -0.01363
3775597,1578642411297135,1,1,1,1,0,1,1,1,1,0,0.43821716,0.12672424,0.88987732,0.46076965,0.15100098,0.87457275,35.49420166,1.26956177,-33.16749573,-22.82554626,1.32872009,-24.16722107,0,0.0,3.06147766,3.06147766,1.0,1.0,1578642411297153,252504394374, HMD, -0.03524, 1.17216, 0.40816, 0.24585, 0.01319, -0.96912, -0.01366
3775597,1578642411301134,1,1,1,1,0,1,1,1,1,0,0.43821716,0.12672424,0.88987732,0.46076965,0.15100098,0.87457275,35.49420166,1.26956177,-33.16749573,-22.82554626,1.32872009,-24.16722107,0,0.0,3.06147766,3.06147766,1.0,1.0,1578642411299513,252504417979, HMD, -0.03516, 1.17214, 0.40820, 0.24616, 0.01321, -0.96904, -0.01371
3775597,1578642411305135,1,1,1,1,0,1,1,1,1,0,0.43821716,0.12672424,0.88987732,0.46076965,0.15100098,0.87457275,35.49420166,1.26956177,-33.16749573,-22.82554626,1.32872009,-24.16722107,0,0.0,3.06147766,3.06147766,1.0,1.0,1578642411310315,252504526032, HMD, -0.03481, 1.17209, 0.40841, 0.24748, 0.01328, -0.96870, -0.01396
3775605,1578642411310159,1,1,1,1,0,1,1,1,1,0,0.43135071,0.13238525,0.89241028,0.40892029,0.16287231,0.89790344,35.489151,1.204422,-32.99583435,-22.81698608,1.66430664,-25.50933838,0,0.0,3.04917908,3.04917908,1.0,1.0,1578642411310315,252504526032, HMD, -0.03481, 1.17209, 0.40841, 0.24748, 0.01328, -0.96870, -0.01396
3775613,1578642411314157,1,1,1,1,0,1,1,1,1,0,0.42991638,0.12876892,0.89363098,0.41751099,0.14924622,0.89631653,35.48028564,1.20861816,-33.01287842,-22.86755371,1.62652588,-25.43386841,0,0.0,3.16690063,3.16690063,1.0,1.0,1578642411313880,252504561639, HMD, -0.03469, 1.17206, 0.40848, 0.24791, 0.01328, -0.96859, -0.01406
3775613,1578642411318137,1,1,1,1,0,1,1,1,1,0,0.42991638,0.12876892,0.89363098,0.41751099,0.14924622,0.89631653,35.48028564,1.20861816,-33.01287842,-22.86755371,1.62652588,-25.43386841,0,0.0,3.16690063,3.16690063,1.0,1.0,1578642411313880,252504561639, HMD, -0.03469, 1.17206, 0.40848, 0.24791, 0.01328, -0.96859, -0.01406
3775622,1578642411322154,1,1,1,1,0,1,1,1,1,0,0.43087769,0.11735535,0.89472961,0.40434265,0.1653595,0.89952087,35.47477722,1.2517395,-33.13894653,-22.87805176,1.68678284,-25.62617493,0,0.0,3.06788635,3.06788635,1.0,1.0,1578642411322760,252504650446, HMD, -0.03439, 1.17200, 0.40866, 0.24892, 0.01328, -0.96833, -0.01433
3775622,1578642411326128,1,1,1,1,0,1,1,1,1,0,0.43087769,0.11735535,0.89472961,0.40434265,0.1653595,0.89952087,35.47477722,1.2517395,-33.13894653,-22.87805176,1.68678284,-25.62617493,0,0.0,3.06788635,3.06788635,1.0,1.0,1578642411325831,252504681150, HMD, -0.03433, 1.17198, 0.40873, 0.24928, 0.01333, -0.96823, -0.01445
3775630,1578642411330123,1,1,1,1,0,1,1,1,1,0,0.42431641,0.11860657,0.89770508,0.40261841,0.16644287,0.90010071,35.48052979,1.31881714,-33.37887573,-22.88775635,1.71263123,-25.71931458,0,0.0,3.05200195,3.05200195,1.0,1.0,1578642411325831,252504681150, HMD, -0.03433, 1.17198, 0.40873, 0.24928, 0.01333, -0.96823, -0.01445
3775630,1578642411334133,1,1,1,1,0,1,1,1,1,0,0.42431641,0.11860657,0.89770508,0.40261841,0.16644287,0.90010071,35.48052979,1.31881714,-33.37887573,-22.88775635,1.71263123,-25.71931458,0,0.0,3.05200195,3.05200195,1.0,1.0,1578642411325831,252504681150, HMD, -0.03433, 1.17198, 0.40873, 0.24928, 0.01333, -0.96823, -0.01445
3775638,1578642411343186,1,1,1,1,0,1,1,1,1,0,0.42353821,0.11979675,0.8979187,0.40098572,0.16326904,0.90139771,35.47697449,1.37658691,-33.59558105,-22.8974762,1.73544312,-25.81245422,0,0.0,3.03846741,3.03846741,1.0,1.0,1578642411351531,252504938184, HMD, -0.03357, 1.17167, 0.40921, 0.25175, 0.01323, -0.96758, -0.01547
3775638,1578642411347736,1,1,1,1,0,1,1,1,1,0,0.42269897,0.12112427,0.89813232,0.40026855,0.16094971,0.90214539,35.47587585,1.35716248,-33.53544617,-22.90541077,1.72923279,-25.79974365,0,0.0,3.04862976,3.04862976,1.0,1.0,1578642411351531,252504938184, HMD, -0.03357, 1.17167, 0.40921, 0.25175, 0.01323, -0.96758, -0.01547
3775647,1578642411353116,1,1,1,1,0,1,1,1,1,0,0.42269897,0.12112427,0.89813232,0.40026855,0.16094971,0.90214539,35.47587585,1.35716248,-33.53544617,-22.90541077,1.72923279,-25.79974365,0,0.0,3.04862976,3.04862976,1.0,1.0,1578642411353122,252504954063, HMD, -0.03352, 1.17165, 0.40924, 0.25189, 0.01321, -0.96754, -0.01555
3775655,1578642411357124,1,1,1,1,0,1,1,1,1,0,0.421875,0.12216187,0.89837646,0.40132141,0.15870667,0.90206909,35.47477722,1.33773804,-33.47531128,-22.91334534,1.72302246,-25.78701782,0,0.0,3.04267883,3.04267883,1.0,1.0,1578642411354865,252504971489, HMD, -0.03348, 1.17163, 0.40928, 0.25203, 0.01320, -0.96750, -0.01563
3775655,1578642411361121,1,1,1,1,0,1,1,1,1,0,0.421875,0.12216187,0.89837646,0.40132141,0.15870667,0.90206909,35.47477722,1.33773804,-33.47531128,-22.91334534,1.72302246,-25.78701782,0,0.0,3.04267883,3.04267883,1.0,1.0,1578642411354865,252504971489, HMD, -0.03348, 1.17163, 0.40928, 0.25203, 0.01320, -0.96750, -0.01563
3775663,1578642411368737,1,1,1,1,0,1,1,1,1,0,0.41918945,0.12922668,0.89865112,0.40316772,0.161026,0.90083313,35.4725647,1.32804871,-33.43710327,-22.9201355,1.71487427,-25.74909973,0,0.0,3.04751587,3.04751587,1.0,1.0,1578642411371988,252505142750, HMD, -0.03297, 1.17138, 0.40954, 0.25327, 0.01306, -0.96717, -0.01643
3775672,1578642411372802,1,1,1,1,0,1,1,1,1,0,0.41648865,0.13616943,0.89886475,0.40565491,0.16271973,0.89941406,35.47033691,1.31834412,-33.39889526,-22.92694092,1.70671082,-25.71118164,0,0.0,3.05291748,3.05291748,1.0,1.0,1578642411372807,252505150915, HMD, -0.03295, 1.17137, 0.40956, 0.25333, 0.01305, -0.96715, -0.01648
3775672,1578642411376015,1,1,1,1,0,1,1,1,1,0,0.41648865,0.13616943,0.89886475,0.40565491,0.16271973,0.89941406,35.47033691,1.31834412,-33.39889526,-22.92694092,1.70671082,-25.71118164,0,0.0,3.05291748,3.05291748,1.0,1.0,1578642411375239,252505175229, HMD, -0.03289, 1.17133, 0.40960, 0.25349, 0.01302, -0.96711, -0.01661
3775680,1578642411384508,1,1,1,1,0,1,1,1,1,0,0.41578674,0.13597107,0.89923096,0.40774536,0.16334534,0.89834595,35.46537781,1.29652405,-33.31323242,-22.93302917,1.69674683,-25.66868591,0,0.0,3.0617981,3.0617981,1.0,1.0,1578642411388264,252505305499, HMD, -0.03262, 1.17113, 0.40979, 0.25421, 0.01289, -0.96691, -0.01731
3775688,1578642411388823,1,1,1,1,0,1,1,1,1,0,0.41506958,0.13574219,0.89959717,0.40859985,0.16233826,0.89814758,35.4604187,1.27470398,-33.22755432,-22.93913269,1.70671082,-25.68399048,0,0.0,3.0708313,3.0708313,1.0,1.0,1578642411388756,252505310402, HMD, -0.03261, 1.17112, 0.40980, 0.25423, 0.01289, -0.96690, -0.01734
3775688,1578642411394985,1,1,1,1,0,1,1,1,1,0,0.41506958,0.13574219,0.89959717,0.40859985,0.16233826,0.89814758,35.4604187,1.27470398,-33.22755432,-22.93913269,1.70671082,-25.68399048,0,0.0,3.0708313,3.0708313,1.0,1.0,1578642411392446,252505347308, HMD, -0.03252, 1.17106, 0.40985, 0.25441, 0.01283, -0.96685, -0.01755
3775697,1578642411399014,1,1,1,1,0,1,1,1,1,0,0.41522217,0.13729858,0.89929199,0.40835571,0.16197205,0.89833069,35.45579529,1.26322937,-33.18325806,-22.94335938,1.71487427,-25.69758606,0,0.0,3.1047821,3.1047821,1.0,1.0,1578642411392446,252505347308, HMD, -0.03252, 1.17106, 0.40985, 0.25441, 0.01283, -0.96685, -0.01755
3775697,1578642411403983,1,1,1,1,0,1,1,1,1,0,0.41522217,0.13729858,0.89929199,0.40835571,0.16197205,0.89833069,35.45579529,1.26322937,-33.18325806,-22.94335938,1.71487427,-25.69758606,0,0.0,3.1047821,3.1047821,1.0,1.0,1578642411406843,252505491285, HMD, -0.03219, 1.17087, 0.41005, 0.25498, 0.01266, -0.96669, -0.01845
3775705,1578642411407976,1,1,1,1,0,1,1,1,1,0,0.41537476,0.13883972,0.89898682,0.4080658,0.16146851,0.89854431,35.45117188,1.2517395,-33.13894653,-22.94760132,1.72302246,-25.71118164,0,0.0,3.13867188,3.13867188,1.0,1.0,1578642411408016,252505503003, HMD, -0.03216, 1.17085, 0.41006, 0.25502, 0.01264, -0.96667, -0.01852
3775705,1578642411411973,1,1,1,1,0,1,1,1,1,0,0.41537476,0.13883972,0.89898682,0.4080658,0.16146851,0.89854431,35.45117188,1.2517395,-33.13894653,-22.94760132,1.72302246,-25.71118164,0,0.0,3.13867188,3.13867188,1.0,1.0,1578642411410113,252505523978, HMD, -0.03212, 1.17082, 0.41009, 0.25508, 0.01259, -0.96666, -0.01866
3775713,1578642411415992,1,1,1,1,0,1,1,1,1,0,0.41558838,0.14099121,0.89854431,0.40699768,0.16401672,0.89857483,35.44836426,1.23158264,-33.06919861,-22.94801331,1.72581482,-25.74909973,0,0.0,3.15087891,3.15087891,1.0,1.0,1578642411418585,252505608712, HMD, -0.03194, 1.17069, 0.41019, 0.25532, 0.01239, -0.96659, -0.01919
3775713,1578642411419986,1,1,1,1,0,1,1,1,1,0,0.41558838,0.14099121,0.89854431,0.40699768,0.16401672,0.89857483,35.44836426,1.23158264,-33.06919861,-22.94801331,1.72581482,-25.74909973,0,0.0,3.15087891,3.15087891,1.0,1.0,1578642411419986,252505622709, HMD, -0.03191, 1.17067, 0.41021, 0.25536, 0.01236, -0.96657, -0.01927
3775722,1578642411423985,1,1,1,1,0,1,1,1,1,0,0.41578674,0.14315796,0.89811707,0.4059906,0.16641235,0.89859009,35.44554138,1.21142578,-32.99943542,-22.94844055,1.72860718,-25.78701782,0,0.0,3.1625824,3.1625824,1.0,1.0,1578642411422124,252505644086, HMD, -0.03188, 1.17063, 0.41022, 0.25542, 0.01231, -0.96656, -0.01940
3775722,1578642411427987,1,1,1,1,0,1,1,1,1,0,0.41578674,0.14315796,0.89811707,0.4059906,0.16641235,0.89859009,35.44554138,1.21142578,-32.99943542,-22.94844055,1.72860718,-25.78701782,0,0.0,3.1625824,3.1625824,1.0,1.0,1578642411431159,252505734435, HMD, -0.03172, 1.17052, 0.41032, 0.25560, 0.01209, -0.96650, -0.01999
3775730,1578642411432985,1,1,1,1,0,1,1,1,1,0,0.41624451,0.14471436,0.89764404,0.40510559,0.16699219,0.89888,35.44317627,1.19104004,-32.92460632,-22.94927979,1.73202515,-25.79974365,0,0.0,3.17605591,3.17605591,1.0,1.0,1578642411433039,252505753239, HMD, -0.03168, 1.17050, 0.41034, 0.25564, 0.01204, -0.96649, -0.02009
3775730,1578642411436977,1,1,1,1,0,1,1,1,1,0,0.41624451,0.14471436,0.89764404,0.40510559,0.16699219,0.89888,35.44317627,1.19104004,-32.92460632,-22.94927979,1.73202515,-25.79974365,0,0.0,3.17605591,3.17605591,1.0,1.0,1578642411434840,252505771239, HMD, -0.03165, 1.17047, 0.41036, 0.25567, 0.01199, -0.96648, -0.02020
3775738,1578642411441977,1,1,1,1,0,1,1,1,1,0,0.41671753,0.14627075,0.89718628,0.40405273,0.16741943,0.89927673,35.44082642,1.1706543,-32.84976196,-22.95010376,1.73544312,-25.81245422,0,0.0,3.1894989,3.1894989,1.0,1.0,1578642411444727,252505870130, HMD, -0.03148, 1.17034, 0.41045, 0.25586, 0.01166, -0.96642, -0.02076
3775738,1578642411445966,1,1,1,1,0,1,1,1,1,0,0.41671753,0.14627075,0.89718628,0.40405273,0.16741943,0.89927673,35.44082642,1.1706543,-32.84976196,-22.95010376,1.73544312,-25.81245422,0,0.0,3.1894989,3.1894989,1.0,1.0,1578642411446026,252505883108, HMD, -0.03147, 1.17034, 0.41047, 0.25586, 0.01165, -0.96642, -0.02086
3775747,1578642411449972,1,1,1,1,0,1,1,1,1,0,0.41893005,0.14160156,0.89689636,0.40318298,0.16950989,0.89927673,35.43623352,1.16760254,-32.74763489,-22.95941162,1.73847961,-25.82588196,0,0.0,3.19367981,3.19367981,1.0,1.0,1578642411447757,252505900409, HMD, -0.03144, 1.17032, 0.41049, 0.25588, 0.01159, -0.96641, -0.02095
3775747,1578642411453971,1,1,1,1,0,1,1,1,1,0,0.41893005,0.14160156,0.89689636,0.40318298,0.16950989,0.89927673,35.43623352,1.16760254,-32.74763489,-22.95941162,1.73847961,-25.82588196,0,0.0,3.19367981,3.19367981,1.0,1.0,1578642411458115,252506004000, HMD, -0.03126, 1.17019, 0.41057, 0.25601, 0.01120, -0.96637, -0.02148
3775755,1578642411457982,1,1,1,1,0,1,1,1,1,0,0.40628052,0.16670227,0.89840698,0.40542603,0.15924072,0.90014648,35.43983459,1.13235474,-32.55776978,-22.97213745,1.78256226,-25.82588196,0,0.0,3.23448181,3.23448181,1.0,1.0,1578642411458115,252506004000, HMD, -0.03126, 1.17019, 0.41057, 0.25601, 0.01120, -0.96637, -0.02148
3775755,1578642411461967,1,1,1,1,0,1,1,1,1,0,0.40628052,0.16670227,0.89840698,0.40542603,0.15924072,0.90014648,35.43983459,1.13235474,-32.55776978,-22.97213745,1.78256226,-25.82588196,0,0.0,3.23448181,3.23448181,1.0,1.0,1578642411461185,252506034689, HMD, -0.03118, 1.17016, 0.41060, 0.25605, 0.01109, -0.96636, -0.02163
3775763,1578642411465962,1,1,1,1,0,1,1,1,1,0,0.40447998,0.1723175,0.89814758,0.40640259,0.15330505,0.90072632,35.44741821,1.16123962,-32.60865784,-22.97476196,1.80921936,-25.78701782,0,0.0,3.17993164,3.17993164,1.0,1.0,1578642411469714,252506119993, HMD, -0.03107, 1.17010, 0.41066, 0.25614, 0.01081, -0.96633, -0.02205
3775763,1578642411469971,1,1,1,1,0,1,1,1,1,0,0.40447998,0.1723175,0.89814758,0.40640259,0.15330505,0.90072632,35.44741821,1.16123962,-32.60865784,-22.97476196,1.80921936,-25.78701782,0,0.0,3.17993164,3.17993164,1.0,1.0,1578642411470006,252506122903, HMD, -0.03106, 1.17010, 0.41066, 0.25614, 0.01079, -0.96633, -0.02206
3775772,1578642411473970,1,1,1,1,0,1,1,1,1,0,0.40705872,0.16168213,0.89897156,0.40679932,0.15237427,0.90071106,35.44996643,1.08139038,-32.32678223,-22.97476196,1.81088257,-25.772995,0,0.0,3.27227783,3.27227783,1.0,1.0,1578642411472964,252506152488, HMD, -0.03101, 1.17008, 0.41068, 0.25617, 0.01068, -0.96632, -0.02219
3775772,1578642411477958,1,1,1,1,0,1,1,1,1,0,0.40705872,0.16168213,0.89897156,0.40679932,0.15237427,0.90071106,35.44996643,1.08139038,-32.32678223,-22.97476196,1.81088257,-25.772995,0,0.0,3.27227783,3.27227783,1.0,1.0,1578642411481569,252506238539, HMD, -0.03085, 1.17002, 0.41074, 0.25624, 0.01037, -0.96629, -0.02258
3775780,1578642411481955,1,1,1,1,0,1,1,1,1,0,0.40776062,0.16043091,0.89886475,0.4070282,0.15281677,0.90052795,35.44950867,1.0196228,-32.10292053,-22.97476196,1.81338501,-25.772995,0,0.0,3.2973938,3.2973938,1.0,1.0,1578642411482008,252506242920, HMD, -0.03084, 1.17002, 0.41075, 0.25625, 0.01035, -0.96629, -0.02260
3775780,1578642411485964,1,1,1,1,0,1,1,1,1,0,0.40776062,0.16043091,0.89886475,0.4070282,0.15281677,0.90052795,35.44950867,1.0196228,-32.10292053,-22.97476196,1.81338501,-25.772995,0,0.0,3.2973938,3.2973938,1.0,1.0,1578642411484550,252506268346, HMD, -0.03075, 1.16996, 0.41077, 0.25623, 0.01029, -0.96629, -0.02272
3775788,1578642411489959,1,1,1,1,0,1,1,1,1,0,0.41372681,0.17648315,0.89311218,0.40576172,0.15606689,0.90054321,35.44961548,1.09591675,-32.28871155,-22.97476196,1.81448364,-25.772995,0,0.0,3.3525238,3.3525238,1.0,1.0,1578642411493867,252506361520, HMD, -0.03060, 1.16990, 0.41082, 0.25627, 0.00997, -0.96628, -0.02309
3775788,1578642411493957,1,1,1,1,0,1,1,1,1,0,0.41372681,0.17648315,0.89311218,0.40576172,0.15606689,0.90054321,35.44961548,1.09591675,-32.28871155,-22.97476196,1.81448364,-25.772995,0,0.0,3.3525238,3.3525238,1.0,1.0,1578642411494037,252506363217, HMD, -0.03059, 1.16990, 0.41082, 0.25627, 0.00997, -0.96628, -0.02310
3775797,1578642411497962,1,1,1,1,0,1,1,1,1,0,0.41366577,0.16455078,0.89541626,0.4058075,0.15637207,0.90046692,35.44523621,1.06903076,-32.17185974,-22.97476196,1.81500244,-25.772995,0,0.0,3.13562012,3.13562012,1.0,1.0,1578642411497016,252506393006, HMD, -0.03054, 1.16988, 0.41083, 0.25628, 0.00988, -0.96627, -0.02320
3775797,1578642411501944,1,1,1,1,0,1,1,1,1,0,0.41366577,0.16455078,0.89541626,0.4058075,0.15637207,0.90046692,35.44523621,1.06903076,-32.17185974,-22.97476196,1.81500244,-25.772995,0,0.0,3.13562012,3.13562012,1.0,1.0,1578642411497016,252506393006, HMD, -0.03054, 1.16988, 0.41083, 0.25628, 0.00988, -0.96627, -0.02320
3775805,1578642411505959,1,1,1,1,0,1,1,1,1,0,0.41604614,0.16145325,0.8948822,0.40568542,0.15672302,0.90046692,35.44439697,1.06466675,-32.13371277,-22.97476196,1.81698608,-25.772995,0,0.0,3.26728821,3.26728821,1.0,1.0,1578642411497016,252506393006, HMD, -0.03054, 1.16988, 0.41083, 0.25628, 0.00988, -0.96627, -0.02320
3775805,1578642411512950,1,1,1,1,0,1,1,1,1,0,0.41604614,0.16145325,0.8948822,0.40568542,0.15672302,0.90046692,35.44439697,1.06466675,-32.13371277,-22.97476196,1.81698608,-25.772995,0,0.0,3.26728821,3.26728821,1.0,1.0,1578642411518823,252506611086, HMD, -0.03021, 1.16977, 0.41091, 0.25619, 0.00923, -0.96629, -0.02395
3775813,1578642411516936,1,1,1,1,0,1,1,1,1,0,0.41893005,0.16690063,0.89253235,0.40545654,0.15930176,0.90011597,35.44256592,1.06477356,-32.12303162,-22.97476196,1.81698608,-25.772995,0,0.0,3.2713623,3.2713623,1.0,1.0,1578642411518823,252506611086, HMD, -0.03021, 1.16977, 0.41091, 0.25619, 0.00923, -0.96629, -0.02395
3775822,1578642411522948,1,1,1,1,0,1,1,1,1,0,0.41664124,0.17333984,0.89237976,0.40382385,0.16473389,0.89987183,35.4407196,1.06486511,-32.13371277,-22.97476196,1.81698608,-25.73320007,0,0.0,3.27378845,3.27378845,1.0,1.0,1578642411522511,252506647953, HMD, -0.03015, 1.16976, 0.41092, 0.25618, 0.00913, -0.96629, -0.02406
3775822,1578642411526956,1,1,1,1,0,1,1,1,1,0,0.41664124,0.17333984,0.89237976,0.40382385,0.16473389,0.89987183,35.4407196,1.06486511,-32.13371277,-22.97476196,1.81698608,-25.73320007,0,0.0,3.27378845,3.27378845,1.0,1.0,1578642411531373,252506736577, HMD, -0.02995, 1.16970, 0.41093, 0.25613, 0.00885, -0.96630, -0.02426
3775830,1578642411531956,1,1,1,1,0,1,1,1,1,0,0.41726685,0.1759491,0.89157104,0.4037323,0.17204285,0.89854431,35.44032288,1.0718689,-32.14016724,-22.97383118,1.81945801,-25.72108459,0,0.0,3.27615356,3.27615356,1.0,1.0,1578642411531881,252506741658, HMD, -0.02994, 1.16969, 0.41093, 0.25613, 0.00883, -0.96630, -0.02427
3775830,1578642411535985,1,1,1,1,0,1,1,1,1,0,0.41726685,0.1759491,0.89157104,0.4037323,0.17204285,0.89854431,35.44032288,1.0718689,-32.14016724,-22.97383118,1.81945801,-25.72108459,0,0.0,3.27615356,3.27615356,1.0,1.0,1578642411534524,252506768086, HMD, -0.02990, 1.16969, 0.41094, 0.25612, 0.00874, -0.96630, -0.02432
3775838,1578642411539935,1,1,1,1,0,1,1,1,1,0,0.41307068,0.16848755,0.8949585,0.39501953,0.17352295,0.90213013,35.42810059,1.15985107,-32.42245483,-22.97888184,1.88021851,-25.76686096,0,0.0,3.24098206,3.24098206,1.0,1.0,1578642411543168,252506854543, HMD, -0.02979, 1.16964, 0.41093, 0.25611, 0.00845, -0.96630, -0.02447
3775838,1578642411543974,1,1,1,1,0,1,1,1,1,0,0.41307068,0.16848755,0.8949585,0.39501953,0.17352295,0.90213013,35.42810059,1.15985107,-32.42245483,-22.97888184,1.88021851,-25.76686096,0,0.0,3.24098206,3.24098206,1.0,1.0,1578642411543950,252506862352, HMD, -0.02980, 1.16965, 0.41094, 0.25609, 0.00846, -0.96631, -0.02450
3775847,1578642411547986,1,1,1,1,0,1,1,1,1,0,0.39649963,0.14364624,0.90670776,0.39413452,0.15615845,0.90568542,35.31900024,1.22834778,-32.87522888,-23.06463623,1.8835907,-26.12371826,0,0.0,3.25718689,3.25718689,1.0,1.0,1578642411546920,252506892045, HMD, -0.02975, 1.16964, 0.41095, 0.25608, 0.00835, -0.96631, -0.02455
3775847,1578642411551947,1,1,1,1,0,1,1,1,1,0,0.39649963,0.14364624,0.90670776,0.39413452,0.15615845,0.90568542,35.31900024,1.22834778,-32.87522888,-23.06463623,1.8835907,-26.12371826,0,0.0,3.25718689,3.25718689,1.0,1.0,1578642411546920,252506892045, HMD, -0.02975, 1.16964, 0.41095, 0.25608, 0.00835, -0.96631, -0.02455
3775847,1578642411555974,1,1,1,1,0,1,1,1,1,0,0.37840271,0.11006165,0.91906738,0.35282898,0.11358643,0.92875671,35.09736633,0.82992554,-31.94755554,-23.23355103,1.66308594,-25.85418701,0,0.0,3.27761841,3.27761841,1.0,1.0,1578642411559123,252507014085, HMD, -0.02956, 1.16961, 0.41099, 0.25613, 0.00792, -0.96629, -0.02474
3775855,1578642411559946,1,1,1,1,0,1,1,1,1,0,0.37840271,0.11006165,0.91906738,0.35282898,0.11358643,0.92875671,35.09736633,0.82992554,-31.94755554,-23.23355103,1.66308594,-25.85418701,0,0.0,3.27761841,3.27761841,1.0,1.0,1578642411559981,252507022656, HMD, -0.02955, 1.16961, 0.41099, 0.25613, 0.00789, -0.96629, -0.02475
3775863,1578642411563944,1,1,1,1,0,1,1,1,1,0,0.3400116,0.0745697,0.93745422,0.32333374,0.08390808,0.94255066,34.86875916,0.78179932,-32.22999573,-23.38302612,1.41104126,-25.67242432,0,0.0,3.28938293,3.28938293,1.0,1.0,1578642411562169,252507044538, HMD, -0.02951, 1.16961, 0.41100, 0.25614, 0.00781, -0.96629, -0.02478
3775863,1578642411567946,1,1,1,1,0,1,1,1,1,0,0.3400116,0.0745697,0.93745422,0.32333374,0.08390808,0.94255066,34.86875916,0.78179932,-32.22999573,-23.38302612,1.41104126,-25.67242432,0,0.0,3.28938293,3.28938293,1.0,1.0,1578642411571483,252507137690, HMD, -0.02933, 1.16957, 0.41102, 0.25617, 0.00754, -0.96628, -0.02494
3775871,1578642411571951,1,1,1,1,0,1,1,1,1,0,0.30909729,0.0308075,0.95051575,0.28907776,0.01994324,0.95709229,34.63928223,0.64170837,-32.22441101,-23.48542786,1.10046387,-25.22424316,0,0.0,3.16172791,3.16172791,1.0,1.0,1578642411571961,252507142457, HMD, -0.02932, 1.16957, 0.41102, 0.25617, 0.00753, -0.96628, -0.02495
3775871,1578642411575931,1,1,1,1,0,1,1,1,1,0,0.30909729,0.0308075,0.95051575,0.28907776,0.01994324,0.95709229,34.63928223,0.64170837,-32.22441101,-23.48542786,1.10046387,-25.22424316,0,0.0,3.16172791,3.16172791,1.0,1.0,1578642411575366,252507176505, HMD, -0.02927, 1.16956, 0.41104, 0.25618, 0.00744, -0.96628, -0.02501
3775880,1578642411579941,1,1,1,1,0,1,1,1,1,0,0.28981018,-0.04818726,0.95585632,0.28163147,-0.01612854,0.9593811,34.46702576,0.48493958,-32.21867371,-23.59242249,0.70040894,-24.60247803,0,0.0,3.21221924,3.21221924,1.0,1.0,1578642411584510,252507268000, HMD, -0.02921, 1.16958, 0.41107, 0.25618, 0.00724, -0.96627, -0.02524
3775880,1578642411583934,1,1,1,1,0,1,1,1,1,0,0.28981018,-0.04818726,0.95585632,0.28163147,-0.01612854,0.9593811,34.46702576,0.48493958,-32.21867371,-23.59242249,0.70040894,-24.60247803,0,0.0,3.21221924,3.21221924,1.0,1.0,1578642411584510,252507268000, HMD, -0.02921, 1.16958, 0.41107, 0.25618, 0.00724, -0.96627, -0.02524
3775880,1578642411587946,1,1,1,1,0,1,1,1,1,0,0.28981018,-0.04818726,0.95585632,0.28163147,-0.01612854,0.9593811,34.46702576,0.48493958,-32.21867371,-23.59242249,0.70040894,-24.60247803,0,0.0,3.21221924,3.21221924,1.0,1.0,1578642411587595,252507298794, HMD, -0.02917, 1.16957, 0.41108, 0.25618, 0.00718, -0.96627, -0.02531
3775888,1578642411591940,1,1,1,1,0,1,1,1,1,0,0.32572937,-0.05827332,0.94364929,0.26046753,-0.07220459,0.96276855,34.20645142,-0.88697815,-28.35227966,-23.64378357,0.67759705,-25.26794434,0,0.0,3.27424622,3.27424622,1.0,1.0,1578642411587595,252507298794, HMD, -0.02917, 1.16957, 0.41108, 0.25618, 0.00718, -0.96627, -0.02531
3775888,1578642411595928,1,1,1,1,0,1,1,1,1,0,0.32572937,-0.05827332,0.94364929,0.26046753,-0.07220459,0.96276855,34.20645142,-0.88697815,-28.35227966,-23.64378357,0.67759705,-25.26794434,0,0.0,3.27424622,3.27424622,1.0,1.0,1578642411598374,252507406592, HMD, -0.02903, 1.16952, 0.41113, 0.25613, 0.00705, -0.96628, -0.02562
3775896,1578642411599937,1,1,1,1,0,1,1,1,1,0,0.30308533,-0.10389709,0.94726563,0.28733826,-0.1206665,0.95018005,34.15574646,-0.90693665,-28.62231445,-23.74617004,0.41622925,-24.97850037,0,0.0,3.24606323,3.24606323,1.0,1.0,1578642411599998,252507422822, HMD, -0.02901, 1.16951, 0.41114, 0.25612, 0.00704, -0.96628, -0.02567
3775896,1578642411603942,1,1,1,1,0,1,1,1,1,0,0.30308533,-0.10389709,0.94726563,0.28733826,-0.1206665,0.95018005,34.15574646,-0.90693665,-28.62231445,-23.74617004,0.41622925,-24.97850037,0,0.0,3.24606323,3.24606323,1.0,1.0,1578642411601457,252507437409, HMD, -0.02899, 1.16951, 0.41115, 0.25610, 0.00702, -0.96628, -0.02573
3775905,1578642411607936,1,1,1,1,0,1,1,1,1,0,0.28796387,-0.17056274,0.94232178,0.35044861,-0.15466309,0.92372131,34.1355896,-0.56777954,-29.93266296,-23.92349243,-0.43797302,-22.08630371,0,0.0,3.08305359,3.08305359,1.0,1.0,1578642411612850,252507551350, HMD, -0.02886, 1.16944, 0.41122, 0.25589, 0.00698, -0.96633, -0.02612
3775913,1578642411612931,1,1,1,1,0,1,1,1,1,0,0.28796387,-0.17056274,0.94232178,0.35044861,-0.15466309,0.92372131,34.1355896,-0.56777954,-29.93266296,-23.92349243,-0.43797302,-22.08630371,0,0.0,3.08305359,3.08305359,1.0,1.0,1578642411612996,252507552804, HMD, -0.02886, 1.16944, 0.41122, 0.25589, 0.00698, -0.96633, -0.02613
3775913,1578642411616924,1,1,1,1,0,1,1,1,1,0,0.29144287,-0.16799927,0.94171143,0.3477478,-0.16778564,0.92243958,34.1539917,-0.49591064,-30.27256775,-23.902771,-0.44430542,-22.14266968,0,0.0,3.27336121,3.27336121,1.0,1.0,1578642411615802,252507580864, HMD, -0.02882, 1.16942, 0.41124, 0.25583, 0.00698, -0.96634, -0.02624
3775921,1578642411621924,1,1,1,1,0,1,1,1,1,0,0.28843689,-0.16712952,0.9427948,0.35488892,-0.15231323,0.92240906,34.19421387,-0.58256531,-30.07319641,-23.94775391,-0.54463196,-21.7718811,0,0.0,3.15649414,3.15649414,1.0,1.0,1578642411624208,252507664937, HMD, -0.02868, 1.16937, 0.41134, 0.25564, 0.00698, -0.96638, -0.02654
3775921,1578642411625937,1,1,1,1,0,1,1,1,1,0,0.28843689,-0.16712952,0.9427948,0.35488892,-0.15231323,0.92240906,34.19421387,-0.58256531,-30.07319641,-23.94775391,-0.54463196,-21.7718811,0,0.0,3.15649414,3.15649414,1.0,1.0,1578642411625995,252507682792, HMD, -0.02866, 1.16936, 0.41136, 0.25560, 0.00697, -0.96639, -0.02661
3775930,1578642411630929,1,1,1,1,0,1,1,1,1,0,0.28401184,-0.17521667,0.94265747,0.34695435,-0.15916443,0.92427063,34.21209717,-0.70188904,-29.74551392,-23.9460144,-0.53848267,-21.77639771,0,0.0,3.25735474,3.25735474,1.0,1.0,1578642411627274,252507695579, HMD, -0.02864, 1.16935, 0.41137, 0.25557, 0.00696, -0.96640, -0.02666
3775930,1578642411634925,1,1,1,1,0,1,1,1,1,0,0.28401184,-0.17521667,0.94265747,0.34695435,-0.15916443,0.92427063,34.21209717,-0.70188904,-29.74551392,-23.9460144,-0.53848267,-21.77639771,0,0.0,3.25735474,3.25735474,1.0,1.0,1578642411636056,252507783415, HMD, -0.02854, 1.16927, 0.41146, 0.25541, 0.00692, -0.96643, -0.02700
3775930,1578642411638920,1,1,1,1,0,1,1,1,1,0,0.28401184,-0.17521667,0.94265747,0.34695435,-0.15916443,0.92427063,34.21209717,-0.70188904,-29.74551392,-23.9460144,-0.53848267,-21.77639771,0,0.0,3.25735474,3.25735474,1.0,1.0,1578642411638881,252507811656, HMD, -0.02847, 1.16927, 0.41151, 0.25537, 0.00689, -0.96644, -0.02710
3775938,1578642411642906,1,1,1,1,0,1,1,1,1,0,0.30101013,-0.16807556,0.93867493,0.34368896,-0.15858459,0.92558289,34.23036194,-0.65963745,-29.90086365,-23.94503784,-0.52523804,-21.82455444,0,0.0,3.30880737,3.30880737,1.0,1.0,1578642411639300,252507815841, HMD, -0.02846, 1.16926, 0.41151, 0.25536, 0.00688, -0.96644, -0.02711
3775938,1578642411646939,1,1,1,1,0,1,1,1,1,0,0.30101013,-0.16807556,0.93867493,0.34368896,-0.15858459,0.92558289,34.23036194,-0.65963745,-29.90086365,-23.94503784,-0.52523804,-21.82455444,0,0.0,3.30880737,3.30880737,1.0,1.0,1578642411639300,252507815841, HMD, -0.02846, 1.16926, 0.41151, 0.25536, 0.00688, -0.96644, -0.02711
3775946,1578642411650919,1,1,1,1,0,1,1,1,1,0,0.30236816,-0.17086792,0.93774414,0.34013367,-0.15962219,0.92672729,34.24674988,-0.61314392,-30.04922485,-23.94406128,-0.51199341,-21.87269592,0,0.0,3.25918579,3.25918579,1.0,1.0,1578642411656388,252507986769, HMD, -0.02823, 1.16909, 0.41171, 0.25515, 0.00660, -0.96648, -0.02769
3775946,1578642411654913,1,1,1,1,0,1,1,1,1,0,0.30236816,-0.17086792,0.93774414,0.34013367,-0.15962219,0.92672729,34.24674988,-0.61314392,-30.04922485,-23.94406128,-0.51199341,-21.87269592,0,0.0,3.25918579,3.25918579,1.0,1.0,1578642411656388,252507986769, HMD, -0.02823, 1.16909, 0.41171, 0.25515, 0.00660, -0.96648, -0.02769
3775955,1578642411658932,1,1,1,1,0,1,1,1,1,0,0.29740906,-0.16461182,0.94044495,0.34068298,-0.15979004,0.92648315,34.28363037,-0.62123108,-30.03407288,-23.94300842,-0.48377991,-21.95970154,0,0.0,3.26983643,3.26983643,0.9929502,0.88837147,1578642411658943,252508012282, HMD, -0.02817, 1.16908, 0.41176, 0.25515, 0.00652, -0.96648, -0.02777
3775955,1578642411662925,1,1,1,1,0,1,1,1,1,0,0.29740906,-0.16461182,0.94044495,0.34068298,-0.15979004,0.92648315,34.28363037,-0.62123108,-30.03407288,-23.94300842,-0.48377991,-21.95970154,0,0.0,3.26983643,3.26983643,0.9929502,0.88837147,1578642411661021,252508033054, HMD, -0.02815, 1.16906, 0.41178, 0.25513, 0.00647, -0.96648, -0.02784
3775963,1578642411666915,1,1,1,1,0,1,1,1,1,0,0.29618835,-0.16427612,0.94088745,0.33908081,-0.16177368,0.92672729,34.32121277,-0.62348938,-30.04173279,-23.94406128,-0.45558167,-22.04670715,0,0.0,3.21138,3.21138,0.9929502,0.88837147,1578642411669082,252508113663, HMD, -0.02806, 1.16899, 0.41190, 0.25511, 0.00626, -0.96648, -0.02812
3775971,1578642411671954,1,1,1,1,0,1,1,1,1,0,0.28408813,-0.15921021,0.94548035,0.3380127,-0.16160583,0.92715454,34.33944702,-0.67098999,-29.90179443,-23.94503784,-0.44488525,-22.07603455,0,0.0,3.28761292,3.28761292,0.99663496,0.88850355,1578642411671946,252508142301, HMD, -0.02802, 1.16896, 0.41194, 0.25512, 0.00617, -0.96648, -0.02823
3775971,1578642411675913,1,1,1,1,0,1,1,1,1,0,0.28408813,-0.15921021,0.94548035,0.3380127,-0.16160583,0.92715454,34.33944702,-0.67098999,-29.90179443,-23.94503784,-0.44488525,-22.07603455,0,0.0,3.28761292,3.28761292,0.99663496,0.88850355,1578642411672129,252508144147, HMD, -0.02802, 1.16896, 0.41194, 0.25512, 0.00616, -0.96648, -0.02824
3775971,1578642411679917,1,1,1,1,0,1,1,1,1,0,0.29588318,-0.16261292,0.94126892,0.33807373,-0.16020203,0.92736816,34.35549927,-0.69934082,-29.8215332,-23.9460144,-0.45558167,-22.04670715,0,0.0,3.31706238,3.31706238,0.99663496,0.88850355,1578642411684728,252508270142, HMD, -0.02790, 1.16883, 0.41207, 0.25520, 0.00567, -0.96645, -0.02871
3775980,1578642411683936,1,1,1,1,0,1,1,1,1,0,0.29588318,-0.16261292,0.94126892,0.33807373,-0.16020203,0.92736816,34.35549927,-0.69934082,-29.8215332,-23.9460144,-0.45558167,-22.04670715,0,0.0,3.31706238,3.31706238,0.99663496,0.88850355,1578642411684728,252508270142, HMD, -0.02790, 1.16883, 0.41207, 0.25520, 0.00567, -0.96645, -0.02871
3775980,1578642411687912,1,1,1,1,0,1,1,1,1,0,0.29588318,-0.16261292,0.94126892,0.33807373,-0.16020203,0.92736816,34.35549927,-0.69934082,-29.8215332,-23.9460144,-0.45558167,-22.04670715,0,0.0,3.31706238,3.31706238,0.99663496,0.88850355,1578642411687969,252508302535, HMD, -0.02786, 1.16878, 0.41211, 0.25522, 0.00554, -0.96644, -0.02885
3775988,1578642411692898,1,1,1,1,0,1,1,1,1,0,0.29052734,-0.16525269,0.94247437,0.3374939,-0.15820313,0.92793274,34.36242676,-0.73527527,-29.70205688,-23.94734192,-0.46226501,-22.03005981,0,0.0,3.30392456,3.30392456,0.99116284,0.89367533,1578642411688181,252508304660, HMD, -0.02785, 1.16878, 0.41211, 0.25522, 0.00554, -0.96644, -0.02886
3775988,1578642411696910,1,1,1,1,0,1,1,1,1,0,0.29052734,-0.16525269,0.94247437,0.3374939,-0.15820313,0.92793274,34.36242676,-0.73527527,-29.70205688,-23.94734192,-0.46226501,-22.03005981,0,0.0,3.30392456,3.30392456,0.99116284,0.89367533,1578642411688181,252508304660, HMD, -0.02785, 1.16878, 0.41211, 0.25522, 0.00554, -0.96644, -0.02886
3775996,1578642411701935,1,1,1,1,0,1,1,1,1,0,0.29368591,-0.16079712,0.942276,0.33686829,-0.15844727,0.92811584,34.36738586,-0.73548889,-29.69134521,-23.94865417,-0.46894836,-22.01342773,0,0.0,3.32510376,3.32510376,0.99116284,0.89367533,1578642411709427,252508517188, HMD, -0.02757, 1.16849, 0.41235, 0.25540, 0.00459, -0.96636, -0.02985
3775996,1578642411705922,1,1,1,1,0,1,1,1,1,0,0.2988739,-0.15835571,0.9410553,0.33670044,-0.15631104,0.92852783,34.36872864,-0.72962952,-29.70074463,-23.95500183,-0.48683167,-21.96548462,0,0.0,3.32669067,3.32669067,0.99116284,0.89367533,1578642411709427,252508517188, HMD, -0.02757, 1.16849, 0.41235, 0.25540, 0.00459, -0.96636, -0.02985
3776005,1578642411709975,1,1,1,1,0,1,1,1,1,0,0.2988739,-0.15835571,0.9410553,0.33670044,-0.15631104,0.92852783,34.36872864,-0.72962952,-29.70074463,-23.95500183,-0.48683167,-21.96548462,0,0.0,3.32669067,3.32669067,1.0,1.0,1578642411709901,252508521856, HMD, -0.02757, 1.16848, 0.41236, 0.25540, 0.00457, -0.96636, -0.02988
3776005,1578642411713906,1,1,1,1,0,1,1,1,1,0,0.2943573,-0.16088867,0.94204712,0.32623291,-0.16056824,0.93153381,34.37413025,-0.73414612,-29.65531921,-24.07022095,-0.66093445,-21.31369019,0,0.0,3.33543396,3.33543396,1.0,1.0,1578642411713929,252508562130, HMD, -0.02752, 1.16842, 0.41241, 0.25545, 0.00436, -0.96634, -0.03009
3776013,1578642411717897,1,1,1,1,0,1,1,1,1,0,0.2943573,-0.16088867,0.94204712,0.32623291,-0.16056824,0.93153381,34.37413025,-0.73414612,-29.65531921,-24.07022095,-0.66093445,-21.31369019,0,0.0,3.33543396,3.33543396,1.0,1.0,1578642411714453,252508567370, HMD, -0.02751, 1.16842, 0.41242, 0.25546, 0.00433, -0.96634, -0.03012
3776021,1578642411727861,1,1,1,1,0,1,1,1,1,0,0.29821777,-0.15600586,0.94165039,0.32003784,-0.15219116,0.93508911,34.38372803,-0.67147827,-29.81869507,-24.0697937,-0.62890625,-21.38592529,0,0.0,3.31217957,3.31217957,1.0,1.0,1578642411730186,252508724715, HMD, -0.02731, 1.16818, 0.41261, 0.25578, 0.00355, -0.96624, -0.03091
3776030,1578642411731858,1,1,1,1,0,1,1,1,1,0,0.29621887,-0.16369629,0.940979,0.32154846,-0.15327454,0.93438721,34.39326477,-0.65930176,-29.8036499,-24.0735321,-0.58094788,-21.52172852,0,0.0,3.35574341,3.35574341,1.0,1.0,1578642411731912,252508741962, HMD, -0.02729, 1.16815, 0.41263, 0.25582, 0.00345, -0.96622, -0.03099
3776030,1578642411735875,1,1,1,1,0,1,1,1,1,0,0.29621887,-0.16369629,0.940979,0.32154846,-0.15327454,0.93438721,34.39326477,-0.65930176,-29.8036499,-24.0735321,-0.58094788,-21.52172852,0,0.0,3.35574341,3.35574341,1.0,1.0,1578642411733454,252508757384, HMD, -0.02727, 1.16813, 0.41265, 0.25586, 0.00336, -0.96621, -0.03106
3776030,1578642411739860,1,1,1,1,0,1,1,1,1,0,0.29190063,-0.15016174,0.94458008,0.32234192,-0.14956665,0.9347229,34.40325928,-0.6388092,-29.81785583,-24.07489014,-0.53997803,-21.65582275,0,0.0,3.31344604,3.31344604,1.0,1.0,1578642411733454,252508757384, HMD, -0.02727, 1.16813, 0.41265, 0.25586, 0.00336, -0.96621, -0.03106
3776038,1578642411743865,1,1,1,1,0,1,1,1,1,0,0.29190063,-0.15016174,0.94458008,0.32234192,-0.14956665,0.9347229,34.40325928,-0.6388092,-29.81785583,-24.07489014,-0.53997803,-21.65582275,0,0.0,3.31344604,3.31344604,0.9968369,0.90809059,1578642411753123,252508954133, HMD, -0.02698, 1.16785, 0.41287, 0.25650, 0.00224, -0.96601, -0.03201
3776046,1578642411749847,1,1,1,1,0,1,1,1,1,0,0.30683899,-0.16017151,0.93817139,0.32618713,-0.14849854,0.93356323,34.36717224,-0.92538452,-28.80316162,-24.0766449,-0.51832581,-21.72964478,0,0.0,3.32922363,3.32922363,0.9968369,0.90809059,1578642411753123,252508954133, HMD, -0.02698, 1.16785, 0.41287, 0.25650, 0.00224, -0.96601, -0.03201
3776046,1578642411753432,1,1,1,1,0,1,1,1,1,0,0.30683899,-0.16017151,0.93817139,0.32618713,-0.14849854,0.93356323,34.36717224,-0.92538452,-28.80316162,-24.0766449,-0.51832581,-21.72964478,0,0.0,3.32922363,3.32922363,0.9968369,0.90809059,1578642411753508,252508957930, HMD, -0.02697, 1.16784, 0.41287, 0.25651, 0.00221, -0.96601, -0.03203
3776055,1578642411757427,1,1,1,1,0,1,1,1,1,0,0.31164551,-0.15193176,0.93795776,0.3200531,-0.15078735,0.93531799,34.37579346,-0.92428589,-28.78138733,-24.07839966,-0.49667358,-21.80348206,0,0.0,3.34030151,3.34030151,0.99856693,0.89032131,1578642411757345,252508996295, HMD, -0.02691, 1.16779, 0.41292, 0.25667, 0.00199, -0.96596, -0.03222
3776055,1578642411761393,1,1,1,1,0,1,1,1,1,0,0.31164551,-0.15193176,0.93795776,0.3200531,-0.15078735,0.93531799,34.37579346,-0.92428589,-28.78138733,-24.07839966,-0.49667358,-21.80348206,0,0.0,3.34030151,3.34030151,0.99856693,0.89032131,1578642411757703,252508999873, HMD, -0.02691, 1.16778, 0.41292, 0.25669, 0.00197, -0.96596, -0.03224
3776063,1578642411765401,1,1,1,1,0,1,1,1,1,0,0.29870605,-0.16278076,0.94035339,0.28143311,-0.16090393,0.94598389,34.33073425,-0.85383606,-29.21646118,-24.07290649,-0.42114258,-22.28474426,0,0.0,3.37335205,3.37335205,0.99856693,0.89032131,1578642411772121,252509144098, HMD, -0.02671, 1.16761, 0.41306, 0.25738, 0.00111, -0.96575, -0.03298
3776063,1578642411770410,1,1,1,1,0,1,1,1,1,0,0.29870605,-0.16278076,0.94035339,0.28143311,-0.16090393,0.94598389,34.33073425,-0.85383606,-29.21646118,-24.07290649,-0.42114258,-22.28474426,0,0.0,3.37335205,3.37335205,0.99856693,0.89032131,1578642411772121,252509144098, HMD, -0.02671, 1.16761, 0.41306, 0.25738, 0.00111, -0.96575, -0.03298
3776071,1578642411774392,1,1,1,1,0,1,1,1,1,0,0.23677063,-0.19032288,0.95272827,0.27514648,-0.19451904,0.94151306,34.14826965,-0.4765625,-30.65013123,-24.26695251,-0.82174683,-21.16719055,0,0.0,3.23539734,3.23539734,0.97744483,0.88361329,1578642411774445,252509167291, HMD, -0.02667, 1.16758, 0.41309, 0.25750, 0.00097, -0.96571, -0.03311
3776071,1578642411780395,1,1,1,1,0,1,1,1,1,0,0.23677063,-0.19032288,0.95272827,0.27514648,-0.19451904,0.94151306,34.14826965,-0.4765625,-30.65013123,-24.26695251,-0.82174683,-21.16719055,0,0.0,3.23539734,3.23539734,0.97744483,0.88361329,1578642411775890,252509181747, HMD, -0.02665, 1.16756, 0.41310, 0.25758, 0.00088, -0.96569, -0.03319
3776080,1578642411784388,1,1,1,1,0,1,1,1,1,0,0.21408081,-0.21696472,0.95240784,0.22854614,-0.23057556,0.94581604,33.83644104,-1.14762878,-28.77067566,-24.35464478,-0.58911133,-22.2980957,0,0.0,3.20233154,3.20233154,0.97744483,0.88361329,1578642411775890,252509181747, HMD, -0.02665, 1.16756, 0.41310, 0.25758, 0.00088, -0.96569, -0.03319
3776080,1578642411788390,1,1,1,1,0,1,1,1,1,0,0.21408081,-0.21696472,0.95240784,0.22854614,-0.23057556,0.94581604,33.83644104,-1.14762878,-28.77067566,-24.35464478,-0.58911133,-22.2980957,0,0.0,3.20233154,3.20233154,0.97744483,0.88361329,1578642411798057,252509403449, HMD, -0.02631, 1.16726, 0.41332, 0.25889, -0.00046, -0.96529, -0.03441
3776088,1578642411792430,1,1,1,1,0,1,1,1,1,0,0.17523193,-0.25550842,0.95079041,0.19325256,-0.2522583,0.94815063,33.61552429,-0.89221191,-29.92575073,-24.49090576,-0.48733521,-23.00048828,0,0.0,3.27890015,3.27890015,0.95998722,0.79333681,1578642411798057,252509403449, HMD, -0.02631, 1.16726, 0.41332, 0.25889, -0.00046, -0.96529, -0.03441
3776088,1578642411796385,1,1,1,1,0,1,1,1,1,0,0.17523193,-0.25550842,0.95079041,0.19325256,-0.2522583,0.94815063,33.61552429,-0.89221191,-29.92575073,-24.49090576,-0.48733521,-23.00048828,0,0.0,3.27890015,3.27890015,0.95998722,0.79333681,1578642411798057,252509403449, HMD, -0.02631, 1.16726, 0.41332, 0.25889, -0.00046, -0.96529, -0.03441
3776096,1578642411801395,1,1,1,1,0,1,1,1,1,0,0.1706543,-0.29519653,0.94006348,0.17303467,-0.29640198,0.93925476,33.4680481,-0.93675232,-30.10641479,-24.63087463,-0.48564148,-23.2800293,0,0.0,3.31723022,3.31723022,0.95998722,0.79333681,1578642411801454,252509437386, HMD, -0.02624, 1.16722, 0.41335, 0.25911, -0.00070, -0.96523, -0.03459
3776096,1578642411805382,1,1,1,1,0,1,1,1,1,0,0.14744568,-0.30213928,0.94177246,0.15901184,-0.29853821,0.94104004,33.42118835,-1.04016113,-30.02096558,-24.69966125,-0.54600525,-23.31668091,0,0.0,3.26477051,3.26477051,0.95998722,0.79333681,1578642411801855,252509441398, HMD, -0.02623, 1.16722, 0.41336, 0.25914, -0.00072, -0.96522, -0.03462
3776105,1578642411809389,1,1,1,1,0,1,1,1,1,0,0.14744568,-0.30213928,0.94177246,0.15901184,-0.29853821,0.94104004,33.42118835,-1.04016113,-30.02096558,-24.69966125,-0.54600525,-23.31668091,0,0.0,3.26477051,3.26477051,0.92383939,0.74590284,1578642411801855,252509441398, HMD, -0.02623, 1.16722, 0.41336, 0.25914, -0.00072, -0.96522, -0.03462
3776113,1578642411813372,1,1,1,1,0,1,1,1,1,0,0.14801025,-0.30987549,0.93917847,0.15927124,-0.30351257,0.93940735,33.42944336,-1.00369263,-30.06613159,-24.76091003,-0.55563354,-23.28710938,0,0.0,3.23100281,3.23100281,0.92383939,0.74590284,1578642411822315,252509646054, HMD, -0.02588, 1.16696, 0.41359, 0.26059, -0.00209, -0.96478, -0.03575
3776113,1578642411817363,1,1,1,1,0,1,1,1,1,0,0.14801025,-0.30987549,0.93917847,0.15927124,-0.30351257,0.93940735,33.42944336,-1.00369263,-30.06613159,-24.76091003,-0.55563354,-23.28710938,0,0.0,3.23100281,3.23100281,0.92383939,0.74590284,1578642411822315,252509646054, HMD, -0.02588, 1.16696, 0.41359, 0.26059, -0.00209, -0.96478, -0.03575
3776113,1578642411822381,1,1,1,1,0,1,1,1,1,0,0.14801025,-0.30987549,0.93917847,0.15927124,-0.30351257,0.93940735,33.42944336,-1.00369263,-30.06613159,-24.76091003,-0.55563354,-23.28710938,0,0.0,3.23100281,3.23100281,0.92383939,0.74590284,1578642411822315,252509646054, HMD, -0.02588, 1.16696, 0.41359, 0.26059, -0.00209, -0.96478, -0.03575
3776121,1578642411826378,1,1,1,1,0,1,1,1,1,0,0.14915466,-0.30169678,0.94165039,0.1672821,-0.31434631,0.93443298,33.44815063,-0.96543884,-30.15507507,-24.86404419,-0.54350281,-23.09057617,0,0.0,3.27708435,3.27708435,0.8771345,0.71155852,1578642411825937,252509682220, HMD, -0.02582, 1.16690, 0.41362, 0.26088, -0.00233, -0.96470, -0.03596
3776121,1578642411830369,1,1,1,1,0,1,1,1,1,0,0.14915466,-0.30169678,0.94165039,0.1672821,-0.31434631,0.93443298,33.44815063,-0.96543884,-30.15507507,-24.86404419,-0.54350281,-23.09057617,0,0.0,3.27708435,3.27708435,0.8771345,0.71155852,1578642411825937,252509682220, HMD, -0.02582, 1.16690, 0.41362, 0.26088, -0.00233, -0.96470, -0.03596
3776130,1578642411834380,1,1,1,1,0,1,1,1,1,0,0.15357971,-0.30014038,0.94143677,0.16885376,-0.31369019,0.93438721,33.45550537,-0.91270447,-30.23336792,-24.87948608,-0.54039001,-23.07185364,0,0.0,3.38294983,3.38294983,0.8771345,0.71155852,1578642411836172,252509784585, HMD, -0.02563, 1.16678, 0.41373, 0.26171, -0.00297, -0.96445, -0.03644
3776130,1578642411838374,1,1,1,1,0,1,1,1,1,0,0.15357971,-0.30014038,0.94143677,0.16885376,-0.31369019,0.93438721,33.45550537,-0.91270447,-30.23336792,-24.87948608,-0.54039001,-23.07185364,0,0.0,3.38294983,3.38294983,0.8771345,0.71155852,1578642411838327,252509806108, HMD, -0.02559, 1.16675, 0.41376, 0.26189, -0.00309, -0.96440, -0.03653
3776138,1578642411842361,1,1,1,1,0,1,1,1,1,0,0.15330505,-0.30867004,0.9387207,0.16453552,-0.311203,0.93597412,33.45552063,-0.86152649,-30.2835083,-24.90336609,-0.53050232,-23.09051514,0,0.0,3.28111267,3.28111267,0.86773294,0.72194934,1578642411839420,252509817041, HMD, -0.02557, 1.16674, 0.41377, 0.26198, -0.00315, -0.96437, -0.03658
3776138,1578642411846360,1,1,1,1,0,1,1,1,1,0,0.15330505,-0.30867004,0.9387207,0.16453552,-0.311203,0.93597412,33.45552063,-0.86152649,-30.2835083,-24.90336609,-0.53050232,-23.09051514,0,0.0,3.28111267,3.28111267,0.86773294,0.72194934,1578642411849219,252509915036, HMD, -0.02540, 1.16662, 0.41387, 0.26282, -0.00359, -0.96413, -0.03698
3776146,1578642411849959,1,1,1,1,0,1,1,1,1,0,0.14892578,-0.30535889,0.94050598,0.15634155,-0.31790161,0.93513489,33.45947266,-0.8110199,-30.3634491,-24.92304993,-0.50584412,-23.13262939,0,0.0,3.27145386,3.27145386,0.86773294,0.72194934,1578642411849970,252509922546, HMD, -0.02539, 1.16661, 0.41388, 0.26288, -0.00362, -0.96411, -0.03701
3776146,1578642411853939,1,1,1,1,0,1,1,1,1,0,0.14892578,-0.30535889,0.94050598,0.15634155,-0.31790161,0.93513489,33.45947266,-0.8110199,-30.3634491,-24.92304993,-0.50584412,-23.13262939,0,0.0,3.27145386,3.27145386,0.86773294,0.72194934,1578642411852338,252509946224, HMD, -0.02534, 1.16659, 0.41391, 0.26309, -0.00372, -0.96405, -0.03709
3776155,1578642411857937,1,1,1,1,0,1,1,1,1,0,0.15084839,-0.29548645,0.94335938,0.15364075,-0.32106018,0.93450928,33.47003174,-0.77555847,-30.41651917,-24.94462585,-0.49832153,-23.14094543,0,0.0,3.26091003,3.26091003,0.86324954,0.72186649,1578642411852338,252509946224, HMD, -0.02534, 1.16659, 0.41391, 0.26309, -0.00372, -0.96405, -0.03709
3776155,1578642411862949,1,1,1,1,0,1,1,1,1,0,0.15084839,-0.29548645,0.94335938,0.15364075,-0.32106018,0.93450928,33.47003174,-0.77555847,-30.41651917,-24.94462585,-0.49832153,-23.14094543,0,0.0,3.26091003,3.26091003,0.86324954,0.72186649,1578642411871194,252510134936, HMD, -0.02497, 1.16641, 0.41410, 0.26476, -0.00416, -0.96357, -0.03765
3776163,1578642411866926,1,1,1,1,0,1,1,1,1,0,0.14463806,-0.27754211,0.94975281,0.14028931,-0.31582642,0.93836975,33.47398376,-0.76980591,-30.39123535,-24.92991638,-0.51264954,-23.23362732,0,0.0,3.17970276,3.17970276,0.86324954,0.72186649,1578642411871194,252510134936, HMD, -0.02497, 1.16641, 0.41410, 0.26476, -0.00416, -0.96357, -0.03765
3776163,1578642411870662,1,1,1,1,0,1,1,1,1,0,0.14463806,-0.27754211,0.94975281,0.14028931,-0.31582642,0.93836975,33.47398376,-0.76980591,-30.39123535,-24.92991638,-0.51264954,-23.23362732,0,0.0,3.17970276,3.17970276,0.86324954,0.72186649,1578642411871194,252510134936, HMD, -0.02497, 1.16641, 0.41410, 0.26476, -0.00416, -0.96357, -0.03765
3776171,1578642411874723,1,1,1,1,0,1,1,1,1,0,0.14959717,-0.27833557,0.94874573,0.16664124,-0.32026672,0.93254089,33.47592163,-0.80175781,-30.23249817,-25.09043884,-0.46887207,-23.31483459,0,0.0,3.18069458,3.18069458,0.84972799,0.72732425,1578642411874792,252510170766, HMD, -0.02489, 1.16638, 0.41414, 0.26510, -0.00421, -0.96347, -0.03775
3776171,1578642411880663,1,1,1,1,0,1,1,1,1,0,0.14611816,-0.28486633,0.94735718,0.13673401,-0.31408691,0.93948364,33.47525024,-0.83372498,-30.07376099,-24.98486328,-0.51611328,-23.20259094,0,0.0,3.18067932,3.18067932,0.84972799,0.72732425,1578642411876962,252510192480, HMD, -0.02485, 1.16636, 0.41416, 0.26530, -0.00423, -0.96342, -0.03781
3776180,1578642411886405,1,1,1,1,0,1,1,1,1,0,0.14611816,-0.28486633,0.94735718,0.13673401,-0.31408691,0.93948364,33.47525024,-0.83372498,-30.07376099,-24.98486328,-0.51611328,-23.20259094,0,0.0,3.18067932,3.18067932,0.84972799,0.72732425,1578642411890020,252510323048, HMD, -0.02461, 1.16621, 0.41427, 0.26656, -0.00430, -0.96305, -0.03814
3776188,1578642411890395,1,1,1,1,0,1,1,1,1,0,0.14405823,-0.2848053,0.94769287,0.14320374,-0.31903076,0.93685913,33.47460938,-0.83909607,-30.04756165,-25.00195313,-0.53721619,-23.13978577,0,0.0,3.15356445,3.15356445,0.86330295,0.72136509,1578642411890409,252510326933, HMD, -0.02460, 1.16621, 0.41428, 0.26660, -0.00430, -0.96304, -0.03815
3776188,1578642411895406,1,1,1,1,0,1,1,1,1,0,0.14405823,-0.2848053,0.94769287,0.14320374,-0.31903076,0.93685913,33.47460938,-0.83909607,-30.04756165,-25.00195313,-0.53721619,-23.13978577,0,0.0,3.15356445,3.15356445,0.86330295,0.72136509,1578642411893737,252510360210, HMD, -0.02453, 1.16617, 0.41431, 0.26691, -0.00432, -0.96295, -0.03825
3776196,1578642411899413,1,1,1,1,0,1,1,1,1,0,0.14196777,-0.28652954,0.94747925,0.13684082,-0.31111145,0.94046021,33.47398376,-0.8444519,-30.02137756,-25.03349304,-0.56906128,-23.05085754,0,0.0,3.1264801,3.1264801,0.86330295,0.72136509,1578642411903060,252510453459, HMD, -0.02438, 1.16609, 0.41443, 0.26781, -0.00432, -0.96269, -0.03851
3776196,1578642411903395,1,1,1,1,0,1,1,1,1,0,0.14196777,-0.28652954,0.94747925,0.13684082,-0.31111145,0.94046021,33.47398376,-0.8444519,-30.02137756,-25.03349304,-0.56906128,-23.05085754,0,0.0,3.1264801,3.1264801,0.86330295,0.72136509,1578642411903432,252510457169, HMD, -0.02437, 1.16608, 0.41443, 0.26785, -0.00432, -0.96268, -0.03852
3776205,1578642411907394,1,1,1,1,0,1,1,1,1,0,0.13711548,-0.28500366,0.94865417,0.13597107,-0.30632019,0.94215393,33.47271729,-0.85472107,-30.01647949,-25.06542969,-0.52233887,-23.31338501,0,0.0,3.14505005,3.14505005,0.84578753,0.7324729,1578642411906115,252510483992, HMD, -0.02432, 1.16604, 0.41446, 0.26811, -0.00434, -0.96260, -0.03859
3776205,1578642411911409,1,1,1,1,0,1,1,1,1,0,0.13711548,-0.28500366,0.94865417,0.13597107,-0.30632019,0.94215393,33.47271729,-0.85472107,-30.01647949,-25.06542969,-0.52233887,-23.31338501,0,0.0,3.14505005,3.14505005,0.84578753,0.7324729,1578642411906115,252510483992, HMD, -0.02432, 1.16604, 0.41446, 0.26811, -0.00434, -0.96260, -0.03859
3776213,1578642411915382,1,1,1,1,0,1,1,1,1,0,0.13243103,-0.28375244,0.94970703,0.14007568,-0.30226135,0.94287109,33.47145081,-0.86497498,-30.01156616,-25.07949829,-0.53393555,-23.22802734,0,0.0,3.12586975,3.12586975,0.84578753,0.7324729,1578642411920500,252510627869, HMD, -0.02405, 1.16582, 0.41458, 0.26954, -0.00448, -0.96219, -0.03900
3776213,1578642411919390,1,1,1,1,0,1,1,1,1,0,0.13243103,-0.28375244,0.94970703,0.14007568,-0.30226135,0.94287109,33.47145081,-0.86497498,-30.01156616,-25.07949829,-0.53393555,-23.22802734,0,0.0,3.12586975,3.12586975,0.84578753,0.7324729,1578642411920500,252510627869, HMD, -0.02405, 1.16582, 0.41458, 0.26954, -0.00448, -0.96219, -0.03900
3776221,1578642411923398,1,1,1,1,0,1,1,1,1,0,0.13227844,-0.28398132,0.949646,0.14360046,-0.2983551,0.943573,33.4682312,-0.86915588,-29.9992981,-25.09355164,-0.54553223,-23.14268494,0,0.0,3.1244812,3.1244812,0.85018873,0.71597803,1578642411923432,252510657165, HMD, -0.02398, 1.16576, 0.41460, 0.26984, -0.00451, -0.96210, -0.03908
3776221,1578642411927379,1,1,1,1,0,1,1,1,1,0,0.13227844,-0.28398132,0.949646,0.14360046,-0.2983551,0.943573,33.4682312,-0.86915588,-29.9992981,-25.09355164,-0.54553223,-23.14268494,0,0.0,3.1244812,3.1244812,0.85018873,0.71597803,1578642411924388,252510666724, HMD, -0.02396, 1.16574, 0.41460, 0.26995, -0.00452, -0.96207, -0.03912
3776230,1578642411931385,1,1,1,1,0,1,1,1,1,0,0.13212585,-0.28361511,0.94978333,0.14079285,-0.29800415,0.94410706,33.46499634,-0.87333679,-29.98703003,-25.09994507,-0.55081177,-23.1169281,0,0.0,3.1230011,3.1230011,0.85018873,0.71597803,1578642411933186,252510754704, HMD, -0.02379, 1.16559, 0.41467, 0.27086, -0.00466, -0.96180, -0.03938
3776230,1578642411936379,1,1,1,1,0,1,1,1,1,0,0.13212585,-0.28361511,0.94978333,0.14079285,-0.29800415,0.94410706,33.46499634,-0.87333679,-29.98703003,-25.09994507,-0.55081177,-23.1169281,0,0.0,3.1230011,3.1230011,0.85018873,0.71597803,1578642411936327,252510786116, HMD, -0.02373, 1.16553, 0.41469, 0.27119, -0.00472, -0.96170, -0.03947
3776238,1578642411940394,1,1,1,1,0,1,1,1,1,0,0.13142395,-0.28140259,0.95053101,0.13775635,-0.29983521,0.94398499,33.46315002,-0.88246155,-29.98590088,-25.10632324,-0.54774475,-23.11201477,0,0.0,3.10877991,3.10877991,0.84352052,0.73047924,1578642411936327,252510786116, HMD, -0.02373, 1.16553, 0.41469, 0.27119, -0.00472, -0.96170, -0.03947
3776238,1578642411945373,1,1,1,1,0,1,1,1,1,0,0.13142395,-0.28140259,0.95053101,0.13775635,-0.29983521,0.94398499,33.46315002,-0.88246155,-29.98590088,-25.10632324,-0.54774475,-23.11201477,0,0.0,3.10877991,3.10877991,0.84352052,0.73047924,1578642411945424,252510877082, HMD, -0.02349, 1.16533, 0.41471, 0.27218, -0.00487, -0.96141, -0.03979
3776246,1578642411949375,1,1,1,1,0,1,1,1,1,0,0.13069153,-0.28167725,0.95056152,0.12966919,-0.29060364,0.94799805,33.46131897,-0.88267517,-29.98703003,-25.17100525,-0.54222107,-23.11987305,0,0.0,3.09413147,3.09413147,0.84352052,0.73047924,1578642411948288,252510905724, HMD, -0.02343, 1.16528, 0.41472, 0.27248, -0.00493, -0.96132, -0.03989
3776246,1578642411953385,1,1,1,1,0,1,1,1,1,0,0.13069153,-0.28167725,0.95056152,0.12966919,-0.29060364,0.94799805,33.46131897,-0.88267517,-29.98703003,-25.17100525,-0.54222107,-23.11987305,0,0.0,3.09413147,3.09413147,0.84352052,0.73047924,1578642411948288,252510905724, HMD, -0.02343, 1.16528, 0.41472, 0.27248, -0.00493, -0.96132, -0.03989
3776255,1578642411957376,1,1,1,1,0,1,1,1,1,0,0.13053894,-0.28207397,0.95045471,0.12667847,-0.29389954,0.9473877,33.4594574,-0.88163757,-29.98982239,-25.18579102,-0.56262207,-23.04241943,0,0.0,3.09342957,3.09342957,0.84842938,0.72564167,1578642411959747,252511020318, HMD, -0.02324, 1.16502, 0.41476, 0.27374, -0.00514, -0.96094, -0.04034
3776255,1578642411961379,1,1,1,1,0,1,1,1,1,0,0.13053894,-0.28207397,0.95045471,0.12667847,-0.29389954,0.9473877,33.4594574,-0.88163757,-29.98982239,-25.18579102,-0.56262207,-23.04241943,0,0.0,3.09342957,3.09342957,0.84842938,0.72564167,1578642411961313,252511035974, HMD, -0.02321, 1.16498, 0.41477, 0.27391, -0.00517, -0.96089, -0.04041
3776263,1578642411965373,1,1,1,1,0,1,1,1,1,0,0.13040161,-0.2824707,0.95036316,0.12600708,-0.2947998,0.94720459,33.45759583,-0.88059998,-29.99261475,-25.19172668,-0.57666016,-22.99862671,0,0.0,3.09274292,3.09274292,0.84842938,0.72564167,1578642411962819,252511051037, HMD, -0.02323, 1.16497, 0.41477, 0.27407, -0.00519, -0.96084, -0.04047
3776263,1578642411969383,1,1,1,1,0,1,1,1,1,0,0.13040161,-0.2824707,0.95036316,0.12600708,-0.2947998,0.94720459,33.45759583,-0.88059998,-29.99261475,-25.19172668,-0.57666016,-22.99862671,0,0.0,3.09274292,3.09274292,0.84842938,0.72564167,1578642411973223,252511155101, HMD, -0.02304, 1.16476, 0.41479, 0.27523, -0.00536, -0.96049, -0.04101
3776271,1578642411975392,1,1,1,1,0,1,1,1,1,0,0.11312866,-0.27815247,0.95384216,0.12496948,-0.29302979,0.94789124,33.42430115,-0.85868835,-30.02418518,-25.19766235,-0.5753479,-23.01170349,0,0.0,2.99424744,2.99424744,0.84798378,0.73049778,1578642411975418,252511177029, HMD, -0.02300, 1.16471, 0.41480, 0.27548, -0.00541, -0.96041, -0.04113
3776271,1578642411979375,1,1,1,1,0,1,1,1,1,0,0.11312866,-0.27815247,0.95384216,0.12496948,-0.29302979,0.94789124,33.42430115,-0.85868835,-30.02418518,-25.19766235,-0.5753479,-23.01170349,0,0.0,2.99424744,2.99424744,0.84798378,0.73049778,1578642411977291,252511195762, HMD, -0.02294, 1.16468, 0.41482, 0.27569, -0.00545, -0.96035, -0.04123
3776280,1578642411984364,1,1,1,1,0,1,1,1,1,0,0.11459351,-0.29190063,0.94955444,0.12507629,-0.29193115,0.94821167,33.41207886,-0.79658508,-30.18286133,-25.20440674,-0.56898499,-23.02706909,0,0.0,3.05107117,3.05107117,0.84798378,0.73049778,1578642411977291,252511195762, HMD, -0.02294, 1.16468, 0.41482, 0.27569, -0.00545, -0.96035, -0.04123
3776288,1578642411988439,1,1,1,1,0,1,1,1,1,0,0.1159668,-0.28308105,0.95204163,0.12516785,-0.29084778,0.9485321,33.40205383,-0.76010132,-30.28625488,-25.21116638,-0.56262207,-23.04241943,0,0.0,3.00953674,3.00953674,0.84644079,0.72982866,1578642411994315,252511366005, HMD, -0.02270, 1.16430, 0.41482, 0.27762, -0.00576, -0.95974, -0.04236
3776288,1578642411992371,1,1,1,1,0,1,1,1,1,0,0.1159668,-0.28308105,0.95204163,0.12516785,-0.29084778,0.9485321,33.40205383,-0.76010132,-30.28625488,-25.21116638,-0.56262207,-23.04241943,0,0.0,3.00953674,3.00953674,0.84644079,0.72982866,1578642411994315,252511366005, HMD, -0.02270, 1.16430, 0.41482, 0.27762, -0.00576, -0.95974, -0.04236
3776296,1578642411996372,1,1,1,1,0,1,1,1,1,0,0.11479187,-0.28027344,0.95301819,0.11869812,-0.29005432,0.94960022,33.38813782,-0.71589661,-30.41923523,-25.21858215,-0.55375671,-23.06506348,0,0.0,2.98446655,2.98446655,0.84644079,0.72982866,1578642411996398,252511386826, HMD, -0.02266, 1.16425, 0.41482, 0.27787, -0.00580, -0.95966, -0.04252
3776296,1578642412000366,1,1,1,1,0,1,1,1,1,0,0.11479187,-0.28027344,0.95301819,0.11869812,-0.29005432,0.94960022,33.38813782,-0.71589661,-30.41923523,-25.21858215,-0.55375671,-23.06506348,0,0.0,2.98446655,2.98446655,0.84644079,0.72982866,1578642411997464,252511397487, HMD, -0.02264, 1.16422, 0.41482, 0.27798, -0.00582, -0.95962, -0.04260
3776296,1578642412005351,1,1,1,1,0,1,1,1,1,0,0.11479187,-0.28027344,0.95301819,0.11869812,-0.29005432,0.94960022,33.38813782,-0.71589661,-30.41923523,-25.21858215,-0.55375671,-23.06506348,0,0.0,2.98446655,2.98446655,0.84644079,0.72982866,1578642411997464,252511397487, HMD, -0.02264, 1.16422, 0.41482, 0.27798, -0.00582, -0.95962, -0.04260
3776305,1578642412009382,1,1,1,1,0,1,1,1,1,0,0.11248779,-0.27702332,0.95425415,0.11219788,-0.28926086,0.95063782,33.37716675,-0.69291687,-30.47692871,-25.22599792,-0.5448761,-23.08770752,0,0.0,3.00416565,3.00416565,0.84326434,0.73753291,1578642411997464,252511397487, HMD, -0.02264, 1.16422, 0.41482, 0.27798, -0.00582, -0.95962, -0.04260
3776305,1578642412013370,1,1,1,1,0,1,1,1,1,0,0.11248779,-0.27702332,0.95425415,0.11219788,-0.28926086,0.95063782,33.37716675,-0.69291687,-30.47692871,-25.22599792,-0.5448761,-23.08770752,0,0.0,3.00416565,3.00416565,0.84326434,0.73753291,1578642411997464,252511397487, HMD, -0.02264, 1.16422, 0.41482, 0.27798, -0.00582, -0.95962, -0.04260
3776313,1578642412017556,1,1,1,1,0,1,1,1,1,0,0.11129761,-0.28961182,0.95063782,0.11038208,-0.2787323,0.95399475,33.41047668,-0.73551941,-30.32382202,-25.24681091,-0.52761841,-23.10855103,0,0.0,2.9776001,2.9776001,0.84326434,0.73753291,1578642412037565,252511798526, HMD, -0.02192, 1.16322, 0.41459, 0.28251, -0.00666, -0.95814, -0.04587
3776313,1578642412023421,1,1,1,1,0,1,1,1,1,0,0.16746521,-0.28268433,0.94447327,0.14141846,-0.30157471,0.94288635,33.44763184,-1.286026,-28.80697632,-25.03852844,-0.57194519,-23.34761047,0,0.0,2.94789124,2.94789124,0.84326434,0.73753291,1578642412037565,252511798526, HMD, -0.02192, 1.16322, 0.41459, 0.28251, -0.00666, -0.95814, -0.04587
3776330,1578642412034349,1,1,1,1,0,1,1,1,1,0,0.21380615,-0.3147583,0.92475891,0.20602417,-0.32060242,0.92453003,33.66975403,-1.25959778,-29.00331116,-24.73249817,-0.76031494,-22.87191772,0,0.0,2.95855713,2.95855713,0.84657753,0.72385263,1578642412037565,252511798526, HMD, -0.02192, 1.16322, 0.41459, 0.28251, -0.00666, -0.95814, -0.04587
3776338,1578642412038399,1,1,1,1,0,1,1,1,1,0,0.24433899,-0.31248474,0.91795349,0.28335571,-0.32617188,0.90182495,33.89678955,-1.0657959,-29.7865448,-24.52096558,-0.68197632,-23.384552,0,0.0,2.94566345,2.94566345,0.82644218,0.62425214,1578642412038377,252511806614, HMD, -0.02190, 1.16320, 0.41458, 0.28260, -0.00668, -0.95811, -0.04593
3776338,1578642412043426,1,1,1,1,0,1,1,1,1,0,0.24433899,-0.31248474,0.91795349,0.28335571,-0.32617188,0.90182495,33.89678955,-1.0657959,-29.7865448,-24.52096558,-0.68197632,-23.384552,0,0.0,2.94566345,2.94566345,0.82644218,0.62425214,1578642412041200,252511834847, HMD, -0.02186, 1.16314, 0.41456, 0.28291, -0.00675, -0.95801, -0.04615
3776338,1578642412047413,1,1,1,1,0,1,1,1,1,0,0.28135681,-0.30932617,0.90837097,0.29322815,-0.31513977,0.90260315,34.06825256,-1.1084137,-29.77391052,-24.14976501,-0.59243774,-24.11582947,0,0.0,2.9196167,2.9196167,0.82644218,0.62425214,1578642412041200,252511834847, HMD, -0.02186, 1.16314, 0.41456, 0.28291, -0.00675, -0.95801, -0.04615
3776346,1578642412051437,1,1,1,1,0,1,1,1,1,0,0.28135681,-0.30932617,0.90837097,0.29322815,-0.31513977,0.90260315,34.06825256,-1.1084137,-29.77391052,-24.14976501,-0.59243774,-24.11582947,0,0.0,2.9196167,2.9196167,0.82644218,0.62425214,1578642412054777,252511970661, HMD, -0.02164, 1.16286, 0.41442, 0.28440, -0.00708, -0.95752, -0.04716
3776355,1578642412055435,1,1,1,1,0,1,1,1,1,0,0.34658813,-0.32699585,0.87916565,0.34584045,-0.31585693,0.8835144,34.16407776,-1.52250671,-28.34069824,-24.15415955,-0.73963928,-23.59977722,0,0.0,3.08743286,3.08743286,0.79609376,0.58784705,1578642412055503,252511977873, HMD, -0.02163, 1.16284, 0.41441, 0.28448, -0.00710, -0.95749, -0.04721
3776355,1578642412059419,1,1,1,1,0,1,1,1,1,0,0.34658813,-0.32699585,0.87916565,0.34584045,-0.31585693,0.8835144,34.16407776,-1.52250671,-28.34069824,-24.15415955,-0.73963928,-23.59977722,0,0.0,3.08743286,3.08743286,0.79609376,0.58784705,1578642412058302,252512005860, HMD, -0.02159, 1.16278, 0.41438, 0.28479, -0.00718, -0.95739, -0.04740
3776363,1578642412063419,1,1,1,1,0,1,1,1,1,0,0.3588562,-0.33618164,0.87072754,0.34896851,-0.30929565,0.88461304,34.1794281,-1.74085999,-27.63117981,-24.14080811,-0.82089233,-23.27838135,0,0.0,3.10519409,3.10519409,0.79609376,0.58784705,1578642412058302,252512005860, HMD, -0.02159, 1.16278, 0.41438, 0.28479, -0.00718, -0.95739, -0.04740
3776363,1578642412067412,1,1,1,1,0,1,1,1,1,0,0.3588562,-0.33618164,0.87072754,0.34896851,-0.30929565,0.88461304,34.1794281,-1.74085999,-27.63117981,-24.14080811,-0.82089233,-23.27838135,0,0.0,3.10519409,3.10519409,0.79609376,0.58784705,1578642412058302,252512005860, HMD, -0.02159, 1.16278, 0.41438, 0.28479, -0.00718, -0.95739, -0.04740
3776363,1578642412071417,1,1,1,1,0,1,1,1,1,0,0.33692932,-0.32106018,0.88508606,0.32211304,-0.309021,0.89483643,34.21774292,-1.41122437,-28.95121765,-24.0579071,-0.77099609,-23.49476624,0,0.0,3.0213623,3.0213623,0.79609376,0.58784705,1578642412084460,252512267485, HMD, -0.02121, 1.16227, 0.41405, 0.28756, -0.00799, -0.95647, -0.04912
3776371,1578642412076426,1,1,1,1,0,1,1,1,1,0,0.33692932,-0.32106018,0.88508606,0.32211304,-0.309021,0.89483643,34.21774292,-1.41122437,-28.95121765,-24.0579071,-0.77099609,-23.49476624,0,0.0,3.0213623,3.0213623,0.79899442,0.55786043,1578642412084460,252512267485, HMD, -0.02121, 1.16227, 0.41405, 0.28756, -0.00799, -0.95647, -0.04912
3776371,1578642412080421,1,1,1,1,0,1,1,1,1,0,0.33705139,-0.3195343,0.8855896,0.35057068,-0.31648254,0.88142395,34.2131958,-1.34014893,-29.17630005,-24.22935486,-0.86737061,-23.05841064,0,0.0,3.03852844,3.03852844,0.79899442,0.55786043,1578642412084460,252512267485, HMD, -0.02121, 1.16227, 0.41405, 0.28756, -0.00799, -0.95647, -0.04912
3776380,1578642412084405,1,1,1,1,0,1,1,1,1,0,0.33705139,-0.3195343,0.8855896,0.35057068,-0.31648254,0.88142395,34.2131958,-1.34014893,-29.17630005,-24.22935486,-0.86737061,-23.05841064,0,0.0,3.03852844,3.03852844,0.79899442,0.55786043,1578642412084460,252512267485, HMD, -0.02121, 1.16227, 0.41405, 0.28756, -0.00799, -0.95647, -0.04912
3776380,1578642412088417,1,1,1,1,0,1,1,1,1,0,0.33705139,-0.3195343,0.8855896,0.35057068,-0.31648254,0.88142395,34.2131958,-1.34014893,-29.17630005,-24.22935486,-0.86737061,-23.05841064,0,0.0,3.03852844,3.03852844,0.79899442,0.55786043,1578642412088123,252512304076, HMD, -0.02116, 1.16219, 0.41400, 0.28793, -0.00812, -0.95635, -0.04934
3776388,1578642412092749,1,1,1,1,0,1,1,1,1,0,0.33274841,-0.32122803,0.88661194,0.34680176,-0.32185364,0.88098145,34.21629333,-1.32022095,-29.2303772,-24.24462891,-0.85656738,-23.06272888,0,0.0,3.02249146,3.02249146,0.80972272,0.59386885,1578642412088123,252512304076, HMD, -0.02116, 1.16219, 0.41400, 0.28793, -0.00812, -0.95635, -0.04934
3776396,1578642412096705,1,1,1,1,0,1,1,1,1,0,0.32855225,-0.3218689,0.88793945,0.30938721,-0.3152771,0.8971405,34.21939087,-1.30027771,-29.2844696,-24.14610291,-0.68533325,-23.73472595,0,0.0,3.01054382,3.01054382,0.80972272,0.59386885,1578642412097802,252512400867, HMD, -0.02105, 1.16201, 0.41386, 0.28886, -0.00845, -0.95603, -0.04986
3776396,1578642412099828,1,1,1,1,0,1,1,1,1,0,0.32855225,-0.3218689,0.88793945,0.30938721,-0.3152771,0.8971405,34.21939087,-1.30027771,-29.2844696,-24.14610291,-0.68533325,-23.73472595,0,0.0,3.01054382,3.01054382,0.80972272,0.59386885,1578642412099779,252512420636, HMD, -0.02103, 1.16198, 0.41383, 0.28905, -0.00852, -0.95597, -0.04997
3776396,1578642412103051,1,1,1,1,0,1,1,1,1,0,0.32855225,-0.3218689,0.88793945,0.30938721,-0.3152771,0.8971405,34.21939087,-1.30027771,-29.2844696,-24.14610291,-0.68533325,-23.73472595,0,0.0,3.01054382,3.01054382,0.80972272,0.59386885,1578642412102076,252512443605, HMD, -0.02096, 1.16191, 0.41380, 0.28924, -0.00860, -0.95591, -0.05009
3776405,1578642412107063,1,1,1,1,0,1,1,1,1,0,0.32562256,-0.32073975,0.88941956,0.30891418,-0.30865479,0.89959717,34.22296143,-1.26673889,-29.38096619,-24.18414307,-0.62828064,-23.88442993,0,0.0,3.00514221,3.00514221,0.81667066,0.57774663,1578642412102076,252512443605, HMD, -0.02096, 1.16191, 0.41380, 0.28924, -0.00860, -0.95591, -0.05009
3776405,1578642412111101,1,1,1,1,0,1,1,1,1,0,0.32562256,-0.32073975,0.88941956,0.30891418,-0.30865479,0.89959717,34.22296143,-1.26673889,-29.38096619,-24.18414307,-0.62828064,-23.88442993,0,0.0,3.00514221,3.00514221,0.81667066,0.57774663,1578642412113282,252512555674, HMD, -0.02083, 1.16172, 0.41362, 0.29024, -0.00897, -0.95557, -0.05065
3776413,1578642412116353,1,1,1,1,0,1,1,1,1,0,0.32273865,-0.31954956,0.89089966,0.3074646,-0.31144714,0.8991394,34.22653198,-1.23320007,-29.47747803,-24.19966125,-0.60266113,-23.92431641,0,0.0,3.0002594,3.0002594,0.81667066,0.57774663,1578642412116234,252512585188, HMD, -0.02080, 1.16167, 0.41357, 0.29048, -0.00906, -0.95549, -0.05079
3776413,1578642412120704,1,1,1,1,0,1,1,1,1,0,0.32273865,-0.31954956,0.89089966,0.3074646,-0.31144714,0.8991394,34.22653198,-1.23320007,-29.47747803,-24.19966125,-0.60266113,-23.92431641,0,0.0,3.0002594,3.0002594,0.81667066,0.57774663,1578642412124791,252512670759, HMD, -0.02066, 1.16153, 0.41342, 0.29116, -0.00937, -0.95526, -0.05117
3776421,1578642412124965,1,1,1,1,0,1,1,1,1,0,0.32052612,-0.31604004,0.89294434,0.30677795,-0.30958557,0.90000916,34.22842407,-1.2109375,-29.53627014,-24.20410156,-0.59446716,-23.94587708,0,0.0,2.96514893,2.96514893,0.81642646,0.61220127,1578642412124922,252512672062, HMD, -0.02065, 1.16153, 0.41342, 0.29117, -0.00937, -0.95526, -0.05118
3776421,1578642412128949,1,1,1,1,0,1,1,1,1,0,0.32052612,-0.31604004,0.89294434,0.30677795,-0.30958557,0.90000916,34.22842407,-1.2109375,-29.53627014,-24.20410156,-0.59446716,-23.94587708,0,0.0,2.96514893,2.96514893,0.81642646,0.61220127,1578642412127900,252512701841, HMD, -0.02063, 1.16148, 0.41337, 0.29139, -0.00948, -0.95518, -0.05130
3776430,1578642412132022,1,1,1,1,0,1,1,1,1,0,0.31834412,-0.31253052,0.8949585,0.30548096,-0.30784607,0.90104675,34.2303009,-1.18865967,-29.59506226,-24.20855713,-0.58628845,-23.967453,0,0.0,2.93037415,2.93037415,0.81642646,0.61220127,1578642412127900,252512701841, HMD, -0.02063, 1.16148, 0.41337, 0.29139, -0.00948, -0.95518, -0.05130
3776430,1578642412136035,1,1,1,1,0,1,1,1,1,0,0.31834412,-0.31253052,0.8949585,0.30548096,-0.30784607,0.90104675,34.2303009,-1.18865967,-29.59506226,-24.20855713,-0.58628845,-23.967453,0,0.0,2.93037415,2.93037415,0.81642646,0.61220127,1578642412139669,252512819537, HMD, -0.02053, 1.16130, 0.41316, 0.29228, -0.00985, -0.95488, -0.05173
3776438,1578642412140012,1,1,1,1,0,1,1,1,1,0,0.31661987,-0.31526184,0.89460754,0.30545044,-0.30619812,0.90162659,34.23127747,-1.16789246,-29.64581299,-24.21403503,-0.5786438,-23.97155762,0,0.0,2.92709351,2.92709351,0.82718199,0.60841346,1578642412140047,252512823311, HMD, -0.02053, 1.16130, 0.41315, 0.29231, -0.00986, -0.95487, -0.05174
3776438,1578642412143060,1,1,1,1,0,1,1,1,1,0,0.31661987,-0.31526184,0.89460754,0.30545044,-0.30619812,0.90162659,34.23127747,-1.16789246,-29.64581299,-24.21403503,-0.5786438,-23.97155762,0,0.0,2.92709351,2.92709351,0.82718199,0.60841346,1578642412142898,252512851827, HMD, -0.02050, 1.16126, 0.41310, 0.29250, -0.00995, -0.95481, -0.05184
3776446,1578642412147066,1,1,1,1,0,1,1,1,1,0,0.31498718,-0.3150177,0.89527893,0.30543518,-0.30514526,0.90197754,34.23226929,-1.14712524,-29.69654846,-24.21949768,-0.57099915,-23.97567749,0,0.0,2.92410278,2.92410278,0.82718199,0.60841346,1578642412142898,252512851827, HMD, -0.02050, 1.16126, 0.41310, 0.29250, -0.00995, -0.95481, -0.05184
3776446,1578642412150957,1,1,1,1,0,1,1,1,1,0,0.31498718,-0.3150177,0.89527893,0.30543518,-0.30514526,0.90197754,34.23226929,-1.14712524,-29.69654846,-24.21949768,-0.57099915,-23.97567749,0,0.0,2.92410278,2.92410278,0.82718199,0.60841346,1578642412152906,252512951917, HMD, -0.02043, 1.16114, 0.41293, 0.29316, -0.01025, -0.95458, -0.05217
3776455,1578642412155982,1,1,1,1,0,1,1,1,1,0,0.31385803,-0.31455994,0.89582825,0.30197144,-0.30453491,0.90335083,34.2323761,-1.13221741,-29.73327637,-24.22195435,-0.57472229,-23.97155762,0,0.0,2.90330505,2.90330505,0.82176739,0.61764139,1578642412155997,252512982811, HMD, -0.02041, 1.16110, 0.41287, 0.29335, -0.01035, -0.95452, -0.05226
3776455,1578642412159976,1,1,1,1,0,1,1,1,1,0,0.31385803,-0.31455994,0.89582825,0.30197144,-0.30453491,0.90335083,34.2323761,-1.13221741,-29.73327637,-24.22195435,-0.57472229,-23.97155762,0,0.0,2.90330505,2.90330505,0.82176739,0.61764139,1578642412156572,252512988561, HMD, -0.02041, 1.16109, 0.41286, 0.29338, -0.01037, -0.95451, -0.05228
3776463,1578642412164973,1,1,1,1,0,1,1,1,1,0,0.31278992,-0.31410217,0.8963623,0.29884338,-0.3039093,0.90460205,34.23248291,-1.11732483,-29.76998901,-24.22441101,-0.57843018,-23.967453,0,0.0,2.88226318,2.88226318,0.82176739,0.61764139,1578642412164893,252513071777, HMD, -0.02040, 1.16104, 0.41272, 0.29393, -0.01063, -0.95432, -0.05251
3776463,1578642412168989,1,1,1,1,0,1,1,1,1,0,0.31278992,-0.31410217,0.8963623,0.29884338,-0.3039093,0.90460205,34.23248291,-1.11732483,-29.76998901,-24.22441101,-0.57843018,-23.967453,0,0.0,2.88226318,2.88226318,0.82176739,0.61764139,1578642412168189,252513104735, HMD, -0.02038, 1.16100, 0.41266, 0.29414, -0.01072, -0.95425, -0.05259
3776471,1578642412173040,1,1,1,1,0,1,1,1,1,0,0.31164551,-0.31391907,0.89683533,0.29884338,-0.3037262,0.90466309,34.23269653,-1.10333252,-29.81185913,-24.23176575,-0.58235168,-23.94587708,0,0.0,2.88043213,2.88043213,0.83781546,0.64077979,1578642412168189,252513104735, HMD, -0.02038, 1.16100, 0.41266, 0.29414, -0.01072, -0.95425, -0.05259
3776471,1578642412177051,1,1,1,1,0,1,1,1,1,0,0.31164551,-0.31391907,0.89683533,0.29884338,-0.3037262,0.90466309,34.23269653,-1.10333252,-29.81185913,-24.23176575,-0.58235168,-23.94587708,0,0.0,2.88043213,2.88043213,0.83781546,0.64077979,1578642412180486,252513227757, HMD, -0.02030, 1.16088, 0.41245, 0.29486, -0.01108, -0.95401, -0.05290
3776480,1578642412181111,1,1,1,1,0,1,1,1,1,0,0.31065369,-0.31378174,0.8972168,0.29876709,-0.30351257,0.9047699,34.23248291,-1.08932495,-29.85372925,-24.23913574,-0.58628845,-23.92431641,0,0.0,2.87869263,2.87869263,0.83781546,0.64077979,1578642412181073,252513233578, HMD, -0.02029, 1.16087, 0.41244, 0.29490, -0.01109, -0.95400, -0.05292
3776488,1578642412197160,1,1,1,1,0,1,1,1,1,0,0.30645752,-0.31448364,0.89842224,0.29692078,-0.30067444,0.90631104,34.23226929,-1.06088257,-29.94285583,-24.24861145,-0.59672546,-23.8830719,0,0.0,2.85734558,2.85734558,0.82951337,0.63279754,1578642412186827,252513291116, HMD, -0.02030, 1.16083, 0.41234, 0.29522, -0.01122, -0.95389, -0.05303
3776496,1578642412201140,1,1,1,1,0,1,1,1,1,0,0.30645752,-0.31448364,0.89842224,0.29692078,-0.30067444,0.90631104,34.23226929,-1.06088257,-29.94285583,-24.24861145,-0.59672546,-23.8830719,0,0.0,2.85734558,2.85734558,0.82951337,0.63279754,1578642412213337,252513556218, HMD, -0.02016, 1.16059, 0.41190, 0.29642, -0.01187, -0.95348, -0.05367
3776496,1578642412206007,1,1,1,1,0,1,1,1,1,0,0.29992676,-0.31498718,0.90045166,0.29866028,-0.30155945,0.90545654,34.23226929,-0.98291016,-30.19326782,-24.25535583,-0.59892273,-23.84120178,0,0.0,2.81149292,2.81149292,0.82951337,0.63279754,1578642412213337,252513556218, HMD, -0.02016, 1.16059, 0.41190, 0.29642, -0.01187, -0.95348, -0.05367
3776505,1578642412210010,1,1,1,1,0,1,1,1,1,0,0.29992676,-0.31498718,0.90045166,0.29866028,-0.30155945,0.90545654,34.23226929,-0.98291016,-30.19326782,-24.25535583,-0.59892273,-23.84120178,0,0.0,2.81149292,2.81149292,0.83113247,0.62898815,1578642412213337,252513556218, HMD, -0.02016, 1.16059, 0.41190, 0.29642, -0.01187, -0.95348, -0.05367
3776513,1578642412215054,1,1,1,1,0,1,1,1,1,0,0.2973938,-0.31652832,0.90074158,0.30038452,-0.30247498,0.90457153,34.23226929,-0.94696045,-30.23146057,-24.26210022,-0.60112,-23.79934692,0,0.0,2.77638245,2.77638245,0.83113247,0.62898815,1578642412215064,252513573479, HMD, -0.02015, 1.16057, 0.41187, 0.29649, -0.01190, -0.95345, -0.05371
3776513,1578642412219073,1,1,1,1,0,1,1,1,1,0,0.2973938,-0.31652832,0.90074158,0.30038452,-0.30247498,0.90457153,34.23226929,-0.94696045,-30.23146057,-24.26210022,-0.60112,-23.79934692,0,0.0,2.77638245,2.77638245,0.83113247,0.62898815,1578642412216324,252513586083, HMD, -0.02015, 1.16056, 0.41185, 0.29654, -0.01193, -0.95343, -0.05374
3776521,1578642412223064,1,1,1,1,0,1,1,1,1,0,0.29707336,-0.31164551,0.90255737,0.29875183,-0.30265808,0.90505981,34.23226929,-0.93913269,-30.26974487,-24.2684021,-0.60188293,-23.77561951,0,0.0,2.76350403,2.76350403,0.83055598,0.63128293,1578642412228131,252513704177, HMD, -0.02013, 1.16043, 0.41162, 0.29700, -0.01213, -0.95327, -0.05403
3776521,1578642412227053,1,1,1,1,0,1,1,1,1,0,0.29707336,-0.31164551,0.90255737,0.29875183,-0.30265808,0.90505981,34.23226929,-0.93913269,-30.26974487,-24.2684021,-0.60188293,-23.77561951,0,0.0,2.76350403,2.76350403,0.83055598,0.63128293,1578642412228131,252513704177, HMD, -0.02013, 1.16043, 0.41162, 0.29700, -0.01213, -0.95327, -0.05403
3776530,1578642412231051,1,1,1,1,0,1,1,1,1,0,0.29664612,-0.30960083,0.90339661,0.29719543,-0.30288696,0.90548706,34.2303009,-0.93791199,-30.30413818,-24.27471924,-0.60266113,-23.75187683,0,0.0,2.7585144,2.7585144,0.83055598,0.63128293,1578642412231088,252513733722, HMD, -0.02012, 1.16041, 0.41157, 0.29713, -0.01219, -0.95323, -0.05412
3776546,1578642412252013,1,1,1,1,0,1,1,1,1,0,0.29359436,-0.31025696,0.9041748,0.29455566,-0.30021667,0.90724182,34.2288208,-0.92428589,-30.33320618,-24.29072571,-0.60765076,-23.75187683,0,0.0,2.71287537,2.71287537,0.84502834,0.6218003,1578642412257504,252513997919, HMD, -0.02013, 1.16012, 0.41102, 0.29806, -0.01270, -0.95288, -0.05492
3776555,1578642412256283,1,1,1,1,0,1,1,1,1,0,0.28933716,-0.31188965,0.90498352,0.29232788,-0.29949951,0.90820313,34.2288208,-0.89707947,-30.40431213,-24.30331421,-0.62535095,-23.69812012,0,0.0,2.69744873,2.69744873,0.84062928,0.64262116,1578642412257504,252513997919, HMD, -0.02013, 1.16012, 0.41102, 0.29806, -0.01270, -0.95288, -0.05492
3776555,1578642412260271,1,1,1,1,0,1,1,1,1,0,0.28933716,-0.31188965,0.90498352,0.29232788,-0.29949951,0.90820313,34.2288208,-0.89707947,-30.40431213,-24.30331421,-0.62535095,-23.69812012,0,0.0,2.69744873,2.69744873,0.84062928,0.64262116,1578642412260326,252514026108, HMD, -0.02013, 1.16009, 0.41096, 0.29815, -0.01276, -0.95285, -0.05503
3776563,1578642412264754,1,1,1,1,0,1,1,1,1,0,0.28579712,-0.3120575,0.90605164,0.29248047,-0.29956055,0.90812683,34.22827148,-0.89707947,-30.40431213,-24.30747986,-0.62535095,-23.69812012,0,0.0,2.6907959,2.6907959,0.84062928,0.64262116,1578642412260923,252514032076, HMD, -0.02013, 1.16008, 0.41095, 0.29817, -0.01276, -0.95284, -0.05505
3776563,1578642412268773,1,1,1,1,0,1,1,1,1,0,0.28579712,-0.3120575,0.90605164,0.29248047,-0.29956055,0.90812683,34.22827148,-0.89707947,-30.40431213,-24.30747986,-0.62535095,-23.69812012,0,0.0,2.6907959,2.6907959,0.84062928,0.64262116,1578642412275020,252514173064, HMD, -0.02011, 1.15994, 0.41067, 0.29860, -0.01300, -0.95267, -0.05559
3776571,1578642412272072,1,1,1,1,0,1,1,1,1,0,0.28598022,-0.31248474,0.90583801,0.29238892,-0.29933167,0.90823364,34.2260437,-0.89707947,-30.40431213,-24.31517029,-0.62535095,-23.69812012,0,0.0,2.67790222,2.67790222,0.83616155,0.6489976,1578642412275020,252514173064, HMD, -0.02011, 1.15994, 0.41067, 0.29860, -0.01300, -0.95267, -0.05559
3776571,1578642412276078,1,1,1,1,0,1,1,1,1,0,0.28598022,-0.31248474,0.90583801,0.29238892,-0.29933167,0.90823364,34.2260437,-0.89707947,-30.40431213,-24.31517029,-0.62535095,-23.69812012,0,0.0,2.67790222,2.67790222,0.83616155,0.6489976,1578642412276113,252514183975, HMD, -0.02011, 1.15993, 0.41065, 0.29864, -0.01302, -0.95265, -0.05563
3776571,1578642412280065,1,1,1,1,0,1,1,1,1,0,0.28598022,-0.31248474,0.90583801,0.29238892,-0.29933167,0.90823364,34.2260437,-0.89707947,-30.40431213,-24.31517029,-0.62535095,-23.69812012,0,0.0,2.67790222,2.67790222,0.83616155,0.6489976,1578642412278787,252514210709, HMD, -0.02013, 1.15989, 0.41058, 0.29874, -0.01309, -0.95262, -0.05573
3776580,1578642412284076,1,1,1,1,0,1,1,1,1,0,0.28375244,-0.31280518,0.90643311,0.29196167,-0.29844666,0.90866089,34.2244873,-0.89707947,-30.40431213,-24.32467651,-0.62535095,-23.69812012,0,0.0,2.66171265,2.66171265,0.83616155,0.6489976,1578642412287747,252514300327, HMD, -0.02017, 1.15982, 0.41040, 0.29905, -0.01326, -0.95250, -0.05610
3776580,1578642412288091,1,1,1,1,0,1,1,1,1,0,0.28375244,-0.31280518,0.90643311,0.29196167,-0.29844666,0.90866089,34.2244873,-0.89707947,-30.40431213,-24.32467651,-0.62535095,-23.69812012,0,0.0,2.66171265,2.66171265,0.83616155,0.6489976,1578642412288234,252514305203, HMD, -0.02017, 1.15981, 0.41039, 0.29906, -0.01327, -0.95249, -0.05611
3776588,1578642412293063,1,1,1,1,0,1,1,1,1,0,0.28401184,-0.31358337,0.90608215,0.29333496,-0.29840088,0.90823364,34.2244873,-0.90222168,-30.3755188,-24.32948303,-0.62768555,-23.67356873,0,0.0,2.66268921,2.66268921,0.84060371,0.63524079,1578642412291906,252514341907, HMD, -0.02017, 1.15978, 0.41031, 0.29918, -0.01334, -0.95244, -0.05626
3776596,1578642412297073,1,1,1,1,0,1,1,1,1,0,0.28414917,-0.31318665,0.90617371,0.29234314,-0.29737854,0.90888977,34.2244873,-0.92428589,-30.30664063,-24.33099365,-0.62768555,-23.67356873,0,0.0,2.66207886,2.66207886,0.84060371,0.63524079,1578642412300351,252514426359, HMD, -0.02018, 1.15969, 0.41010, 0.29948, -0.01351, -0.95233, -0.05659
3776596,1578642412301053,1,1,1,1,0,1,1,1,1,0,0.28414917,-0.31318665,0.90617371,0.29234314,-0.29737854,0.90888977,34.2244873,-0.92428589,-30.30664063,-24.33099365,-0.62768555,-23.67356873,0,0.0,2.66207886,2.66207886,0.84060371,0.63524079,1578642412301011,252514432952, HMD, -0.02018, 1.15968, 0.41009, 0.29950, -0.01352, -0.95232, -0.05661
3776605,1578642412305072,1,1,1,1,0,1,1,1,1,0,0.28462219,-0.31283569,0.90614319,0.29243469,-0.29295349,0.91029358,34.2244873,-0.92752075,-30.30413818,-24.33204651,-0.62768555,-23.68109131,0,0.0,2.66441345,2.66441345,0.84466439,0.63702935,1578642412303946,252514462309, HMD, -0.02023, 1.15965, 0.41003, 0.29958, -0.01358, -0.95229, -0.05673
3776605,1578642412309060,1,1,1,1,0,1,1,1,1,0,0.28462219,-0.31283569,0.90614319,0.29243469,-0.29295349,0.91029358,34.2244873,-0.92752075,-30.30413818,-24.33204651,-0.62768555,-23.68109131,0,0.0,2.66441345,2.66441345,0.84466439,0.63702935,1578642412303946,252514462309, HMD, -0.02023, 1.15965, 0.41003, 0.29958, -0.01358, -0.95229, -0.05673
3776613,1578642412314047,1,1,1,1,0,1,1,1,1,0,0.28494263,-0.31454468,0.90545654,0.29206848,-0.29194641,0.91073608,34.2244873,-0.92752075,-30.26974487,-24.33204651,-0.62768555,-23.68109131,0,0.0,2.66413879,2.66413879,0.84466439,0.63702935,1578642412314262,252514565469, HMD, -0.02023, 1.15957, 0.40979, 0.29998, -0.01378, -0.95213, -0.05712
3776613,1578642412318064,1,1,1,1,0,1,1,1,1,0,0.28494263,-0.31454468,0.90545654,0.29206848,-0.29194641,0.91073608,34.2244873,-0.92752075,-30.26974487,-24.33204651,-0.62768555,-23.68109131,0,0.0,2.66413879,2.66413879,0.84466439,0.63702935,1578642412317152,252514594362, HMD, -0.02021, 1.15955, 0.40973, 0.30010, -0.01384, -0.95209, -0.05723
3776621,1578642412322078,1,1,1,1,0,1,1,1,1,0,0.28318787,-0.31225586,0.90679932,0.29193115,-0.29173279,0.9108429,34.22695923,-0.93641663,-30.23146057,-24.33204651,-0.62768555,-23.68109131,0,0.0,2.66256714,2.66256714,0.84070122,0.63022208,1578642412326697,252514689827, HMD, -0.02025, 1.15950, 0.40955, 0.30049, -0.01400, -0.95194, -0.05760
3776621,1578642412326059,1,1,1,1,0,1,1,1,1,0,0.28318787,-0.31225586,0.90679932,0.29193115,-0.29173279,0.9108429,34.22695923,-0.93641663,-30.23146057,-24.33204651,-0.62768555,-23.68109131,0,0.0,2.66256714,2.66256714,0.84070122,0.63022208,1578642412326697,252514689827, HMD, -0.02025, 1.15950, 0.40955, 0.30049, -0.01400, -0.95194, -0.05760
3776621,1578642412330047,1,1,1,1,0,1,1,1,1,0,0.28318787,-0.31225586,0.90679932,0.29193115,-0.29173279,0.9108429,34.22695923,-0.93641663,-30.23146057,-24.33204651,-0.62768555,-23.68109131,0,0.0,2.66256714,2.66256714,0.84070122,0.63022208,1578642412329697,252514719818, HMD, -0.02025, 1.15949, 0.40948, 0.30063, -0.01406, -0.95189, -0.05771
3776630,1578642412334069,1,1,1,1,0,1,1,1,1,0,0.28401184,-0.31428528,0.90583801,0.29212952,-0.28990173,0.91137695,34.22827148,-0.92698669,-30.23146057,-24.33204651,-0.62768555,-23.68109131,0,0.0,2.66293335,2.66293335,0.84070122,0.63022208,1578642412329697,252514719818, HMD, -0.02025, 1.15949, 0.40948, 0.30063, -0.01406, -0.95189, -0.05771
3776630,1578642412338058,1,1,1,1,0,1,1,1,1,0,0.28401184,-0.31428528,0.90583801,0.29212952,-0.28990173,0.91137695,34.22827148,-0.92698669,-30.23146057,-24.33204651,-0.62768555,-23.68109131,0,0.0,2.66293335,2.66293335,0.84070122,0.63022208,1578642412329697,252514719818, HMD, -0.02025, 1.15949, 0.40948, 0.30063, -0.01406, -0.95189, -0.05771
3776638,1578642412345089,1,1,1,1,0,1,1,1,1,0,0.28385925,-0.30718994,0.90830994,0.29145813,-0.28910828,0.91183472,34.2288208,-0.92428589,-30.24961853,-24.33204651,-0.62768555,-23.68109131,0,0.0,2.66300964,2.66300964,0.83611262,0.62550211,1578642412346523,252514888095, HMD, -0.02030, 1.15941, 0.40909, 0.30138, -0.01428, -0.95161, -0.05828
3776646,1578642412349039,1,1,1,1,0,1,1,1,1,0,0.28189087,-0.30993652,0.9079895,0.29081726,-0.28741455,0.9125824,34.22964478,-0.907547,-30.24961853,-24.33204651,-0.62768555,-23.68109131,0,0.0,2.66348267,2.66348267,0.83611262,0.62550211,1578642412348993,252514912771, HMD, -0.02030, 1.15939, 0.40903, 0.30150, -0.01432, -0.95157, -0.05837
3776646,1578642412354051,1,1,1,1,0,1,1,1,1,0,0.28189087,-0.30993652,0.9079895,0.29081726,-0.28741455,0.9125824,34.22964478,-0.907547,-30.24961853,-24.33204651,-0.62768555,-23.68109131,0,0.0,2.66348267,2.66348267,0.83611262,0.62550211,1578642412349617,252514919009, HMD, -0.02030, 1.15939, 0.40902, 0.30153, -0.01433, -0.95156, -0.05839
3776655,1578642412358057,1,1,1,1,0,1,1,1,1,0,0.28163147,-0.30992126,0.90808105,0.28933716,-0.28749084,0.9130249,34.23059082,-0.907547,-30.24961853,-24.33204651,-0.62786865,-23.67356873,0,0.0,2.66412354,2.66412354,0.84049684,0.63658601,1578642412365084,252515073680, HMD, -0.02030, 1.15937, 0.40866, 0.30228, -0.01453, -0.95129, -0.05890
3776655,1578642412362049,1,1,1,1,0,1,1,1,1,0,0.28163147,-0.30992126,0.90808105,0.28933716,-0.28749084,0.9130249,34.23059082,-0.907547,-30.24961853,-24.33204651,-0.62786865,-23.67356873,0,0.0,2.66412354,2.66412354,0.84049684,0.63658601,1578642412365084,252515073680, HMD, -0.02030, 1.15937, 0.40866, 0.30228, -0.01453, -0.95129, -0.05890
3776663,1578642412366044,1,1,1,1,0,1,1,1,1,0,0.27996826,-0.30473328,0.91035461,0.28924561,-0.2865448,0.91334534,34.2381897,-0.907547,-30.24961853,-24.33204651,-0.62786865,-23.66903687,0,0.0,2.67160034,2.67160034,0.84049684,0.63658601,1578642412366098,252515083827, HMD, -0.02030, 1.15937, 0.40863, 0.30233, -0.01454, -0.95127, -0.05894
3776663,1578642412370043,1,1,1,1,0,1,1,1,1,0,0.27996826,-0.30473328,0.91035461,0.28924561,-0.2865448,0.91334534,34.2381897,-0.907547,-30.24961853,-24.33204651,-0.62786865,-23.66903687,0,0.0,2.67160034,2.67160034,0.84049684,0.63658601,1578642412368333,252515106169, HMD, -0.02030, 1.15936, 0.40858, 0.30245, -0.01457, -0.95122, -0.05901
3776671,1578642412375047,1,1,1,1,0,1,1,1,1,0,0.27958679,-0.30418396,0.91064453,0.28610229,-0.28649902,0.91435242,34.23825073,-0.907547,-30.24961853,-24.33204651,-0.62786865,-23.66903687,0,0.0,2.67184448,2.67184448,0.83269417,0.6350916,1578642412380309,252515225990, HMD, -0.02029, 1.15932, 0.40829, 0.30309, -0.01470, -0.95099, -0.05941
3776671,1578642412379044,1,1,1,1,0,1,1,1,1,0,0.27958679,-0.30418396,0.91064453,0.28610229,-0.28649902,0.91435242,34.23825073,-0.907547,-30.24961853,-24.33204651,-0.62786865,-23.66903687,0,0.0,2.67184448,2.67184448,0.83269417,0.6350916,1578642412380309,252515225990, HMD, -0.02029, 1.15932, 0.40829, 0.30309, -0.01470, -0.95099, -0.05941
3776680,1578642412383028,1,1,1,1,0,1,1,1,1,0,0.27949524,-0.30381775,0.91079712,0.28536987,-0.2878418,0.91415405,34.23825073,-0.907547,-30.24961853,-24.33204651,-0.62010193,-23.67356873,0,0.0,2.6754303,2.6754303,0.83269417,0.6350916,1578642412382982,252515252662, HMD, -0.02027, 1.15932, 0.40822, 0.30323, -0.01473, -0.95094, -0.05950
3776680,1578642412387033,1,1,1,1,0,1,1,1,1,0,0.27949524,-0.30381775,0.91079712,0.28536987,-0.2878418,0.91415405,34.23825073,-0.907547,-30.24961853,-24.33204651,-0.62010193,-23.67356873,0,0.0,2.6754303,2.6754303,0.83269417,0.6350916,1578642412384141,252515264257, HMD, -0.02026, 1.15932, 0.40819, 0.30330, -0.01473, -0.95092, -0.05957
3776688,1578642412391035,1,1,1,1,0,1,1,1,1,0,0.27941895,-0.300354,0.91197205,0.28495789,-0.28634644,0.9147644,34.23825073,-0.90222168,-30.26872253,-24.3331604,-0.62010193,-23.67356873,0,0.0,2.67939758,2.67939758,0.83979696,0.63300675,1578642412395314,252515376003, HMD, -0.02024, 1.15930, 0.40792, 0.30390, -0.01478, -0.95070, -0.06000
3776688,1578642412396032,1,1,1,1,0,1,1,1,1,0,0.27941895,-0.300354,0.91197205,0.28495789,-0.28634644,0.9147644,34.23825073,-0.90222168,-30.26872253,-24.3331604,-0.62010193,-23.67356873,0,0.0,2.67939758,2.67939758,0.83979696,0.63300675,1578642412395986,252515382701, HMD, -0.02024, 1.15930, 0.40790, 0.30393, -0.01478, -0.95069, -0.06003
3776696,1578642412400022,1,1,1,1,0,1,1,1,1,0,0.27819824,-0.29620361,0.91369629,0.28433228,-0.28407288,0.91566467,34.23825073,-0.89897156,-30.33644104,-24.3331604,-0.62010193,-23.67356873,0,0.0,2.6882782,2.6882782,0.83979696,0.63300675,1578642412398635,252515409193, HMD, -0.02023, 1.15930, 0.40783, 0.30408, -0.01478, -0.95063, -0.06013
3776705,1578642412405021,1,1,1,1,0,1,1,1,1,0,0.27812195,-0.30079651,0.91221619,0.28349304,-0.27990723,0.91720581,34.23825073,-0.87374878,-30.34388733,-24.3331604,-0.62010193,-23.67356873,0,0.0,2.70576477,2.70576477,0.84298313,0.63629425,1578642412398635,252515409193, HMD, -0.02023, 1.15930, 0.40783, 0.30408, -0.01478, -0.95063, -0.06013
3776705,1578642412409037,1,1,1,1,0,1,1,1,1,0,0.27812195,-0.30079651,0.91221619,0.28349304,-0.27990723,0.91720581,34.23825073,-0.87374878,-30.34388733,-24.3331604,-0.62010193,-23.67356873,0,0.0,2.70576477,2.70576477,0.84298313,0.63629425,1578642412414841,252515571260, HMD, -0.02016, 1.15930, 0.40741, 0.30497, -0.01469, -0.95030, -0.06087
3776713,1578642412416029,1,1,1,1,0,1,1,1,1,0,0.27365112,-0.27427673,0.921875,0.29441833,-0.28887939,0.91096497,34.22547913,-0.88493347,-30.18486023,-24.43614197,-0.78338623,-22.79415894,0,0.0,2.82794189,2.82794189,0.84298313,0.63629425,1578642412416084,252515583689, HMD, -0.02015, 1.15930, 0.40738, 0.30503, -0.01467, -0.95028, -0.06093
3776713,1578642412420028,1,1,1,1,0,1,1,1,1,0,0.27365112,-0.27427673,0.921875,0.29441833,-0.28887939,0.91096497,34.22547913,-0.88493347,-30.18486023,-24.43614197,-0.78338623,-22.79415894,0,0.0,2.82794189,2.82794189,0.84298313,0.63629425,1578642412417933,252515602177, HMD, -0.02015, 1.15929, 0.40732, 0.30513, -0.01465, -0.95024, -0.06101
3776721,1578642412424028,1,1,1,1,0,1,1,1,1,0,0.26420593,-0.27093506,0.9256134,0.24925232,-0.26705933,0.93087769,34.05789185,-1.2532959,-28.83972168,-24.48547363,-0.67430115,-23.02566528,0,0.0,2.82913208,2.82913208,0.83543164,0.62890655,1578642412428233,252515705177, HMD, -0.02013, 1.15931, 0.40708, 0.30563, -0.01446, -0.95005, -0.06157
3776721,1578642412428009,1,1,1,1,0,1,1,1,1,0,0.26420593,-0.27093506,0.9256134,0.24925232,-0.26705933,0.93087769,34.05789185,-1.2532959,-28.83972168,-24.48547363,-0.67430115,-23.02566528,0,0.0,2.82913208,2.82913208,0.83543164,0.62890655,1578642412428233,252515705177, HMD, -0.02013, 1.15931, 0.40708, 0.30563, -0.01446, -0.95005, -0.06157
3776730,1578642412432037,1,1,1,1,0,1,1,1,1,0,0.22239685,-0.26683044,0.93771362,0.24736023,-0.26043701,0.93325806,33.83235168,-0.96939087,-29.22236633,-24.81213379,-0.37498474,-23.52381897,0,0.0,2.71524048,2.71524048,0.83543164,0.62890655,1578642412431194,252515734788, HMD, -0.02012, 1.15931, 0.40700, 0.30578, -0.01441, -0.94999, -0.06173
3776730,1578642412436028,1,1,1,1,0,1,1,1,1,0,0.22239685,-0.26683044,0.93771362,0.24736023,-0.26043701,0.93325806,33.83235168,-0.96939087,-29.22236633,-24.81213379,-0.37498474,-23.52381897,0,0.0,2.71524048,2.71524048,0.83543164,0.62890655,1578642412431194,252515734788, HMD, -0.02012, 1.15931, 0.40700, 0.30578, -0.01441, -0.94999, -0.06173
3776738,1578642412440014,1,1,1,1,0,1,1,1,1,0,0.16740417,-0.23454285,0.95756531,0.16586304,-0.25724792,0.95199585,33.57260132,-0.64311218,-30.01097107,-24.93397522,-0.2323761,-23.53817749,0,0.0,2.69042969,2.69042969,0.83845651,0.61846638,1578642412442667,252515849547, HMD, -0.02004, 1.15932, 0.40671, 0.30635, -0.01420, -0.94977, -0.06237
3776738,1578642412444032,1,1,1,1,0,1,1,1,1,0,0.16740417,-0.23454285,0.95756531,0.16586304,-0.25724792,0.95199585,33.57260132,-0.64311218,-30.01097107,-24.93397522,-0.2323761,-23.53817749,0,0.0,2.69042969,2.69042969,0.83845651,0.61846638,1578642412444044,252515863289, HMD, -0.02002, 1.15931, 0.40668, 0.30640, -0.01414, -0.94975, -0.06244
3776746,1578642412448007,1,1,1,1,0,1,1,1,1,0,0.14083862,-0.22587585,0.96391296,0.11410522,-0.21844482,0.96914673,33.34239197,-0.69429016,-29.59288025,-25.12133789,-0.12129211,-23.63366699,0,0.0,2.79348755,2.79348755,0.83845651,0.61846638,1578642412447943,252515902277, HMD, -0.01999, 1.15930, 0.40658, 0.30659, -0.01408, -0.94967, -0.06269
3776746,1578642412452021,1,1,1,1,0,1,1,1,1,0,0.14083862,-0.22587585,0.96391296,0.11410522,-0.21844482,0.96914673,33.34239197,-0.69429016,-29.59288025,-25.12133789,-0.12129211,-23.63366699,0,0.0,2.79348755,2.79348755,0.83845651,0.61846638,1578642412447943,252515902277, HMD, -0.01999, 1.15930, 0.40658, 0.30659, -0.01408, -0.94967, -0.06269
3776755,1578642412456054,1,1,1,1,0,1,1,1,1,0,0.11871338,-0.21636963,0.96905518,0.08929443,-0.21038818,0.973526,33.22625732,-0.54269409,-30.09667969,-25.23500061,-0.05000305,-23.74150085,0,0.0,2.79437256,2.79437256,0.80829674,0.62925613,1578642412458795,252516010805, HMD, -0.01991, 1.15929, 0.40630, 0.30715, -0.01397, -0.94944, -0.06343
3776755,1578642412460011,1,1,1,1,0,1,1,1,1,0,0.11871338,-0.21636963,0.96905518,0.08929443,-0.21038818,0.973526,33.22625732,-0.54269409,-30.09667969,-25.23500061,-0.05000305,-23.74150085,0,0.0,2.79437256,2.79437256,0.80829674,0.62925613,1578642412460002,252516022860, HMD, -0.01990, 1.15929, 0.40627, 0.30721, -0.01396, -0.94942, -0.06351
3776755,1578642412464058,1,1,1,1,0,1,1,1,1,0,0.11871338,-0.21636963,0.96905518,0.08929443,-0.21038818,0.973526,33.22625732,-0.54269409,-30.09667969,-25.23500061,-0.05000305,-23.74150085,0,0.0,2.79437256,2.79437256,0.80829674,0.62925613,1578642412461793,252516040775, HMD, -0.01989, 1.15928, 0.40622, 0.30731, -0.01396, -0.94938, -0.06364
3776763,1578642412470014,1,1,1,1,0,1,1,1,1,0,0.11268616,-0.21739197,0.96954346,0.09564209,-0.22013855,0.97076416,33.22637939,-0.44662476,-30.51382446,-25.27140808,-0.04832458,-23.74975586,0,0.0,2.6265564,2.6265564,0.80829674,0.62925613,1578642412461793,252516040775, HMD, -0.01989, 1.15928, 0.40622, 0.30731, -0.01396, -0.94938, -0.06364
3776771,1578642412474012,1,1,1,1,0,1,1,1,1,0,0.10099792,-0.2033844,0.97386169,0.09210205,-0.2240448,0.97019958,33.24751282,-0.50553894,-30.36453247,-25.28175354,-0.08996582,-23.63670349,0,0.0,2.90620422,2.90620422,0.83894342,0.68100739,1578642412485758,252516280477, HMD, -0.01972, 1.15911, 0.40562, 0.30859, -0.01412, -0.94882, -0.06575
3776780,1578642412484026,1,1,1,1,0,1,1,1,1,0,0.108078,-0.22496033,0.96833801,0.09114075,-0.22186279,0.97079468,33.26553345,-0.48942566,-30.4569397,-25.28767395,-0.11000061,-23.63960266,0,0.0,2.67311096,2.67311096,0.83894342,0.68100739,1578642412485758,252516280477, HMD, -0.01972, 1.15911, 0.40562, 0.30859, -0.01412, -0.94882, -0.06575
3776780,1578642412488028,1,1,1,1,0,1,1,1,1,0,0.108078,-0.22496033,0.96833801,0.09114075,-0.22186279,0.97079468,33.26553345,-0.48942566,-30.4569397,-25.28767395,-0.11000061,-23.63960266,0,0.0,2.67311096,2.67311096,0.83894342,0.68100739,1578642412488130,252516304142, HMD, -0.01970, 1.15908, 0.40556, 0.30871, -0.01416, -0.94876, -0.06599
3776788,1578642412495033,1,1,1,1,0,1,1,1,1,0,0.10308838,-0.2194519,0.97015381,0.09069824,-0.22055054,0.97114563,33.27435303,-0.48907471,-30.47763062,-25.29512024,-0.11990356,-23.61000061,0,0.0,2.67016602,2.67016602,0.84872556,0.67933524,1578642412491838,252516341225, HMD, -0.01968, 1.15903, 0.40545, 0.30892, -0.01423, -0.94866, -0.06639
3776796,1578642412499034,1,1,1,1,0,1,1,1,1,0,0.1006012,-0.21040344,0.97241211,0.09056091,-0.22088623,0.97106934,33.28312683,-0.48155212,-30.49554443,-25.30258179,-0.12980652,-23.58041382,0,0.0,2.69509888,2.69509888,0.84872556,0.67933524,1578642412491838,252516341225, HMD, -0.01968, 1.15903, 0.40545, 0.30892, -0.01423, -0.94866, -0.06639
3776796,1578642412503042,1,1,1,1,0,1,1,1,1,0,0.1006012,-0.21040344,0.97241211,0.09056091,-0.22088623,0.97106934,33.28312683,-0.48155212,-30.49554443,-25.30258179,-0.12980652,-23.58041382,0,0.0,2.69509888,2.69509888,0.84872556,0.67933524,1578642412491838,252516341225, HMD, -0.01968, 1.15903, 0.40545, 0.30892, -0.01423, -0.94866, -0.06639
3776805,1578642412506998,1,1,1,1,0,1,1,1,1,0,0.10644531,-0.20257568,0.97344971,0.09048462,-0.22021484,0.97123718,33.29205322,-0.46972656,-30.52053833,-25.30679321,-0.14135742,-23.55102539,0,0.0,2.85246277,2.85246277,0.85677242,0.71215403,1578642412491838,252516341225, HMD, -0.01968, 1.15903, 0.40545, 0.30892, -0.01423, -0.94866, -0.06639
3776805,1578642412511032,1,1,1,1,0,1,1,1,1,0,0.10644531,-0.20257568,0.97344971,0.09048462,-0.22021484,0.97123718,33.29205322,-0.46972656,-30.52053833,-25.30679321,-0.14135742,-23.55102539,0,0.0,2.85246277,2.85246277,0.85677242,0.71215403,1578642412529422,252516717113, HMD, -0.01941, 1.15837, 0.40423, 0.31094, -0.01502, -0.94760, -0.07172
3776805,1578642412515007,1,1,1,1,0,1,1,1,1,0,0.10301208,-0.2063446,0.97303772,0.09049988,-0.21936035,0.97143555,33.29611206,-0.47088623,-30.51091003,-25.3110199,-0.15292358,-23.52163696,0,0.0,2.78187561,2.78187561,0.85677242,0.71215403,1578642412529422,252516717113, HMD, -0.01941, 1.15837, 0.40423, 0.31094, -0.01502, -0.94760, -0.07172
3776821,1578642412529041,1,1,1,1,0,1,1,1,1,0,0.10072327,-0.20767212,0.97299194,0.09112549,-0.21711731,0.97187805,33.30886841,-0.49119568,-30.42863464,-25.31376648,-0.16485596,-23.50032043,0,0.0,2.71122742,2.71122742,0.86379969,0.71830332,1578642412529422,252516717113, HMD, -0.01941, 1.15837, 0.40423, 0.31094, -0.01502, -0.94760, -0.07172
3776830,1578642412533065,1,1,1,1,0,1,1,1,1,0,0.09846497,-0.19613647,0.97561646,0.08972168,-0.21864319,0.97166443,33.30856323,-0.49134827,-30.38577271,-25.34851074,-0.19351196,-23.36460876,0,0.0,2.71812439,2.71812439,0.86379969,0.71830332,1578642412533180,252516754644, HMD, -0.01939, 1.15828, 0.40409, 0.31114, -0.01510, -0.94749, -0.07234
3776838,1578642412540072,1,1,1,1,0,1,1,1,1,0,0.10020447,-0.20176697,0.97428894,0.0899353,-0.21372986,0.97273254,33.30953979,-0.50065613,-30.30226135,-25.36250305,-0.16741943,-23.40740967,0,0.0,2.759552,2.759552,0.86370265,0.73421389,1578642412534170,252516764545, HMD, -0.01938, 1.15826, 0.40405, 0.31120, -0.01512, -0.94745, -0.07252
3776838,1578642412544054,1,1,1,1,0,1,1,1,1,0,0.10020447,-0.20176697,0.97428894,0.0899353,-0.21372986,0.97273254,33.30953979,-0.50065613,-30.30226135,-25.36250305,-0.16741943,-23.40740967,0,0.0,2.759552,2.759552,0.86370265,0.73421389,1578642412534170,252516764545, HMD, -0.01938, 1.15826, 0.40405, 0.31120, -0.01512, -0.94745, -0.07252
3776846,1578642412548051,1,1,1,1,0,1,1,1,1,0,0.09661865,-0.19657898,0.97570801,0.09059143,-0.21333313,0.97276306,33.30897522,-0.50675964,-30.24380493,-25.37089539,-0.15997314,-23.39964294,0,0.0,2.68554688,2.68554688,0.86370265,0.73421389,1578642412556933,252516992233, HMD, -0.01931, 1.15764, 0.40319, 0.31242, -0.01570, -0.94674, -0.07642
3776846,1578642412554826,1,1,1,1,0,1,1,1,1,0,0.09384155,-0.186203,0.97801208,0.09399414,-0.20436096,0.97436523,33.30549622,-0.50650024,-30.2301178,-25.38682556,-0.14173889,-23.38449097,0,0.0,2.74237061,2.74237061,0.86370265,0.73421389,1578642412556933,252516992233, HMD, -0.01931, 1.15764, 0.40319, 0.31242, -0.01570, -0.94674, -0.07642
3776855,1578642412558896,1,1,1,1,0,1,1,1,1,0,0.09384155,-0.186203,0.97801208,0.09399414,-0.20436096,0.97436523,33.30549622,-0.50650024,-30.2301178,-25.38682556,-0.14173889,-23.38449097,0,0.0,2.74237061,2.74237061,0.8687973,0.72644925,1578642412558950,252517012349, HMD, -0.01932, 1.15757, 0.40310, 0.31253, -0.01578, -0.94667, -0.07676
3776863,1578642412566852,1,1,1,1,0,1,1,1,1,0,0.09788513,-0.20874023,0.97305298,0.08666992,-0.1946106,0.97703552,33.30880737,-0.51527405,-30.19932556,-25.39959717,-0.11227417,-23.43804932,0,0.0,2.60174561,2.60174561,0.8687973,0.72644925,1578642412560560,252517028443, HMD, -0.01931, 1.15752, 0.40304, 0.31261, -0.01584, -0.94662, -0.07704
3776863,1578642412570830,1,1,1,1,0,1,1,1,1,0,0.09788513,-0.20874023,0.97305298,0.08666992,-0.1946106,0.97703552,33.30880737,-0.51527405,-30.19932556,-25.39959717,-0.11227417,-23.43804932,0,0.0,2.60174561,2.60174561,0.8687973,0.72644925,1578642412560560,252517028443, HMD, -0.01931, 1.15752, 0.40304, 0.31261, -0.01584, -0.94662, -0.07704
3776888,1578642412594814,1,1,1,1,0,1,1,1,1,0,0.08642578,-0.17886353,0.98005676,0.09355164,-0.18647766,0.97798157,33.30645752,-0.42797852,-30.26374817,-25.48353577,0.04853821,-23.69352722,0,0.0,2.71179199,2.71179199,0.87790775,0.73655814,1578642412598175,252517404635, HMD, -0.01919, 1.15635, 0.40148, 0.31475, -0.01749, -0.94536, -0.08322
3776896,1578642412598852,1,1,1,1,0,1,1,1,1,0,0.08590698,-0.16732788,0.98214722,0.08250427,-0.1824646,0.97973633,33.30461121,-0.43099976,-30.13517761,-25.45478821,0.00653076,-23.38121033,0,0.0,2.74330139,2.74330139,0.87790775,0.73655814,1578642412598890,252517411748, HMD, -0.01919, 1.15633, 0.40145, 0.31479, -0.01752, -0.94533, -0.08334
3776896,1578642412603844,1,1,1,1,0,1,1,1,1,0,0.08590698,-0.16732788,0.98214722,0.08250427,-0.1824646,0.97973633,33.30461121,-0.43099976,-30.13517761,-25.45478821,0.00653076,-23.38121033,0,0.0,2.74330139,2.74330139,0.87790775,0.73655814,1578642412603753,252517460375, HMD, -0.01917, 1.15619, 0.40124, 0.31508, -0.01774, -0.94517, -0.08406
3776905,1578642412608178,1,1,1,1,0,1,1,1,1,0,0.09094238,-0.15386963,0.98388672,0.07846069,-0.17530823,0.98136902,33.32899475,-0.40724182,-30.15261841,-25.42332458,0.05189514,-23.44010925,0,0.0,2.66419983,2.66419983,0.88880622,0.72981209,1578642412604125,252517464096, HMD, -0.01917, 1.15618, 0.40122, 0.31509, -0.01774, -0.94516, -0.08413
3776905,1578642412613429,1,1,1,1,0,1,1,1,1,0,0.12237549,-0.1701355,0.9777832,0.10835266,-0.18508911,0.97671509,33.45994568,-0.43403625,-30.18756104,-25.21305847,-0.05578613,-23.36703491,0,0.0,2.84797668,2.84797668,0.88880622,0.72981209,1578642412619807,252517620948, HMD, -0.01910, 1.15578, 0.40053, 0.31605, -0.01835, -0.94464, -0.08623
3776913,1578642412617422,1,1,1,1,0,1,1,1,1,0,0.12237549,-0.1701355,0.9777832,0.10835266,-0.18508911,0.97671509,33.45994568,-0.43403625,-30.18756104,-25.21305847,-0.05578613,-23.36703491,0,0.0,2.84797668,2.84797668,0.88880622,0.72981209,1578642412619807,252517620948, HMD, -0.01910, 1.15578, 0.40053, 0.31605, -0.01835, -0.94464, -0.08623
3776921,1578642412621432,1,1,1,1,0,1,1,1,1,0,0.14659119,-0.18782043,0.97119141,0.14682007,-0.18638611,0.97143555,33.70220947,-0.08021545,-31.65582275,-24.901474,-0.1905365,-23.09867859,0,0.0,2.76655579,2.76655579,0.88190699,0.69874543,1578642412621796,252517640953, HMD, -0.01910, 1.15573, 0.40044, 0.31617, -0.01842, -0.94457, -0.08647
3776921,1578642412625412,1,1,1,1,0,1,1,1,1,0,0.14659119,-0.18782043,0.97119141,0.14682007,-0.18638611,0.97143555,33.70220947,-0.08021545,-31.65582275,-24.901474,-0.1905365,-23.09867859,0,0.0,2.76655579,2.76655579,0.88190699,0.69874543,1578642412625082,252517673664, HMD, -0.01913, 1.15567, 0.40031, 0.31637, -0.01854, -0.94446, -0.08690
3776921,1578642412629428,1,1,1,1,0,1,1,1,1,0,0.14659119,-0.18782043,0.97119141,0.14682007,-0.18638611,0.97143555,33.70220947,-0.08021545,-31.65582275,-24.901474,-0.1905365,-23.09867859,0,0.0,2.76655579,2.76655579,0.88190699,0.69874543,1578642412625082,252517673664, HMD, -0.01913, 1.15567, 0.40031, 0.31637, -0.01854, -0.94446, -0.08690
3776930,1578642412638421,1,1,1,1,0,1,1,1,1,0,0.17347717,-0.18603516,0.96710205,0.20863342,-0.19796753,0.95773315,33.90516663,0.18159485,-32.60110474,-24.61497498,-0.21862793,-23.30688477,0,0.0,2.66317749,2.66317749,0.88190699,0.69874543,1578642412649615,252517919019, HMD, -0.01909, 1.15508, 0.39918, 0.31785, -0.01966, -0.94369, -0.08965
3776938,1578642412642413,1,1,1,1,0,1,1,1,1,0,0.23408508,-0.2097168,0.9493103,0.29421997,-0.20768738,0.93289185,34.02516174,-0.28707886,-31.22572327,-24.43559265,-0.5426178,-22.58398438,0,0.0,2.84225464,2.84225464,0.86228871,0.59774834,1578642412649615,252517919019, HMD, -0.01909, 1.15508, 0.39918, 0.31785, -0.01966, -0.94369, -0.08965
3776946,1578642412650411,1,1,1,1,0,1,1,1,1,0,0.28535461,-0.21266174,0.93452454,0.28901672,-0.22341919,0.93087769,34.17810059,-0.57774353,-30.69525146,-24.1136322,-0.36689758,-23.50254822,0,0.0,2.77197266,2.77197266,0.86228871,0.59774834,1578642412650352,252517926367, HMD, -0.01909, 1.15506, 0.39915, 0.31789, -0.01970, -0.94367, -0.08973
3776946,1578642412654409,1,1,1,1,0,1,1,1,1,0,0.28535461,-0.21266174,0.93452454,0.28901672,-0.22341919,0.93087769,34.17810059,-0.57774353,-30.69525146,-24.1136322,-0.36689758,-23.50254822,0,0.0,2.77197266,2.77197266,0.86228871,0.59774834,1578642412652806,252517950908, HMD, -0.01909, 1.15500, 0.39903, 0.31804, -0.01984, -0.94359, -0.08999
3776955,1578642412658413,1,1,1,1,0,1,1,1,1,0,0.286026,-0.20040894,0.93702698,0.34217834,-0.21711731,0.91419983,34.23365784,-0.66369629,-30.57258606,-24.21766663,-0.54821777,-22.82041931,0,0.0,2.75297546,2.75297546,0.86205232,0.55102837,1578642412663527,252518058132, HMD, -0.01907, 1.15473, 0.39855, 0.31871, -0.02050, -0.94324, -0.09116
3776955,1578642412662391,1,1,1,1,0,1,1,1,1,0,0.286026,-0.20040894,0.93702698,0.34217834,-0.21711731,0.91419983,34.23365784,-0.66369629,-30.57258606,-24.21766663,-0.54821777,-22.82041931,0,0.0,2.75297546,2.75297546,0.86205232,0.55102837,1578642412663527,252518058132, HMD, -0.01907, 1.15473, 0.39855, 0.31871, -0.02050, -0.94324, -0.09116
3776963,1578642412666403,1,1,1,1,0,1,1,1,1,0,0.28338623,-0.20074463,0.93774414,0.34877014,-0.2097168,0.91343689,34.27790833,-0.68452454,-30.60603333,-24.22721863,-0.64678955,-22.45932007,0,0.0,2.72061157,2.72061157,0.86205232,0.55102837,1578642412666446,252518087303, HMD, -0.01907, 1.15464, 0.39841, 0.31890, -0.02071, -0.94313, -0.09149
3776963,1578642412670409,1,1,1,1,0,1,1,1,1,0,0.28338623,-0.20074463,0.93774414,0.34877014,-0.2097168,0.91343689,34.27790833,-0.68452454,-30.60603333,-24.22721863,-0.64678955,-22.45932007,0,0.0,2.72061157,2.72061157,0.86205232,0.55102837,1578642412667537,252518098212, HMD, -0.01906, 1.15461, 0.39836, 0.31897, -0.02079, -0.94310, -0.09161
3776971,1578642412674398,1,1,1,1,0,1,1,1,1,0,0.28529358,-0.20397949,0.93647766,0.34225464,-0.22076416,0.9132843,34.29219055,-0.7514801,-30.41418457,-24.24008179,-0.71672058,-22.22915649,0,0.0,2.8754425,2.8754425,0.8677001,0.55830228,1578642412667537,252518098212, HMD, -0.01906, 1.15461, 0.39836, 0.31897, -0.02079, -0.94310, -0.09161
3776971,1578642412678404,1,1,1,1,0,1,1,1,1,0,0.28529358,-0.20397949,0.93647766,0.34225464,-0.22076416,0.9132843,34.29219055,-0.7514801,-30.41418457,-24.24008179,-0.71672058,-22.22915649,0,0.0,2.8754425,2.8754425,0.8677001,0.55830228,1578642412685326,252518276131, HMD, -0.01904, 1.15409, 0.39750, 0.32020, -0.02223, -0.94243, -0.09382
3776980,1578642412683403,1,1,1,1,0,1,1,1,1,0,0.27467346,-0.19812012,0.94088745,0.32852173,-0.22065735,0.91835022,34.30914307,-0.697052,-30.67126465,-24.24078369,-0.74369812,-22.14645386,0,0.0,2.73397827,2.73397827,0.8677001,0.55830228,1578642412685326,252518276131, HMD, -0.01904, 1.15409, 0.39750, 0.32020, -0.02223, -0.94243, -0.09382
3776980,1578642412687399,1,1,1,1,0,1,1,1,1,0,0.27467346,-0.19812012,0.94088745,0.32852173,-0.22065735,0.91835022,34.30914307,-0.697052,-30.67126465,-24.24078369,-0.74369812,-22.14645386,0,0.0,2.73397827,2.73397827,0.8677001,0.55830228,1578642412687416,252518297007, HMD, -0.01904, 1.15402, 0.39739, 0.32035, -0.02242, -0.94235, -0.09412
3776988,1578642412691417,1,1,1,1,0,1,1,1,1,0,0.2742157,-0.19528198,0.94161987,0.29760742,-0.20240784,0.93296814,34.32545471,-0.73802185,-30.59350586,-24.14050293,-0.49087524,-23.25640869,0,0.0,2.72488403,2.72488403,0.88763469,0.61244404,1578642412690901,252518331851, HMD, -0.01904, 1.15390, 0.39721, 0.32060, -0.02275, -0.94220, -0.09461
3776988,1578642412696412,1,1,1,1,0,1,1,1,1,0,0.2742157,-0.19528198,0.94161987,0.29760742,-0.20240784,0.93296814,34.32545471,-0.73802185,-30.59350586,-24.14050293,-0.49087524,-23.25640869,0,0.0,2.72488403,2.72488403,0.88763469,0.61244404,1578642412690901,252518331851, HMD, -0.01904, 1.15390, 0.39721, 0.32060, -0.02275, -0.94220, -0.09461
3776996,1578642412700526,1,1,1,1,0,1,1,1,1,0,0.27497864,-0.18656921,0.94316101,0.29447937,-0.20140076,0.93418884,34.33796692,-0.77128601,-30.53392029,-24.16601563,-0.48826599,-23.30319214,0,0.0,2.78430176,2.78430176,0.88763469,0.61244404,1578642412690901,252518331851, HMD, -0.01904, 1.15390, 0.39721, 0.32060, -0.02275, -0.94220, -0.09461
3777005,1578642412712400,1,1,1,1,0,1,1,1,1,0,0.28041077,-0.18841553,0.94119263,0.29898071,-0.1912384,0.93489075,34.34864807,-0.74446106,-30.64923096,-24.1729126,-0.50074768,-23.28190613,0,0.0,2.78823853,2.78823853,0.90367389,0.61151648,1578642412717078,252518593641, HMD, -0.01902, 1.15288, 0.39580, 0.32262, -0.02544, -0.94097, -0.09916
3777013,1578642412716383,1,1,1,1,0,1,1,1,1,0,0.27787781,-0.1864624,0.94233704,0.29481506,-0.19232178,0.93598938,34.35333252,-0.72938538,-30.69543457,-24.16873169,-0.52763367,-23.19294739,0,0.0,2.78666687,2.78666687,0.90367389,0.61151648,1578642412717078,252518593641, HMD, -0.01902, 1.15288, 0.39580, 0.32262, -0.02544, -0.94097, -0.09916
3777013,1578642412720391,1,1,1,1,0,1,1,1,1,0,0.27787781,-0.1864624,0.94233704,0.29481506,-0.19232178,0.93598938,34.35333252,-0.72938538,-30.69543457,-24.16873169,-0.52763367,-23.19294739,0,0.0,2.78666687,2.78666687,0.90367389,0.61151648,1578642412720390,252518626742, HMD, -0.01903, 1.15273, 0.39561, 0.32290, -0.02580, -0.94080, -0.09982
3777021,1578642412724389,1,1,1,1,0,1,1,1,1,0,0.27536011,-0.18455505,0.94345093,0.28924561,-0.19206238,0.93777466,34.35800171,-0.71429443,-30.74163818,-24.16455078,-0.50074768,-23.28190613,0,0.0,2.78556824,2.78556824,0.91899765,0.65942413,1578642412720390,252518626742, HMD, -0.01903, 1.15273, 0.39561, 0.32290, -0.02580, -0.94080, -0.09982
3777021,1578642412728402,1,1,1,1,0,1,1,1,1,0,0.27536011,-0.18455505,0.94345093,0.28924561,-0.19206238,0.93777466,34.35800171,-0.71429443,-30.74163818,-24.16455078,-0.50074768,-23.28190613,0,0.0,2.78556824,2.78556824,0.91899765,0.65942413,1578642412731687,252518739742, HMD, -0.01908, 1.15223, 0.39495, 0.32384, -0.02700, -0.94019, -0.10217
3777030,1578642412732471,1,1,1,1,0,1,1,1,1,0,0.26502991,-0.18351746,0.9466095,0.28356934,-0.17539978,0.94276428,34.35888672,-0.68119812,-30.74342346,-24.18196106,-0.52061462,-23.11781311,0,0.0,2.74763489,2.74763489,0.91899765,0.65942413,1578642412732467,252518747521, HMD, -0.01908, 1.15220, 0.39490, 0.32391, -0.02709, -0.94015, -0.10234
3777030,1578642412736395,1,1,1,1,0,1,1,1,1,0,0.26502991,-0.18351746,0.9466095,0.28356934,-0.17539978,0.94276428,34.35888672,-0.68119812,-30.74342346,-24.18196106,-0.52061462,-23.11781311,0,0.0,2.74763489,2.74763489,0.91899765,0.65942413,1578642412736336,252518786208, HMD, -0.01907, 1.15201, 0.39468, 0.32426, -0.02753, -0.93992, -0.10317
3777038,1578642412741379,1,1,1,1,0,1,1,1,1,0,0.26985168,-0.18562317,0.94482422,0.27398682,-0.18215942,0.94432068,34.35243225,-0.62384033,-30.82699585,-24.18733215,-0.43891907,-23.24082947,0,0.0,2.79376221,2.79376221,0.93536848,0.68320334,1578642412737075,252518793598, HMD, -0.01907, 1.15197, 0.39463, 0.32433, -0.02761, -0.93988, -0.10333
3777038,1578642412745378,1,1,1,1,0,1,1,1,1,0,0.26985168,-0.18562317,0.94482422,0.27398682,-0.18215942,0.94432068,34.35243225,-0.62384033,-30.82699585,-24.18733215,-0.43891907,-23.24082947,0,0.0,2.79376221,2.79376221,0.93536848,0.68320334,1578642412737075,252518793598, HMD, -0.01907, 1.15197, 0.39463, 0.32433, -0.02761, -0.93988, -0.10333
3777046,1578642412749380,1,1,1,1,0,1,1,1,1,0,0.26957703,-0.19226074,0.943573,0.27728271,-0.17755127,0.94422913,34.34196472,-0.64173889,-30.68714905,-24.2066803,-0.41741943,-23.21540833,0,0.0,2.80752563,2.80752563,0.93536848,0.68320334,1578642412737075,252518793598, HMD, -0.01907, 1.15197, 0.39463, 0.32433, -0.02761, -0.93988, -0.10333
3777046,1578642412753380,1,1,1,1,0,1,1,1,1,0,0.26957703,-0.19226074,0.943573,0.27728271,-0.17755127,0.94422913,34.34196472,-0.64173889,-30.68714905,-24.2066803,-0.41741943,-23.21540833,0,0.0,2.80752563,2.80752563,0.93536848,0.68320334,1578642412763584,252519058719, HMD, -0.01921, 1.15066, 0.39313, 0.32676, -0.03063, -0.93829, -0.10913
3777055,1578642412757283,1,1,1,1,0,1,1,1,1,0,0.28379822,-0.17697144,0.94239807,0.27580261,-0.17985535,0.94422913,34.28408813,-1.02630615,-29.36174011,-24.20259094,-0.37327576,-23.3145752,0,0.0,2.84928894,2.84928894,0.94936341,0.70974183,1578642412763584,252519058719, HMD, -0.01921, 1.15066, 0.39313, 0.32676, -0.03063, -0.93829, -0.10913
3777063,1578642412764352,1,1,1,1,0,1,1,1,1,0,0.28977966,-0.16371155,0.94297791,0.26947021,-0.17565918,0.94683838,34.26931763,-1.03901672,-29.17610168,-24.21038818,-0.38896179,-23.14718628,0,0.0,2.87792969,2.87792969,0.94936341,0.70974183,1578642412764332,252519066169, HMD, -0.01922, 1.15063, 0.39310, 0.32683, -0.03069, -0.93824, -0.10931
3777063,1578642412768270,1,1,1,1,0,1,1,1,1,0,0.28977966,-0.16371155,0.94297791,0.26947021,-0.17565918,0.94683838,34.26931763,-1.03901672,-29.17610168,-24.21038818,-0.38896179,-23.14718628,0,0.0,2.87792969,2.87792969,0.94936341,0.70974183,1578642412768018,252519103023, HMD, -0.01923, 1.15043, 0.39289, 0.32716, -0.03108, -0.93802, -0.11008
3777071,1578642412775264,1,1,1,1,0,1,1,1,1,0,0.29127502,-0.16073608,0.94302368,0.27520752,-0.16793823,0.94659424,34.24035645,-0.9259491,-29.38748169,-24.23028564,-0.38578796,-23.08102417,0,0.0,2.93835449,2.93835449,0.92247808,0.73397321,1578642412781361,252519236478, HMD, -0.01926, 1.14976, 0.39217, 0.32829, -0.03239, -0.93726, -0.11281
3777071,1578642412779257,1,1,1,1,0,1,1,1,1,0,0.29127502,-0.16073608,0.94302368,0.27520752,-0.16793823,0.94659424,34.24035645,-0.9259491,-29.38748169,-24.23028564,-0.38578796,-23.08102417,0,0.0,2.93835449,2.93835449,0.92247808,0.73397321,1578642412781361,252519236478, HMD, -0.01926, 1.14976, 0.39217, 0.32829, -0.03239, -0.93726, -0.11281
3777080,1578642412784270,1,1,1,1,0,1,1,1,1,0,0.27919006,-0.18327332,0.94256592,0.28103638,-0.17390442,0.94380188,34.08868408,-0.88597107,-29.59127808,-24.40299988,-0.62478638,-22.35974121,0,0.0,2.88926697,2.88926697,0.92247808,0.73397321,1578642412784252,252519265367, HMD, -0.01926, 1.14963, 0.39203, 0.32854, -0.03261, -0.93709, -0.11342
3777080,1578642412788259,1,1,1,1,0,1,1,1,1,0,0.27919006,-0.18327332,0.94256592,0.28103638,-0.17390442,0.94380188,34.08868408,-0.88597107,-29.59127808,-24.40299988,-0.62478638,-22.35974121,0,0.0,2.88926697,2.88926697,0.92247808,0.73397321,1578642412784357,252519266415, HMD, -0.01926, 1.14963, 0.39202, 0.32855, -0.03262, -0.93708, -0.11345
3777088,1578642412792292,1,1,1,1,0,1,1,1,1,0,0.23542786,-0.22737122,0.94491577,0.22216797,-0.23165894,0.94708252,33.78921509,-0.9460907,-29.60491943,-24.52540588,-0.47900391,-23.17373657,0,0.0,2.90724182,2.90724182,0.94456482,0.70150822,1578642412794615,252519369036, HMD, -0.01928, 1.14916, 0.39148, 0.32938, -0.03342, -0.93652, -0.11543
3777088,1578642412796268,1,1,1,1,0,1,1,1,1,0,0.23542786,-0.22737122,0.94491577,0.22216797,-0.23165894,0.94708252,33.78921509,-0.9460907,-29.60491943,-24.52540588,-0.47900391,-23.17373657,0,0.0,2.90724182,2.90724182,0.94456482,0.70150822,1578642412796244,252519385287, HMD, -0.01928, 1.14908, 0.39140, 0.32951, -0.03353, -0.93643, -0.11574
3777096,1578642412800274,1,1,1,1,0,1,1,1,1,0,0.17123413,-0.27027893,0.94741821,0.16722107,-0.28417969,0.94406128,33.46174622,-0.87718201,-30.18771362,-24.71052551,-0.48272705,-23.70944214,0,0.0,2.76132202,2.76132202,0.94456482,0.70150822,1578642412798445,252519407295, HMD, -0.01929, 1.14898, 0.39129, 0.32969, -0.03367, -0.93631, -0.11615
3777105,1578642412806555,1,1,1,1,0,1,1,1,1,0,0.1222229,-0.30427551,0.94470215,0.11576843,-0.31245422,0.94284058,33.16732788,-0.97189331,-30.3769989,-24.91519165,-0.61582947,-23.85835266,0,0.0,2.86936951,2.86936951,0.9125849,0.6513949,1578642412798445,252519407295, HMD, -0.01929, 1.14898, 0.39129, 0.32969, -0.03367, -0.93631, -0.11615
3777105,1578642412810269,1,1,1,1,0,1,1,1,1,0,0.1222229,-0.30427551,0.94470215,0.11576843,-0.31245422,0.94284058,33.16732788,-0.97189331,-30.3769989,-24.91519165,-0.61582947,-23.85835266,0,0.0,2.86936951,2.86936951,0.9125849,0.6513949,1578642412817300,252519595857, HMD, -0.01937, 1.14822, 0.39034, 0.33102, -0.03452, -0.93538, -0.11954
3777113,1578642412817253,1,1,1,1,0,1,1,1,1,0,0.08241272,-0.35604858,0.93081665,0.07943726,-0.36637878,0.92706299,32.94165039,-1.17842102,-30.08683777,-25.11795044,-0.74284363,-23.89508057,0,0.0,2.8639679,2.8639679,0.9125849,0.6513949,1578642412817300,252519595857, HMD, -0.01937, 1.14822, 0.39034, 0.33102, -0.03452, -0.93538, -0.11954
3777121,1578642412821260,1,1,1,1,0,1,1,1,1,0,0.05393982,-0.38131714,0.92286682,0.03775024,-0.39109802,0.91957092,32.69659424,-1.28289795,-30.23730469,-25.31155396,-0.89155579,-23.84202576,0,0.0,2.6308136,2.6308136,0.82365006,0.60465634,1578642412820649,252519629333, HMD, -0.01939, 1.14809, 0.39017, 0.33123, -0.03462, -0.93523, -0.12012
3777121,1578642412825260,1,1,1,1,0,1,1,1,1,0,0.05393982,-0.38131714,0.92286682,0.03775024,-0.39109802,0.91957092,32.69659424,-1.28289795,-30.23730469,-25.31155396,-0.89155579,-23.84202576,0,0.0,2.6308136,2.6308136,0.82365006,0.60465634,1578642412820649,252519629333, HMD, -0.01939, 1.14809, 0.39017, 0.33123, -0.03462, -0.93523, -0.12012
3777121,1578642412829261,1,1,1,1,0,1,1,1,1,0,0.05393982,-0.38131714,0.92286682,0.03775024,-0.39109802,0.91957092,32.69659424,-1.28289795,-30.23730469,-25.31155396,-0.89155579,-23.84202576,0,0.0,2.6308136,2.6308136,0.82365006,0.60465634,1578642412833018,252519753031, HMD, -0.01950, 1.14765, 0.38959, 0.33190, -0.03484, -0.93472, -0.12222
3777130,1578642412833253,1,1,1,1,0,1,1,1,1,0,0.01525879,-0.42655945,0.90432739,0.00782776,-0.42025757,0.90736389,32.53211975,-1.40869141,-30.17288208,-25.46655273,-1.02313232,-23.73472595,0,0.0,2.88531494,2.88531494,0.82365006,0.60465634,1578642412833284,252519755686, HMD, -0.01950, 1.14764, 0.38958, 0.33191, -0.03484, -0.93471, -0.12226
3777130,1578642412838251,1,1,1,1,0,1,1,1,1,0,0.01525879,-0.42655945,0.90432739,0.00782776,-0.42025757,0.90736389,32.53211975,-1.40869141,-30.17288208,-25.46655273,-1.02313232,-23.73472595,0,0.0,2.88531494,2.88531494,0.82365006,0.60465634,1578642412836299,252519785837, HMD, -0.01952, 1.14752, 0.38944, 0.33202, -0.03490, -0.93460, -0.12277
3777138,1578642412842238,1,1,1,1,0,1,1,1,1,0,-0.01834106,-0.42645264,0.90431213,-0.00221252,-0.45166016,0.8921814,32.44700623,-1.30671692,-30.79417419,-25.58119202,-1.07597351,-23.64920044,0,0.0,2.77912903,2.77912903,0.74099648,0.52107942,1578642412847283,252519895680, HMD, -0.01962, 1.14712, 0.38897, 0.33238, -0.03503, -0.93423, -0.12451
3777138,1578642412846239,1,1,1,1,0,1,1,1,1,0,-0.01834106,-0.42645264,0.90431213,-0.00221252,-0.45166016,0.8921814,32.44700623,-1.30671692,-30.79417419,-25.58119202,-1.07597351,-23.64920044,0,0.0,2.77912903,2.77912903,0.74099648,0.52107942,1578642412847283,252519895680, HMD, -0.01962, 1.14712, 0.38897, 0.33238, -0.03503, -0.93423, -0.12451
3777146,1578642412850252,1,1,1,1,0,1,1,1,1,0,-0.00453186,-0.42570496,0.90484619,-0.00834656,-0.44839478,0.89378357,32.45249939,-1.30314636,-30.84822083,-25.62228394,-1.14358521,-23.51939392,0,0.0,2.8788147,2.8788147,0.74099648,0.52107942,1578642412850085,252519923693, HMD, -0.01965, 1.14701, 0.38886, 0.33244, -0.03507, -0.93415, -0.12494
3777146,1578642412854247,1,1,1,1,0,1,1,1,1,0,-0.00453186,-0.42570496,0.90484619,-0.00834656,-0.44839478,0.89378357,32.45249939,-1.30314636,-30.84822083,-25.62228394,-1.14358521,-23.51939392,0,0.0,2.8788147,2.8788147,0.74099648,0.52107942,1578642412858243,252520005291, HMD, -0.01975, 1.14670, 0.38856, 0.33257, -0.03519, -0.93393, -0.12621
3777155,1578642412859233,1,1,1,1,0,1,1,1,1,0,-0.00878906,-0.42308044,0.90603638,-0.00740051,-0.45266724,0.89163208,32.46881104,-1.36016846,-30.60543823,-25.69502258,-1.07719421,-23.75978088,0,0.0,2.88677979,2.88677979,0.69648814,0.45288128,1578642412859182,252520014659, HMD, -0.01976, 1.14666, 0.38853, 0.33258, -0.03521, -0.93391, -0.12636
3777155,1578642412863247,1,1,1,1,0,1,1,1,1,0,-0.00878906,-0.42308044,0.90603638,-0.00740051,-0.45266724,0.89163208,32.46881104,-1.36016846,-30.60543823,-25.69502258,-1.07719421,-23.75978088,0,0.0,2.88677979,2.88677979,0.69648814,0.45288128,1578642412861443,252520037276, HMD, -0.01981, 1.14659, 0.38844, 0.33260, -0.03525, -0.93385, -0.12672
3777163,1578642412868250,1,1,1,1,0,1,1,1,1,0,-0.0115509,-0.42280579,0.90614319,-0.00308228,-0.44303894,0.89648438,32.4710083,-1.36094666,-30.62863159,-25.7428894,-1.03884888,-23.88546753,0,0.0,2.80931091,2.80931091,0.69648814,0.45288128,1578642412871392,252520136811, HMD, -0.01999, 1.14625, 0.38810, 0.33255, -0.03547, -0.93364, -0.12831
3777171,1578642412872251,1,1,1,1,0,1,1,1,1,0,-0.00950623,-0.41744995,0.90864563,-0.00456238,-0.45155334,0.89222717,32.48265076,-1.25109863,-31.042099,-25.7832489,-1.010849,-23.99227905,0,0.0,2.80580139,2.80580139,0.67133558,0.46827519,1578642412872187,252520144710, HMD, -0.02001, 1.14622, 0.38807, 0.33254, -0.03549, -0.93363, -0.12844
3777180,1578642412886754,1,1,1,1,0,1,1,1,1,0,-0.00756836,-0.41181946,0.91122437,-0.00508118,-0.43186951,0.9019165,32.49429321,-1.14125061,-31.45558167,-25.80502319,-0.98431396,-24.21638489,0,0.0,2.80046082,2.80046082,0.67133558,0.46827519,1578642412874617,252520169012, HMD, -0.02005, 1.14613, 0.38799, 0.33250, -0.03556, -0.93359, -0.12882
3777188,1578642412890739,1,1,1,1,0,1,1,1,1,0,0.00112915,-0.41519165,0.909729,-0.00502014,-0.43508911,0.90036011,32.49375916,-1.4100647,-30.40539551,-25.82223511,-1.00733948,-24.07946777,0,0.0,2.83895874,2.83895874,0.69629526,0.48859066,1578642412900946,252520432336, HMD, -0.02052, 1.14521, 0.38721, 0.33159, -0.03658, -0.93328, -0.13307
3777188,1578642412894731,1,1,1,1,0,1,1,1,1,0,0.00112915,-0.41519165,0.909729,-0.00502014,-0.43508911,0.90036011,32.49375916,-1.4100647,-30.40539551,-25.82223511,-1.00733948,-24.07946777,0,0.0,2.83895874,2.83895874,0.69629526,0.48859066,1578642412900946,252520432336, HMD, -0.02052, 1.14521, 0.38721, 0.33159, -0.03658, -0.93328, -0.13307
3777196,1578642412901750,1,1,1,1,0,1,1,1,1,0,0.00189209,-0.41804504,0.90841675,-0.00291443,-0.44021606,0.89787292,32.51408386,-1.45198059,-30.23466492,-25.83944702,-1.02182007,-23.9425354,0,0.0,3.01960754,3.01960754,0.69629526,0.48859066,1578642412901746,252520440308, HMD, -0.02054, 1.14518, 0.38719, 0.33155, -0.03661, -0.93327, -0.13319
3777205,1578642412905727,1,1,1,1,0,1,1,1,1,0,0.00018311,-0.41717529,0.90881348,0.00785828,-0.43037415,0.90260315,32.54110718,-1.38136292,-30.39537048,-25.87632751,-0.97480774,-23.98918152,0,0.0,2.90657043,2.90657043,0.69240856,0.47973523,1578642412904111,252520463951, HMD, -0.02062, 1.14512, 0.38716, 0.33141, -0.03667, -0.93326, -0.13356
3777205,1578642412909740,1,1,1,1,0,1,1,1,1,0,0.00018311,-0.41717529,0.90881348,0.00785828,-0.43037415,0.90260315,32.54110718,-1.38136292,-30.39537048,-25.87632751,-0.97480774,-23.98918152,0,0.0,2.90657043,2.90657043,0.69240856,0.47973523,1578642412913010,252520552946, HMD, -0.02083, 1.14484, 0.38695, 0.33090, -0.03707, -0.93325, -0.13484
3777213,1578642412913721,1,1,1,1,0,1,1,1,1,0,0.00297546,-0.41944885,0.90776062,0.0014801,-0.42034912,0.90734863,32.56021118,-1.34870911,-30.43612671,-25.89501953,-0.93647766,-24.05700684,0,0.0,2.88557434,2.88557434,0.69240856,0.47973523,1578642412913763,252520560477, HMD, -0.02084, 1.14482, 0.38693, 0.33085, -0.03711, -0.93325, -0.13494
3777213,1578642412917731,1,1,1,1,0,1,1,1,1,0,0.00297546,-0.41944885,0.90776062,0.0014801,-0.42034912,0.90734863,32.56021118,-1.34870911,-30.43612671,-25.89501953,-0.93647766,-24.05700684,0,0.0,2.88557434,2.88557434,0.69240856,0.47973523,1578642412916187,252520584714, HMD, -0.02088, 1.14476, 0.38687, 0.33068, -0.03721, -0.93325, -0.13528
3777221,1578642412921726,1,1,1,1,0,1,1,1,1,0,0.00498962,-0.40260315,0.91534424,0.00245667,-0.42250061,0.90634155,32.57473755,-1.32073975,-30.4034729,-25.90115356,-0.93121338,-24.03823853,0,0.0,3.04190063,3.04190063,0.69712627,0.50308996,1578642412924620,252520669048, HMD, -0.02111, 1.14453, 0.38672, 0.33006, -0.03761, -0.93331, -0.13634
3777221,1578642412925722,1,1,1,1,0,1,1,1,1,0,0.00498962,-0.40260315,0.91534424,0.00245667,-0.42250061,0.90634155,32.57473755,-1.32073975,-30.4034729,-25.90115356,-0.93121338,-24.03823853,0,0.0,3.04190063,3.04190063,0.69712627,0.50308996,1578642412925754,252520680388, HMD, -0.02114, 1.14452, 0.38672, 0.32998, -0.03765, -0.93330, -0.13651
3777230,1578642412930710,1,1,1,1,0,1,1,1,1,0,0.00224304,-0.40589905,0.91390991,0.00341797,-0.42355347,0.90585327,32.58018494,-1.32736206,-30.33270264,-25.9072876,-0.92596436,-24.03942871,0,0.0,2.97433472,2.97433472,0.69712627,0.50308996,1578642412927520,252520698046, HMD, -0.02119, 1.14447, 0.38669, 0.32985, -0.03772, -0.93332, -0.13671
3777230,1578642412934729,1,1,1,1,0,1,1,1,1,0,0.00224304,-0.40589905,0.91390991,0.00341797,-0.42355347,0.90585327,32.58018494,-1.32736206,-30.33270264,-25.9072876,-0.92596436,-24.03942871,0,0.0,2.97433472,2.97433472,0.69712627,0.50308996,1578642412937145,252520794303, HMD, -0.02140, 1.14426, 0.38658, 0.32899, -0.03813, -0.93346, -0.13772
3777238,1578642412938723,1,1,1,1,0,1,1,1,1,0,0.00334167,-0.40907288,0.91249084,0.00439453,-0.41781616,0.9085083,32.58563232,-1.33398438,-30.26193237,-25.91189575,-0.91586304,-24.03251648,0,0.0,2.95031738,2.95031738,0.68743753,0.51288426,1578642412938779,252520810631, HMD, -0.02144, 1.14422, 0.38656, 0.32882, -0.03820, -0.93349, -0.13787
3777238,1578642412942720,1,1,1,1,0,1,1,1,1,0,0.00334167,-0.40907288,0.91249084,0.00439453,-0.41781616,0.9085083,32.58563232,-1.33398438,-30.26193237,-25.91189575,-0.91586304,-24.03251648,0,0.0,2.95031738,2.95031738,0.68743753,0.51288426,1578642412940352,252520826358, HMD, -0.02148, 1.14419, 0.38655, 0.32866, -0.03826, -0.93353, -0.13801
3777238,1578642412946733,1,1,1,1,0,1,1,1,1,0,0.00334167,-0.40907288,0.91249084,0.00439453,-0.41781616,0.9085083,32.58563232,-1.33398438,-30.26193237,-25.91189575,-0.91586304,-24.03251648,0,0.0,2.95031738,2.95031738,0.68743753,0.51288426,1578642412949980,252520922652, HMD, -0.02176, 1.14402, 0.38652, 0.32757, -0.03860, -0.93378, -0.13880
3777246,1578642412950706,1,1,1,1,0,1,1,1,1,0,0.00053406,-0.40809631,0.91293335,0.00546265,-0.41131592,0.91146851,32.58998108,-1.33908081,-30.20878601,-25.91650391,-0.90576172,-24.03942871,0,0.0,2.93066406,2.93066406,0.68743753,0.51288426,1578642412950705,252520929893, HMD, -0.02178, 1.14400, 0.38651, 0.32748, -0.03863, -0.93380, -0.13886
3777246,1578642412954741,1,1,1,1,0,1,1,1,1,0,0.00053406,-0.40809631,0.91293335,0.00546265,-0.41131592,0.91146851,32.58998108,-1.33908081,-30.20878601,-25.91650391,-0.90576172,-24.03942871,0,0.0,2.93066406,2.93066406,0.68743753,0.51288426,1578642412952906,252520951902, HMD, -0.02184, 1.14397, 0.38651, 0.32722, -0.03871, -0.93386, -0.13901
3777255,1578642412960725,1,1,1,1,0,1,1,1,1,0,0.00157166,-0.40699768,0.91342163,0.00315857,-0.40718079,0.91333008,32.59432983,-1.34416199,-30.15563965,-25.91969299,-0.89727783,-24.04821777,0,0.0,2.95425415,2.95425415,0.68940133,0.53121799,1578642412964055,252521063405, HMD, -0.02215, 1.14386, 0.38651, 0.32578, -0.03909, -0.93425, -0.13967
3777263,1578642412964719,1,1,1,1,0,1,1,1,1,0,-0.00404358,-0.38233948,0.92401123,0.00086975,-0.40312195,0.91513062,32.62420654,-1.37869263,-29.90005493,-25.92289734,-0.88879395,-24.05700684,0,0.0,2.92214966,2.92214966,0.68940133,0.53121799,1578642412964715,252521069992, HMD, -0.02217, 1.14385, 0.38651, 0.32569, -0.03912, -0.93428, -0.13970
3777263,1578642412969733,1,1,1,1,0,1,1,1,1,0,-0.00404358,-0.38233948,0.92401123,0.00086975,-0.40312195,0.91513062,32.62420654,-1.37869263,-29.90005493,-25.92289734,-0.88879395,-24.05700684,0,0.0,2.92214966,2.92214966,0.68940133,0.53121799,1578642412967152,252521094367, HMD, -0.02224, 1.14382, 0.38652, 0.32535, -0.03920, -0.93438, -0.13980
3777271,1578642412973736,1,1,1,1,0,1,1,1,1,0,-0.00038147,-0.38624573,0.92237854,0.00393677,-0.4050293,0.91427612,32.64302063,-1.33518982,-30.00001526,-25.93043518,-0.87472534,-24.0652771,0,0.0,2.91618347,2.91618347,0.68354994,0.52544457,1578642412977905,252521201901, HMD, -0.02253, 1.14374, 0.38656, 0.32373, -0.03956, -0.93488, -0.14015
3777271,1578642412978712,1,1,1,1,0,1,1,1,1,0,-0.00038147,-0.38624573,0.92237854,0.00393677,-0.4050293,0.91427612,32.64302063,-1.33518982,-30.00001526,-25.93043518,-0.87472534,-24.0652771,0,0.0,2.91618347,2.91618347,0.68354994,0.52544457,1578642412978765,252521210498, HMD, -0.02255, 1.14373, 0.38657, 0.32360, -0.03959, -0.93492, -0.14017
3777280,1578642412982715,1,1,1,1,0,1,1,1,1,0,0.01303101,-0.37309265,0.9276886,0.00613403,-0.40686035,0.91346741,32.65145874,-1.27209473,-30.2353363,-25.93798828,-0.86065674,-24.0735321,0,0.0,3.00090027,3.00090027,0.68354994,0.52544457,1578642412980825,252521231097, HMD, -0.02261, 1.14372, 0.38659, 0.32327, -0.03965, -0.93502, -0.14021
3777280,1578642412986722,1,1,1,1,0,1,1,1,1,0,0.01303101,-0.37309265,0.9276886,0.00613403,-0.40686035,0.91346741,32.65145874,-1.27209473,-30.2353363,-25.93798828,-0.86065674,-24.0735321,0,0.0,3.00090027,3.00090027,0.68354994,0.52544457,1578642412980825,252521231097, HMD, -0.02261, 1.14372, 0.38659, 0.32327, -0.03965, -0.93502, -0.14021
3777288,1578642412990697,1,1,1,1,0,1,1,1,1,0,0.00999451,-0.39407349,0.91900635,0.00697327,-0.40460205,0.91445923,32.67652893,-1.32167053,-30.01574707,-25.93910217,-0.85307312,-24.0652771,0,0.0,3.11543274,3.11543274,0.69107586,0.52122641,1578642412994334,252521366205, HMD, -0.02301, 1.14364, 0.38678, 0.32099, -0.04006, -0.93576, -0.14038
3777288,1578642412994717,1,1,1,1,0,1,1,1,1,0,0.00999451,-0.39407349,0.91900635,0.00697327,-0.40460205,0.91445923,32.67652893,-1.32167053,-30.01574707,-25.93910217,-0.85307312,-24.0652771,0,0.0,3.11543274,3.11543274,0.69107586,0.52122641,1578642412994702,252521369866, HMD, -0.02303, 1.14364, 0.38679, 0.32092, -0.04007, -0.93579, -0.14038
3777296,1578642412998720,1,1,1,1,0,1,1,1,1,0,0.0128479,-0.38961792,0.92086792,0.00737,-0.39974976,0.9165802,32.68756104,-1.31446838,-30.10275269,-25.93798828,-0.85826111,-24.05700684,0,0.0,3.01115417,3.01115417,0.69107586,0.52122641,1578642412997517,252521398014, HMD, -0.02311, 1.14362, 0.38685, 0.32044, -0.04016, -0.93595, -0.14040
3777296,1578642413002697,1,1,1,1,0,1,1,1,1,0,0.0128479,-0.38961792,0.92086792,0.00737,-0.39974976,0.9165802,32.68756104,-1.31446838,-30.10275269,-25.93798828,-0.85826111,-24.05700684,0,0.0,3.01115417,3.01115417,0.69107586,0.52122641,1578642413007539,252521498248, HMD, -0.02341, 1.14360, 0.38706, 0.31862, -0.04046, -0.93654, -0.14045
3777305,1578642413007714,1,1,1,1,0,1,1,1,1,0,0.01837158,-0.38848877,0.92126465,0.02029419,-0.39599609,0.91801453,32.70904541,-1.34486389,-30.03553772,-25.9203949,-0.88746643,-23.98193359,0,0.0,3.1315155,3.1315155,0.68584931,0.52075148,1578642413007749,252521500337, HMD, -0.02341, 1.14360, 0.38706, 0.31858, -0.04046, -0.93656, -0.14045
3777305,1578642413011687,1,1,1,1,0,1,1,1,1,0,0.01837158,-0.38848877,0.92126465,0.02029419,-0.39599609,0.91801453,32.70904541,-1.34486389,-30.03553772,-25.9203949,-0.88746643,-23.98193359,0,0.0,3.1315155,3.1315155,0.68584931,0.52075148,1578642413011614,252521538983, HMD, -0.02354, 1.14358, 0.38715, 0.31784, -0.04058, -0.93681, -0.14042
3777313,1578642413015696,1,1,1,1,0,1,1,1,1,0,0.01451111,-0.39898682,0.91682434,0.0241394,-0.39666748,0.91763306,32.73937988,-1.42184448,-29.79428101,-25.90699768,-0.90484619,-23.96269226,0,0.0,3.13061523,3.13061523,0.68584931,0.52075148,1578642413011892,252521541762, HMD, -0.02355, 1.14358, 0.38716, 0.31779, -0.04059, -0.93683, -0.14042
3777313,1578642413019695,1,1,1,1,0,1,1,1,1,0,0.01451111,-0.39898682,0.91682434,0.0241394,-0.39666748,0.91763306,32.73937988,-1.42184448,-29.79428101,-25.90699768,-0.90484619,-23.96269226,0,0.0,3.13061523,3.13061523,0.68584931,0.52075148,1578642413020821,252521631073, HMD, -0.02383, 1.14358, 0.38739, 0.31605, -0.04083, -0.93742, -0.14031
3777321,1578642413023691,1,1,1,1,0,1,1,1,1,0,0.02226257,-0.39308167,0.91921997,0.02258301,-0.39985657,0.91629028,32.7567749,-1.39009094,-29.91087341,-25.9021759,-0.90045166,-23.96723938,0,0.0,3.09632874,3.09632874,0.69523335,0.51585144,1578642413023730,252521660146, HMD, -0.02397, 1.14360, 0.38748, 0.31543, -0.04090, -0.93763, -0.14025
3777321,1578642413027706,1,1,1,1,0,1,1,1,1,0,0.02226257,-0.39308167,0.91921997,0.02258301,-0.39985657,0.91629028,32.7567749,-1.39009094,-29.91087341,-25.9021759,-0.90045166,-23.96723938,0,0.0,3.09632874,3.09632874,0.69523335,0.51585144,1578642413024481,252521667653, HMD, -0.02399, 1.14360, 0.38751, 0.31528, -0.04093, -0.93769, -0.14022
3777330,1578642413031686,1,1,1,1,0,1,1,1,1,0,0.03710938,-0.39717102,0.91699219,0.02844238,-0.39822388,0.9168396,32.77209473,-1.35693359,-29.92510986,-25.88998413,-0.85574341,-24.00064087,0,0.0,3.23542786,3.23542786,0.69523335,0.51585144,1578642413024481,252521667653, HMD, -0.02399, 1.14360, 0.38751, 0.31528, -0.04093, -0.93769, -0.14022
3777330,1578642413035691,1,1,1,1,0,1,1,1,1,0,0.03710938,-0.39717102,0.91699219,0.02844238,-0.39822388,0.9168396,32.77209473,-1.35693359,-29.92510986,-25.88998413,-0.85574341,-24.00064087,0,0.0,3.23542786,3.23542786,0.69523335,0.51585144,1578642413046630,252521889152, HMD, -0.02479, 1.14380, 0.38825, 0.31052, -0.04139, -0.93942, -0.13912
3777338,1578642413042692,1,1,1,1,0,1,1,1,1,0,0.03756714,-0.39070129,0.91973877,0.03509521,-0.39746094,0.91693115,32.7875824,-1.27883911,-30.05215454,-25.88227844,-0.84594727,-23.94067383,0,0.0,3.18928528,3.18928528,0.69334072,0.53021467,1578642413046630,252521889152, HMD, -0.02479, 1.14380, 0.38825, 0.31052, -0.04139, -0.93942, -0.13912
3777338,1578642413046692,1,1,1,1,0,1,1,1,1,0,0.02560425,-0.38525391,0.92243958,0.02207947,-0.40454102,0.91424561,32.68785095,-1.21722412,-30.17581177,-25.95335388,-0.75994873,-24.13516235,0,0.0,3.13246155,3.13246155,0.69334072,0.53021467,1578642413046630,252521889152, HMD, -0.02479, 1.14380, 0.38825, 0.31052, -0.04139, -0.93942, -0.13912
3777346,1578642413051684,1,1,1,1,0,1,1,1,1,0,0.02560425,-0.38525391,0.92243958,0.02207947,-0.40454102,0.91424561,32.68785095,-1.21722412,-30.17581177,-25.95335388,-0.75994873,-24.13516235,0,0.0,3.13246155,3.13246155,0.69334072,0.53021467,1578642413049895,252521921794, HMD, -0.02490, 1.14385, 0.38838, 0.30978, -0.04144, -0.93970, -0.13887
3777355,1578642413055690,1,1,1,1,0,1,1,1,1,0,-0.01600647,-0.39007568,0.92063904,-0.02035522,-0.39027405,0.92047119,32.45942688,-1.08158875,-30.43505859,-26.11491394,-0.72966003,-24.04219055,0,0.0,3.17724609,3.17724609,0.6886667,0.5221414,1578642413059001,252522012880, HMD, -0.02520, 1.14399, 0.38877, 0.30773, -0.04155, -0.94049, -0.13806
3777355,1578642413060676,1,1,1,1,0,1,1,1,1,0,-0.01600647,-0.39007568,0.92063904,-0.02035522,-0.39027405,0.92047119,32.45942688,-1.08158875,-30.43505859,-26.11491394,-0.72966003,-24.04219055,0,0.0,3.17724609,3.17724609,0.6886667,0.5221414,1578642413060677,252522029614, HMD, -0.02526, 1.14402, 0.38884, 0.30735, -0.04156, -0.94063, -0.13790
3777363,1578642413064687,1,1,1,1,0,1,1,1,1,0,-0.05581665,-0.38713074,0.9203186,-0.06448364,-0.39373779,0.91694641,32.1829071,-0.87051392,-30.91381836,-26.33184814,-0.59237671,-24.27507019,0,0.0,3.04193115,3.04193115,0.6886667,0.5221414,1578642413062002,252522042860, HMD, -0.02531, 1.14405, 0.38890, 0.30704, -0.04157, -0.94075, -0.13777
3777363,1578642413070685,1,1,1,1,0,1,1,1,1,0,-0.05581665,-0.38713074,0.9203186,-0.06448364,-0.39373779,0.91694641,32.1829071,-0.87051392,-30.91381836,-26.33184814,-0.59237671,-24.27507019,0,0.0,3.04193115,3.04193115,0.6886667,0.5221414,1578642413076756,252522190436, HMD, -0.02581, 1.14433, 0.38962, 0.30356, -0.04168, -0.94210, -0.13627
3777371,1578642413074695,1,1,1,1,0,1,1,1,1,0,-0.09365845,-0.38168335,0.91952515,-0.11016846,-0.39343262,0.91271973,31.92112732,-0.74562073,-31.31306458,-26.56582642,-0.44236755,-24.66300964,0,0.0,2.938797,2.938797,0.63283598,0.44364864,1578642413076756,252522190436, HMD, -0.02581, 1.14433, 0.38962, 0.30356, -0.04168, -0.94210, -0.13627
3777371,1578642413079682,1,1,1,1,0,1,1,1,1,0,-0.09365845,-0.38168335,0.91952515,-0.11016846,-0.39343262,0.91271973,31.92112732,-0.74562073,-31.31306458,-26.56582642,-0.44236755,-24.66300964,0,0.0,2.938797,2.938797,0.63283598,0.44364864,1578642413079727,252522220111, HMD, -0.02591, 1.14439, 0.38977, 0.30284, -0.04170, -0.94237, -0.13595
3777380,1578642413083676,1,1,1,1,0,1,1,1,1,0,-0.12701416,-0.38275146,0.91506958,-0.14723206,-0.39286804,0.90771484,31.67608643,-0.73716736,-31.39822388,-26.73388672,-0.42292786,-24.74795532,0,0.0,2.9521637,2.9521637,0.63283598,0.44364864,1578642413080351,252522226353, HMD, -0.02593, 1.14440, 0.38980, 0.30269, -0.04171, -0.94243, -0.13588
3777380,1578642413087779,1,1,1,1,0,1,1,1,1,0,-0.12701416,-0.38275146,0.91506958,-0.14723206,-0.39286804,0.90771484,31.67608643,-0.73716736,-31.39822388,-26.73388672,-0.42292786,-24.74795532,0,0.0,2.9521637,2.9521637,0.63283598,0.44364864,1578642413092193,252522344785, HMD, -0.02637, 1.14462, 0.39043, 0.29977, -0.04178, -0.94353, -0.13473
3777388,1578642413091675,1,1,1,1,0,1,1,1,1,0,-0.17433167,-0.36514282,0.91447449,-0.16885376,-0.40048218,0.90060425,31.60188293,-0.56512451,-31.90434265,-26.81809998,-0.49732971,-24.33695984,0,0.0,3.09953308,3.09953308,0.6406278,0.44765764,1578642413092193,252522344785, HMD, -0.02637, 1.14462, 0.39043, 0.29977, -0.04178, -0.94353, -0.13473
3777388,1578642413095676,1,1,1,1,0,1,1,1,1,0,-0.17433167,-0.36514282,0.91447449,-0.16885376,-0.40048218,0.90060425,31.60188293,-0.56512451,-31.90434265,-26.81809998,-0.49732971,-24.33695984,0,0.0,3.09953308,3.09953308,0.6406278,0.44765764,1578642413095140,252522374241, HMD, -0.02646, 1.14468, 0.39060, 0.29903, -0.04179, -0.94380, -0.13446
3777396,1578642413100677,1,1,1,1,0,1,1,1,1,0,-0.15579224,-0.37348938,0.91444397,-0.16720581,-0.39993286,0.90115356,31.61965942,-0.61407471,-31.75804138,-26.82926941,-0.54734802,-24.24476624,0,0.0,3.16481018,3.16481018,0.6406278,0.44765764,1578642413104282,252522465674, HMD, -0.02688, 1.14486, 0.39112, 0.29673, -0.04179, -0.94463, -0.13369
3777404,1578642413104675,1,1,1,1,0,1,1,1,1,0,-0.14271545,-0.38201904,0.91305542,-0.16424561,-0.40141296,0.90103149,31.62805176,-0.64889526,-31.67636108,-26.8140564,-0.54241943,-24.49882507,0,0.0,3.07901001,3.07901001,0.6463601,0.484992,1578642413104760,252522470444, HMD, -0.02690, 1.14487, 0.39115, 0.29661, -0.04179, -0.94468, -0.13365
3777404,1578642413109686,1,1,1,1,0,1,1,1,1,0,-0.14271545,-0.38201904,0.91305542,-0.16424561,-0.40141296,0.90103149,31.62805176,-0.64889526,-31.67636108,-26.8140564,-0.54241943,-24.49882507,0,0.0,3.07901001,3.07901001,0.6463601,0.484992,1578642413107545,252522498289, HMD, -0.02700, 1.14491, 0.39130, 0.29589, -0.04180, -0.94493, -0.13344
3777404,1578642413113658,1,1,1,1,0,1,1,1,1,0,-0.14271545,-0.38201904,0.91305542,-0.16424561,-0.40141296,0.90103149,31.62805176,-0.64889526,-31.67636108,-26.8140564,-0.54241943,-24.49882507,0,0.0,3.07901001,3.07901001,0.6463601,0.484992,1578642413116580,252522588658, HMD, -0.02734, 1.14504, 0.39180, 0.29356, -0.04181, -0.94574, -0.13282
3777413,1578642413117667,1,1,1,1,0,1,1,1,1,0,-0.1287384,-0.38221741,0.91505432,-0.16127014,-0.40138245,0.90159607,31.68492126,-0.71894836,-31.59901428,-26.80773926,-0.57502747,-24.44790649,0,0.0,2.96078491,2.96078491,0.6463601,0.484992,1578642413117583,252522598672, HMD, -0.02738, 1.14505, 0.39186, 0.29330, -0.04181, -0.94583, -0.13277
3777413,1578642413121666,1,1,1,1,0,1,1,1,1,0,-0.14266968,-0.38685608,0.911026,-0.14833069,-0.4025116,0.90330505,31.72990417,-0.67466736,-31.77999878,-26.78611755,-0.6335144,-24.39710999,0,0.0,2.99198914,2.99198914,0.6463601,0.484992,1578642413120594,252522628784, HMD, -0.02750, 1.14509, 0.39203, 0.29250, -0.04180, -0.94610, -0.13260
3777421,1578642413125664,1,1,1,1,0,1,1,1,1,0,-0.14266968,-0.38685608,0.911026,-0.14833069,-0.4025116,0.90330505,31.72990417,-0.67466736,-31.77999878,-26.78611755,-0.6335144,-24.39710999,0,0.0,2.99198914,2.99198914,0.66601014,0.49586937,1578642413129578,252522718630, HMD, -0.02790, 1.14519, 0.39255, 0.29013, -0.04176, -0.94689, -0.13222
3777429,1578642413129653,1,1,1,1,0,1,1,1,1,0,-0.14266968,-0.38685608,0.911026,-0.14833069,-0.4025116,0.90330505,31.72990417,-0.67466736,-31.77999878,-26.78611755,-0.6335144,-24.39710999,0,0.0,2.99198914,2.99198914,0.66601014,0.49586937,1578642413129578,252522718630, HMD, -0.02790, 1.14519, 0.39255, 0.29013, -0.04176, -0.94689, -0.13222
3777429,1578642413133655,1,1,1,1,0,1,1,1,1,0,-0.12542725,-0.39190674,0.91139221,-0.14318848,-0.40371704,0.90359497,31.75984192,-0.71286011,-31.65805054,-26.76823425,-0.68370056,-24.23373413,0,0.0,2.97889709,2.97889709,0.66601014,0.49586937,1578642413133319,252522756033, HMD, -0.02803, 1.14523, 0.39278, 0.28915, -0.04175, -0.94721, -0.13209
3777429,1578642413137658,1,1,1,1,0,1,1,1,1,0,-0.12542725,-0.39190674,0.91139221,-0.14318848,-0.40371704,0.90359497,31.75984192,-0.71286011,-31.65805054,-26.76823425,-0.68370056,-24.23373413,0,0.0,2.97889709,2.97889709,0.66601014,0.49586937,1578642413133319,252522756033, HMD, -0.02803, 1.14523, 0.39278, 0.28915, -0.04175, -0.94721, -0.13209
3777438,1578642413141654,1,1,1,1,0,1,1,1,1,0,-0.13482666,-0.38182068,0.91433716,-0.14172363,-0.40007019,0.90544128,31.78239441,-0.75363159,-31.56784058,-26.7644043,-0.68157959,-24.26948547,0,0.0,3.08544922,3.08544922,0.66055942,0.52377045,1578642413142563,252522848482, HMD, -0.02846, 1.14533, 0.39333, 0.28668, -0.04168, -0.94799, -0.13190
3777438,1578642413145651,1,1,1,1,0,1,1,1,1,0,-0.13482666,-0.38182068,0.91433716,-0.14172363,-0.40007019,0.90544128,31.78239441,-0.75363159,-31.56784058,-26.7644043,-0.68157959,-24.26948547,0,0.0,3.08544922,3.08544922,0.66055942,0.52377045,1578642413145677,252522879609, HMD, -0.02859, 1.14534, 0.39351, 0.28584, -0.04165, -0.94824, -0.13187
3777446,1578642413149642,1,1,1,1,0,1,1,1,1,0,-0.10600281,-0.42247009,0.90014648,-0.14009094,-0.40063477,0.90545654,31.80679321,-0.85932922,-31.27981567,-26.76194763,-0.67945862,-24.30522156,0,0.0,2.80195618,2.80195618,0.66055942,0.52377045,1578642413146455,252522887393, HMD, -0.02862, 1.14534, 0.39356, 0.28563, -0.04165, -0.94831, -0.13186
3777446,1578642413153731,1,1,1,1,0,1,1,1,1,0,-0.10600281,-0.42247009,0.90014648,-0.14009094,-0.40063477,0.90545654,31.80679321,-0.85932922,-31.27981567,-26.76194763,-0.67945862,-24.30522156,0,0.0,2.80195618,2.80195618,0.66055942,0.52377045,1578642413156768,252522990532, HMD, -0.02904, 1.14536, 0.39416, 0.28286, -0.04158, -0.94915, -0.13184
3777454,1578642413157642,1,1,1,1,0,1,1,1,1,0,-0.10868835,-0.39430237,0.91252136,-0.13092041,-0.40060425,0.90682983,31.83329773,-0.92198181,-31.09971619,-26.76126099,-0.65507507,-24.43484497,0,0.0,2.95037842,2.95037842,0.64638394,0.51010811,1578642413157600,252522998847, HMD, -0.02908, 1.14536, 0.39421, 0.28263, -0.04158, -0.94921, -0.13185
3777454,1578642413161644,1,1,1,1,0,1,1,1,1,0,-0.10868835,-0.39430237,0.91252136,-0.13092041,-0.40060425,0.90682983,31.83329773,-0.92198181,-31.09971619,-26.76126099,-0.65507507,-24.43484497,0,0.0,2.95037842,2.95037842,0.64638394,0.51010811,1578642413159902,252523021866, HMD, -0.02918, 1.14536, 0.39435, 0.28202, -0.04156, -0.94940, -0.13186
3777463,1578642413165652,1,1,1,1,0,1,1,1,1,0,-0.10656738,-0.40408325,0.90847778,-0.12437439,-0.39471436,0.91033936,31.86141968,-0.93630981,-31.05778503,-26.7414093,-0.63586426,-24.58837891,0,0.0,3.01101685,3.01101685,0.64638394,0.51010811,1578642413168364,252523106498, HMD, -0.02959, 1.14535, 0.39484, 0.27972, -0.04146, -0.95007, -0.13193
3777463,1578642413169648,1,1,1,1,0,1,1,1,1,0,-0.10656738,-0.40408325,0.90847778,-0.12437439,-0.39471436,0.91033936,31.86141968,-0.93630981,-31.05778503,-26.7414093,-0.63586426,-24.58837891,0,0.0,3.01101685,3.01101685,0.64638394,0.51010811,1578642413169673,252523119571, HMD, -0.02965, 1.14534, 0.39492, 0.27936, -0.04146, -0.95017, -0.13194
3777471,1578642413173652,1,1,1,1,0,1,1,1,1,0,-0.11094666,-0.40853882,0.90596008,-0.11424255,-0.39120483,0.91317749,31.88925171,-0.87203979,-31.22285461,-26.7260437,-0.65696716,-24.53764343,0,0.0,3.01454163,3.01454163,0.64623791,0.54282111,1578642413171916,252523142001, HMD, -0.02975, 1.14533, 0.39506, 0.27875, -0.04145, -0.95035, -0.13197
3777471,1578642413178650,1,1,1,1,0,1,1,1,1,0,-0.11094666,-0.40853882,0.90596008,-0.11424255,-0.39120483,0.91317749,31.88925171,-0.87203979,-31.22285461,-26.7260437,-0.65696716,-24.53764343,0,0.0,3.01454163,3.01454163,0.64623791,0.54282111,1578642413171916,252523142001, HMD, -0.02975, 1.14533, 0.39506, 0.27875, -0.04145, -0.95035, -0.13197
3777479,1578642413182652,1,1,1,1,0,1,1,1,1,0,-0.11386108,-0.38142395,0.91734314,-0.11242676,-0.39653015,0.91110229,31.91271973,-0.81233215,-31.33700562,-26.72131348,-0.66151428,-24.47598267,0,0.0,2.97224426,2.97224426,0.64623791,0.54282111,1578642413188852,252523311422, HMD, -0.03056, 1.14531, 0.39607, 0.27417, -0.04141, -0.95165, -0.13224
3777479,1578642413186648,1,1,1,1,0,1,1,1,1,0,-0.11386108,-0.38142395,0.91734314,-0.11242676,-0.39653015,0.91110229,31.91271973,-0.81233215,-31.33700562,-26.72131348,-0.66151428,-24.47598267,0,0.0,2.97224426,2.97224426,0.64623791,0.54282111,1578642413188852,252523311422, HMD, -0.03056, 1.14531, 0.39607, 0.27417, -0.04141, -0.95165, -0.13224
3777488,1578642413190650,1,1,1,1,0,1,1,1,1,0,-0.11360168,-0.38955688,0.91395569,-0.10609436,-0.39151001,0.91403198,31.93513489,-0.77191162,-31.41506958,-26.70646667,-0.64530945,-24.46253967,0,0.0,3.06306458,3.06306458,0.6524604,0.53729033,1578642413190658,252523329431, HMD, -0.03064, 1.14530, 0.39618, 0.27366, -0.04141, -0.95179, -0.13227
3777488,1578642413194642,1,1,1,1,0,1,1,1,1,0,-0.11360168,-0.38955688,0.91395569,-0.10609436,-0.39151001,0.91403198,31.93513489,-0.77191162,-31.41506958,-26.70646667,-0.64530945,-24.46253967,0,0.0,3.06306458,3.06306458,0.6524604,0.53729033,1578642413192565,252523348498, HMD, -0.03073, 1.14529, 0.39630, 0.27313, -0.04141, -0.95194, -0.13230
3777496,1578642413199646,1,1,1,1,0,1,1,1,1,0,-0.10185242,-0.37806702,0.92015076,-0.10675049,-0.38796997,0.91546631,31.95947266,-0.78771973,-31.34046936,-26.69656372,-0.68174744,-24.29138184,0,0.0,2.93759155,2.93759155,0.6524604,0.53729033,1578642413201505,252523437896, HMD, -0.03119, 1.14529, 0.39685, 0.27068, -0.04142, -0.95261, -0.13246
3777496,1578642413203641,1,1,1,1,0,1,1,1,1,0,-0.10185242,-0.37806702,0.92015076,-0.10675049,-0.38796997,0.91546631,31.95947266,-0.78771973,-31.34046936,-26.69656372,-0.68174744,-24.29138184,0,0.0,2.93759155,2.93759155,0.6524604,0.53729033,1578642413203683,252523459672, HMD, -0.03129, 1.14528, 0.39699, 0.27008, -0.04143, -0.95278, -0.13250
3777504,1578642413207631,1,1,1,1,0,1,1,1,1,0,-0.10160828,-0.39300537,0.91389465,-0.10762024,-0.39093018,0.91409302,31.99295044,-0.75978088,-31.38092041,-26.67303467,-0.66700745,-24.39523315,0,0.0,2.91874695,2.91874695,0.63922983,0.53368306,1578642413205111,252523473955, HMD, -0.03136, 1.14528, 0.39708, 0.26969, -0.04144, -0.95288, -0.13252
3777504,1578642413211629,1,1,1,1,0,1,1,1,1,0,-0.10160828,-0.39300537,0.91389465,-0.10762024,-0.39093018,0.91409302,31.99295044,-0.75978088,-31.38092041,-26.67303467,-0.66700745,-24.39523315,0,0.0,2.91874695,2.91874695,0.63922983,0.53368306,1578642413216529,252523588139, HMD, -0.03189, 1.14524, 0.39777, 0.26656, -0.04151, -0.95374, -0.13265
3777513,1578642413215629,1,1,1,1,0,1,1,1,1,0,-0.10220337,-0.40493774,0.90859985,-0.105896,-0.3951416,0.91249084,32.02635193,-0.74237061,-31.41592407,-26.65057373,-0.65248108,-24.4717865,0,0.0,2.95875549,2.95875549,0.63922983,0.53368306,1578642413216529,252523588139, HMD, -0.03189, 1.14524, 0.39777, 0.26656, -0.04151, -0.95374, -0.13265
3777513,1578642413219639,1,1,1,1,0,1,1,1,1,0,-0.10220337,-0.40493774,0.90859985,-0.105896,-0.3951416,0.91249084,32.02635193,-0.74237061,-31.41592407,-26.65057373,-0.65248108,-24.4717865,0,0.0,2.95875549,2.95875549,0.63922983,0.53368306,1578642413219691,252523619750, HMD, -0.03203, 1.14522, 0.39797, 0.26570, -0.04154, -0.95398, -0.13267
3777521,1578642413223628,1,1,1,1,0,1,1,1,1,0,-0.0965271,-0.40020752,0.91131592,-0.1010437,-0.38615417,0.91687012,32.05239868,-0.76205444,-31.32684326,-26.62466431,-0.66067505,-24.44061279,0,0.0,2.96565247,2.96565247,0.65116566,0.54160041,1578642413219691,252523619750, HMD, -0.03203, 1.14522, 0.39797, 0.26570, -0.04154, -0.95398, -0.13267
3777521,1578642413229655,1,1,1,1,0,1,1,1,1,0,-0.0965271,-0.40020752,0.91131592,-0.1010437,-0.38615417,0.91687012,32.05239868,-0.76205444,-31.32684326,-26.62466431,-0.66067505,-24.44061279,0,0.0,2.96565247,2.96565247,0.65116566,0.54160041,1578642413231338,252523736257, HMD, -0.03261, 1.14520, 0.39873, 0.26252, -0.04160, -0.95484, -0.13276
3777529,1578642413233612,1,1,1,1,0,1,1,1,1,0,-0.09861755,-0.4180603,0.90304565,-0.09663391,-0.3868866,0.91703796,32.07553101,-0.72050476,-31.45127869,-26.59284973,-0.68229675,-24.35743713,0,0.0,2.82048035,2.82048035,0.65116566,0.54160041,1578642413233573,252523758570, HMD, -0.03272, 1.14519, 0.39887, 0.26192, -0.04161, -0.95501, -0.13277
3777529,1578642413238628,1,1,1,1,0,1,1,1,1,0,-0.08157349,-0.39346313,0.91571045,-0.08901978,-0.3868866,0.9178009,32.10186768,-0.75692749,-31.37060547,-26.56814575,-0.69613647,-24.30609131,0,0.0,3.05136108,3.05136108,0.65116566,0.54160041,1578642413234448,252523767322, HMD, -0.03278, 1.14518, 0.39892, 0.26169, -0.04162, -0.95507, -0.13277
3777538,1578642413242620,1,1,1,1,0,1,1,1,1,0,-0.08157349,-0.39346313,0.91571045,-0.08901978,-0.3868866,0.9178009,32.10186768,-0.75692749,-31.37060547,-26.56814575,-0.69613647,-24.30609131,0,0.0,3.05136108,3.05136108,0.6557433,0.52453738,1578642413245020,252523873057, HMD, -0.03329, 1.14516, 0.39960, 0.25885, -0.04170, -0.95583, -0.13282
3777546,1578642413246624,1,1,1,1,0,1,1,1,1,0,-0.09190369,-0.41200256,0.90652466,-0.08592224,-0.38276672,0.91983032,32.1348114,-0.78244019,-31.30644226,-26.55010986,-0.68634033,-24.36804199,0,0.0,2.87084961,2.87084961,0.6557433,0.52453738,1578642413246570,252523888543, HMD, -0.03336, 1.14516, 0.39970, 0.25843, -0.04171, -0.95595, -0.13282
3777546,1578642413250619,1,1,1,1,0,1,1,1,1,0,-0.09190369,-0.41200256,0.90652466,-0.08592224,-0.38276672,0.91983032,32.1348114,-0.78244019,-31.30644226,-26.55010986,-0.68634033,-24.36804199,0,0.0,2.87084961,2.87084961,0.6557433,0.52453738,1578642413248034,252523903182, HMD, -0.03343, 1.14515, 0.39979, 0.25805, -0.04172, -0.95605, -0.13282
3777554,1578642413254621,1,1,1,1,0,1,1,1,1,0,-0.07194519,-0.38674927,0.91937256,-0.08137512,-0.3802948,0.92126465,32.1703949,-0.89294434,-30.99101257,-26.5252533,-0.71801758,-24.27932739,0,0.0,2.90045166,2.90045166,0.65767163,0.53665596,1578642413256564,252523988501, HMD, -0.03384, 1.14510, 0.40034, 0.25582, -0.04178, -0.95665, -0.13283
3777554,1578642413258617,1,1,1,1,0,1,1,1,1,0,-0.07194519,-0.38674927,0.91937256,-0.08137512,-0.3802948,0.92126465,32.1703949,-0.89294434,-30.99101257,-26.5252533,-0.71801758,-24.27932739,0,0.0,2.90045166,2.90045166,0.65767163,0.53665596,1578642413258658,252524009427, HMD, -0.03394, 1.14509, 0.40047, 0.25527, -0.04180, -0.95679, -0.13283
3777563,1578642413262616,1,1,1,1,0,1,1,1,1,0,-0.07162476,-0.42451477,0.90257263,-0.08375549,-0.38261414,0.92008972,32.20153809,-0.89518738,-31.01695251,-26.50230408,-0.73556519,-24.24382019,0,0.0,2.81951904,2.81951904,0.65767163,0.53665596,1578642413259609,252524018936, HMD, -0.03398, 1.14509, 0.40053, 0.25502, -0.04180, -0.95686, -0.13283
3777563,1578642413267631,1,1,1,1,0,1,1,1,1,0,-0.07162476,-0.42451477,0.90257263,-0.08375549,-0.38261414,0.92008972,32.20153809,-0.89518738,-31.01695251,-26.50230408,-0.73556519,-24.24382019,0,0.0,2.81951904,2.81951904,0.65767163,0.53665596,1578642413274853,252524171444, HMD, -0.03468, 1.14501, 0.40148, 0.25116, -0.04190, -0.95787, -0.13287
3777563,1578642413271675,1,1,1,1,0,1,1,1,1,0,-0.07162476,-0.42451477,0.90257263,-0.08375549,-0.38261414,0.92008972,32.20153809,-0.89518738,-31.01695251,-26.50230408,-0.73556519,-24.24382019,0,0.0,2.81951904,2.81951904,0.65767163,0.53665596,1578642413274853,252524171444, HMD, -0.03468, 1.14501, 0.40148, 0.25116, -0.04190, -0.95787, -0.13287
3777588,1578642413291675,1,1,1,1,0,1,1,1,1,0,-0.06063843,-0.40957642,0.9102478,-0.07049561,-0.38087463,0.92192078,32.26593018,-0.85432434,-31.27816772,-26.44706726,-0.76142883,-24.30607605,0,0.0,2.88517761,2.88517761,0.65487385,0.51421171,1578642413293590,252524358758, HMD, -0.03558, 1.14486, 0.40261, 0.24655, -0.04203, -0.95904, -0.13301
3777588,1578642413295672,1,1,1,1,0,1,1,1,1,0,-0.06063843,-0.40957642,0.9102478,-0.07049561,-0.38087463,0.92192078,32.26593018,-0.85432434,-31.27816772,-26.44706726,-0.76142883,-24.30607605,0,0.0,2.88517761,2.88517761,0.65487385,0.51421171,1578642413295715,252524379994, HMD, -0.03566, 1.14485, 0.40273, 0.24602, -0.04205, -0.95917, -0.13304
3777596,1578642413300678,1,1,1,1,0,1,1,1,1,0,-0.05613708,-0.39683533,0.91616821,-0.06407166,-0.37823486,0.92347717,32.2923584,-0.88009644,-31.22291565,-26.44020081,-0.76533508,-24.31225586,0,0.0,3.00033569,3.00033569,0.65487385,0.51421171,1578642413296822,252524391062, HMD, -0.03572, 1.14484, 0.40279, 0.24576, -0.04205, -0.95924, -0.13305
3777604,1578642413304682,1,1,1,1,0,1,1,1,1,0,-0.05700684,-0.39025879,0.91893005,-0.05999756,-0.37615967,0.92460632,32.31639099,-0.9032135,-31.07299805,-26.43333435,-0.76924133,-24.30607605,0,0.0,3.1519165,3.1519165,0.66259432,0.52149725,1578642413305932,252524482196, HMD, -0.03619, 1.14477, 0.40332, 0.24360, -0.04209, -0.95977, -0.13311
3777604,1578642413308685,1,1,1,1,0,1,1,1,1,0,-0.05700684,-0.39025879,0.91893005,-0.05999756,-0.37615967,0.92460632,32.31639099,-0.9032135,-31.07299805,-26.43333435,-0.76924133,-24.30607605,0,0.0,3.1519165,3.1519165,0.66259432,0.52149725,1578642413308636,252524509200, HMD, -0.03632, 1.14475, 0.40348, 0.24296, -0.04211, -0.95993, -0.13312
3777613,1578642413312686,1,1,1,1,0,1,1,1,1,0,-0.05142212,-0.38642883,0.92086792,-0.06100464,-0.37754822,0.92396545,32.32382202,-0.95074463,-30.87158203,-26.42381287,-0.76782227,-24.27384949,0,0.0,3.03210449,3.03210449,0.66259432,0.52149725,1578642413309240,252524515239, HMD, -0.03635, 1.14475, 0.40351, 0.24282, -0.04210, -0.95997, -0.13313
3777613,1578642413316703,1,1,1,1,0,1,1,1,1,0,-0.05142212,-0.38642883,0.92086792,-0.06100464,-0.37754822,0.92396545,32.32382202,-0.95074463,-30.87158203,-26.42381287,-0.76782227,-24.27384949,0,0.0,3.03210449,3.03210449,0.66259432,0.52149725,1578642413320358,252524626516, HMD, -0.03689, 1.14466, 0.40416, 0.24023, -0.04209, -0.96062, -0.13311
3777613,1578642413321690,1,1,1,1,0,1,1,1,1,0,-0.05142212,-0.38642883,0.92086792,-0.06100464,-0.37754822,0.92396545,32.32382202,-0.95074463,-30.87158203,-26.42381287,-0.76782227,-24.27384949,0,0.0,3.03210449,3.03210449,0.66259432,0.52149725,1578642413321742,252524640264, HMD, -0.03696, 1.14465, 0.40424, 0.23991, -0.04208, -0.96071, -0.13310
3777621,1578642413326679,1,1,1,1,0,1,1,1,1,0,-0.0615387,-0.39332581,0.91732788,-0.06913757,-0.37709045,0.92358398,32.21530151,-0.92811584,-30.96847534,-26.46458435,-0.76519775,-24.28155518,0,0.0,3.20167542,3.20167542,0.66336221,0.52082258,1578642413324182,252524664693, HMD, -0.03707, 1.14464, 0.40438, 0.23933, -0.04205, -0.96086, -0.13305
3777629,1578642413333662,1,1,1,1,0,1,1,1,1,0,-0.08676147,-0.44140625,0.89309692,-0.09941101,-0.3986969,0.91166687,31.98806763,-0.91271973,-30.99620056,-26.60490417,-0.76292419,-24.42854309,0,0.0,3.08668518,3.08668518,0.66336221,0.52082258,1578642413324182,252524664693, HMD, -0.03707, 1.14464, 0.40438, 0.23933, -0.04205, -0.96086, -0.13305
3777629,1578642413337669,1,1,1,1,0,1,1,1,1,0,-0.08676147,-0.44140625,0.89309692,-0.09941101,-0.3986969,0.91166687,31.98806763,-0.91271973,-30.99620056,-26.60490417,-0.76292419,-24.42854309,0,0.0,3.08668518,3.08668518,0.66336221,0.52082258,1578642413324182,252524664693, HMD, -0.03707, 1.14464, 0.40438, 0.23933, -0.04205, -0.96086, -0.13305
3777638,1578642413341666,1,1,1,1,0,1,1,1,1,0,-0.12692261,-0.47689819,0.86973572,-0.13876343,-0.41215515,0.90046692,31.75979614,-0.70939636,-31.72956848,-26.77371216,-0.76812744,-24.44398499,0,0.0,2.89201355,2.89201355,0.64655173,0.49047625,1578642413324182,252524664693, HMD, -0.03707, 1.14464, 0.40438, 0.23933, -0.04205, -0.96086, -0.13305
3777654,1578642413361176,1,1,1,1,0,1,1,1,1,0,-0.17932129,-0.43341064,0.88316345,-0.18081665,-0.42271423,0.88803101,31.3790741,-0.90994263,-31.51371765,-27.12606812,-0.57810974,-25.34085083,0,0.0,3.02017212,3.02017212,0.6391812,0.44087169,1578642413371247,252525135327, HMD, -0.03944, 1.14442, 0.40713, 0.22850, -0.04108, -0.96365, -0.13222
3777663,1578642413365180,1,1,1,1,0,1,1,1,1,0,-0.17170715,-0.42684937,0.88786316,-0.17982483,-0.42385864,0.88768005,31.36949158,-0.91822815,-31.48670959,-27.16456604,-0.59698486,-25.3633728,0,0.0,3.05111694,3.05111694,0.6391812,0.44087169,1578642413371247,252525135327, HMD, -0.03944, 1.14442, 0.40713, 0.22850, -0.04108, -0.96365, -0.13222
3777663,1578642413372161,1,1,1,1,0,1,1,1,1,0,-0.17170715,-0.42684937,0.88786316,-0.17982483,-0.42385864,0.88768005,31.36949158,-0.91822815,-31.48670959,-27.16456604,-0.59698486,-25.3633728,0,0.0,3.05111694,3.05111694,0.6391812,0.44087169,1578642413372224,252525145085, HMD, -0.03950, 1.14442, 0.40719, 0.22827, -0.04104, -0.96371, -0.13222
3777671,1578642413376170,1,1,1,1,0,1,1,1,1,0,-0.17610168,-0.42424011,0.88824463,-0.1993866,-0.43103027,0.88002014,31.38752747,-0.88037109,-31.59960938,-27.06776428,-0.99040222,-23.89227295,0,0.0,3.06552124,3.06552124,0.62558556,0.4646318,1578642413374220,252525165043, HMD, -0.03960, 1.14441, 0.40730, 0.22780, -0.04098, -0.96382, -0.13219
3777679,1578642413384017,1,1,1,1,0,1,1,1,1,0,-0.1803894,-0.42311096,0.88792419,-0.19833374,-0.43000793,0.88075256,31.4055481,-0.84251404,-31.7124939,-27.06585693,-1.00294495,-23.86665344,0,0.0,3.0791626,3.0791626,0.62558556,0.4646318,1578642413374220,252525165043, HMD, -0.03960, 1.14441, 0.40730, 0.22780, -0.04098, -0.96382, -0.13219
3777679,1578642413389368,1,1,1,1,0,1,1,1,1,0,-0.18162537,-0.42437744,0.8870697,-0.19760132,-0.43052673,0.88066101,31.41722107,-0.80632019,-31.83595276,-27.06509399,-0.99040222,-23.89227295,0,0.0,3.15626526,3.15626526,0.62558556,0.4646318,1578642413374220,252525165043, HMD, -0.03960, 1.14441, 0.40730, 0.22780, -0.04098, -0.96382, -0.13219
3777696,1578642413404227,1,1,1,1,0,1,1,1,1,0,-0.18153381,-0.42510986,0.88673401,-0.1986084,-0.42816162,0.8815918,31.42887878,-0.77372742,-31.95941162,-27.06642151,-0.96847534,-24.01478577,0,0.0,3.10540771,3.10540771,0.63962358,0.4601202,1578642413409068,252525513595, HMD, -0.04152, 1.14410, 0.40922, 0.21940, -0.03989, -0.96579, -0.13240
3777704,1578642413408240,1,1,1,1,0,1,1,1,1,0,-0.17857361,-0.42733765,0.88626099,-0.19772339,-0.42593384,0.88287354,31.43305969,-0.80812073,-31.85816956,-27.06776428,-0.94654846,-24.13729858,0,0.0,3.0907135,3.0907135,0.63947046,0.49503636,1578642413409068,252525513595, HMD, -0.04152, 1.14410, 0.40922, 0.21940, -0.03989, -0.96579, -0.13240
3777713,1578642413418499,1,1,1,1,0,1,1,1,1,0,-0.1756897,-0.42462158,0.88815308,-0.19366455,-0.42184448,0.88572693,31.43725586,-0.84251404,-31.75691223,-27.07646179,-0.92167664,-24.33157349,0,0.0,3.0771637,3.0771637,0.63947046,0.49503636,1578642413414064,252525563488, HMD, -0.04183, 1.14404, 0.40950, 0.21815, -0.03975, -0.96606, -0.13252
3777713,1578642413422501,1,1,1,1,0,1,1,1,1,0,-0.17327881,-0.42301941,0.88938904,-0.19094849,-0.41845703,0.88792419,31.44029236,-0.84954834,-31.73471069,-27.07937622,-0.89682007,-24.51254272,0,0.0,3.08703613,3.08703613,0.63947046,0.49503636,1578642413414064,252525563488, HMD, -0.04183, 1.14404, 0.40950, 0.21815, -0.03975, -0.96606, -0.13252
3777721,1578642413427509,1,1,1,1,0,1,1,1,1,0,-0.17327881,-0.42301941,0.88938904,-0.19094849,-0.41845703,0.88792419,31.44029236,-0.84954834,-31.73471069,-27.07937622,-0.89682007,-24.51254272,0,0.0,3.08703613,3.08703613,0.63749909,0.49632421,1578642413414064,252525563488, HMD, -0.04183, 1.14404, 0.40950, 0.21815, -0.03975, -0.96606, -0.13252
3777754,1578642413461510,1,1,1,1,0,1,1,1,1,0,-0.15136719,-0.43515015,0.88752747,-0.16688538,-0.41201782,0.89575195,31.54588318,-0.98855591,-31.15640259,-27.08293152,-0.86352539,-24.45735168,0,0.0,3.07495117,3.07495117,0.62544829,0.50405014,1578642413478991,252526212802, HMD, -0.04626, 1.14319, 0.41292, 0.20066, -0.03880, -0.96960, -0.13457
3777763,1578642413465555,1,1,1,1,0,1,1,1,1,0,-0.15115356,-0.43690491,0.88670349,-0.1456604,-0.43745422,0.88735962,31.55784607,-1.05760193,-30.92572021,-27.07574463,-0.90788269,-24.33457947,0,0.0,3.08378601,3.08378601,0.62544829,0.50405014,1578642413478991,252526212802, HMD, -0.04626, 1.14319, 0.41292, 0.20066, -0.03880, -0.96960, -0.13457
3777771,1578642413474481,1,1,1,1,0,1,1,1,1,0,-0.15072632,-0.43659973,0.88693237,-0.14878845,-0.4211731,0.89468384,31.56980896,-1.04837036,-30.9478302,-27.0877533,-0.86608887,-24.4756012,0,0.0,3.08543396,3.08543396,0.61831528,0.50609607,1578642413478991,252526212802, HMD, -0.04626, 1.14319, 0.41292, 0.20066, -0.03880, -0.96960, -0.13457
3777771,1578642413478472,1,1,1,1,0,1,1,1,1,0,-0.15072632,-0.43659973,0.88693237,-0.14878845,-0.4211731,0.89468384,31.56980896,-1.04837036,-30.9478302,-27.0877533,-0.86608887,-24.4756012,0,0.0,3.08543396,3.08543396,0.61831528,0.50609607,1578642413478991,252526212802, HMD, -0.04626, 1.14319, 0.41292, 0.20066, -0.03880, -0.96960, -0.13457
3777813,1578642413519460,1,1,1,1,0,1,1,1,1,0,-0.11427307,-0.45880127,0.88114929,-0.11784363,-0.41824341,0.90065002,31.68833923,-1.01739502,-30.73509216,-27.05664063,-0.79049683,-24.54159546,0,0.0,3.01905823,3.01905823,0.62848395,0.51004392,1578642413535535,252526778291, HMD, -0.05095, 1.14259, 0.41604, 0.18245, -0.03905, -0.97296, -0.13612
3777821,1578642413522675,1,1,1,1,0,1,1,1,1,0,-0.12145996,-0.45291138,0.88323975,-0.11424255,-0.41534424,0.90245056,31.76150513,-0.51026917,-32.65681458,-27.05729675,-0.77377319,-24.58482361,0,0.0,2.89624023,2.89624023,0.62299842,0.49690107,1578642413535535,252526778291, HMD, -0.05095, 1.14259, 0.41604, 0.18245, -0.03905, -0.97296, -0.13612
3777821,1578642413527672,1,1,1,1,0,1,1,1,1,0,-0.12145996,-0.45291138,0.88323975,-0.11424255,-0.41534424,0.90245056,31.76150513,-0.51026917,-32.65681458,-27.05729675,-0.77377319,-24.58482361,0,0.0,2.89624023,2.89624023,0.62299842,0.49690107,1578642413535535,252526778291, HMD, -0.05095, 1.14259, 0.41604, 0.18245, -0.03905, -0.97296, -0.13612
3777829,1578642413531219,1,1,1,1,0,1,1,1,1,0,-0.11824036,-0.44689941,0.88673401,-0.11096191,-0.41290283,0.90397644,31.77915955,-0.48797607,-32.7040863,-27.05664063,-0.75704956,-24.62806702,0,0.0,2.95715332,2.95715332,0.62299842,0.49690107,1578642413535535,252526778291, HMD, -0.05095, 1.14259, 0.41604, 0.18245, -0.03905, -0.97296, -0.13612
3777829,1578642413534750,1,1,1,1,0,1,1,1,1,0,-0.11824036,-0.44689941,0.88673401,-0.11096191,-0.41290283,0.90397644,31.77915955,-0.48797607,-32.7040863,-27.05664063,-0.75704956,-24.62806702,0,0.0,2.95715332,2.95715332,0.62299842,0.49690107,1578642413535535,252526778291, HMD, -0.05095, 1.14259, 0.41604, 0.18245, -0.03905, -0.97296, -0.13612
3777838,1578642413538768,1,1,1,1,0,1,1,1,1,0,-0.11767578,-0.42915344,0.89552307,-0.105896,-0.41668701,0.90284729,31.81272888,-0.42692566,-32.89408875,-27.052948,-0.74964905,-24.65808105,0,0.0,3.1750946,3.1750946,0.61451924,0.50419801,1578642413538752,252526810361, HMD, -0.05125, 1.14256, 0.41622, 0.18133, -0.03907, -0.97316, -0.13617
3777838,1578642413542866,1,1,1,1,0,1,1,1,1,0,-0.11767578,-0.42915344,0.89552307,-0.105896,-0.41668701,0.90284729,31.81272888,-0.42692566,-32.89408875,-27.052948,-0.74964905,-24.65808105,0,0.0,3.1750946,3.1750946,0.61451924,0.50419801,1578642413538856,252526811404, HMD, -0.05126, 1.14256, 0.41623, 0.18128, -0.03907, -0.97317, -0.13617
3777846,1578642413550805,1,1,1,1,0,1,1,1,1,0,-0.10966492,-0.42034912,0.9006958,-0.10748291,-0.41516113,0.90336609,31.83686829,-0.45649719,-32.79951477,-26.99859619,-0.73335266,-24.72557068,0,0.0,3.15919495,3.15919495,0.61451924,0.50419801,1578642413538856,252526811404, HMD, -0.05126, 1.14256, 0.41623, 0.18128, -0.03907, -0.97317, -0.13617
3777854,1578642413554897,1,1,1,1,0,1,1,1,1,0,-0.09474182,-0.43447876,0.89567566,-0.0954895,-0.4130249,0.90568542,31.82192993,-0.99206543,-30.75033569,-26.96488953,-0.72654724,-24.75692749,0,0.0,3.19850159,3.19850159,0.61240608,0.51529884,1578642413568700,252527109867, HMD, -0.05405, 1.14242, 0.41787, 0.17047, -0.03946, -0.97512, -0.13611
3777854,1578642413559268,1,1,1,1,0,1,1,1,1,0,-0.09474182,-0.43447876,0.89567566,-0.0954895,-0.4130249,0.90568542,31.82192993,-0.99206543,-30.75033569,-26.96488953,-0.72654724,-24.75692749,0,0.0,3.19850159,3.19850159,0.61240608,0.51529884,1578642413568700,252527109867, HMD, -0.05405, 1.14242, 0.41787, 0.17047, -0.03946, -0.97512, -0.13611
3777863,1578642413567060,1,1,1,1,0,1,1,1,1,0,-0.08253479,-0.45059204,0.8888855,-0.08909607,-0.41194153,0.90682983,31.85858154,-1.01034546,-30.67002869,-26.93615723,-0.74012756,-24.64622498,0,0.0,3.20516968,3.20516968,0.61240608,0.51529884,1578642413568700,252527109867, HMD, -0.05405, 1.14242, 0.41787, 0.17047, -0.03946, -0.97512, -0.13611
3777863,1578642413571063,1,1,1,1,0,1,1,1,1,0,-0.08253479,-0.45059204,0.8888855,-0.08909607,-0.41194153,0.90682983,31.85858154,-1.01034546,-30.67002869,-26.93615723,-0.74012756,-24.64622498,0,0.0,3.20516968,3.20516968,0.61240608,0.51529884,1578642413571031,252527133157, HMD, -0.05428, 1.14241, 0.41800, 0.16960, -0.03950, -0.97528, -0.13606
3777871,1578642413575383,1,1,1,1,0,1,1,1,1,0,-0.06887817,-0.43492126,0.89782715,-0.08317566,-0.40910339,0.90867615,31.90473938,-0.91792297,-30.92939758,-26.90614319,-0.75050354,-24.56416321,0,0.0,3.15660095,3.15660095,0.60598719,0.5239861,1578642413571749,252527140331, HMD, -0.05435, 1.14242, 0.41804, 0.16934, -0.03950, -0.97532, -0.13605
3777879,1578642413586907,1,1,1,1,0,1,1,1,1,0,-0.08322144,-0.42347717,0.90206909,-0.08659363,-0.40986633,0.90802002,31.8637085,-0.98947144,-30.73188782,-26.93585205,-0.75384521,-24.58178711,0,0.0,3.3629303,3.3629303,0.60598719,0.5239861,1578642413590432,252527327229, HMD, -0.05621, 1.14248, 0.41909, 0.16230, -0.03977, -0.97657, -0.13562
3777888,1578642413590071,1,1,1,1,0,1,1,1,1,0,-0.11514282,-0.4712677,0.87442017,-0.12417603,-0.42184448,0.89811707,31.64694214,-0.89956665,-31.08113098,-27.07624817,-0.74987793,-24.59518433,0,0.0,3.08911133,3.08911133,0.59621549,0.50602484,1578642413590432,252527327229, HMD, -0.05621, 1.14248, 0.41909, 0.16230, -0.03977, -0.97657, -0.13562
3777888,1578642413593272,1,1,1,1,0,1,1,1,1,0,-0.11514282,-0.4712677,0.87442017,-0.12417603,-0.42184448,0.89811707,31.64694214,-0.89956665,-31.08113098,-27.07624817,-0.74987793,-24.59518433,0,0.0,3.08911133,3.08911133,0.59621549,0.50602484,1578642413593289,252527355733, HMD, -0.05651, 1.14250, 0.41926, 0.16120, -0.03982, -0.97676, -0.13555
3777896,1578642413600601,1,1,1,1,0,1,1,1,1,0,-0.15634155,-0.43035889,0.88899231,-0.19221497,-0.44543457,0.87442017,31.35223389,-0.86044312,-31.19755554,-27.21105957,-0.78700256,-24.31602478,0,0.0,3.29891968,3.29891968,0.59621549,0.50602484,1578642413606195,252527484798, HMD, -0.05787, 1.14258, 0.41995, 0.15617, -0.03994, -0.97762, -0.13516
3777904,1578642413604610,1,1,1,1,0,1,1,1,1,0,-0.20913696,-0.41040039,0.8875885,-0.20483398,-0.4336853,0.87745667,31.02728271,-0.6713562,-31.7930603,-27.57106018,-0.39561462,-25.70544434,0,0.0,3.23213196,3.23213196,0.60008675,0.46734953,1578642413606195,252527484798, HMD, -0.05787, 1.14258, 0.41995, 0.15617, -0.03994, -0.97762, -0.13516
3777904,1578642413608619,1,1,1,1,0,1,1,1,1,0,-0.20913696,-0.41040039,0.8875885,-0.20483398,-0.4336853,0.87745667,31.02728271,-0.6713562,-31.7930603,-27.57106018,-0.39561462,-25.70544434,0,0.0,3.23213196,3.23213196,0.60008675,0.46734953,1578642413608695,252527509799, HMD, -0.05813, 1.14259, 0.42008, 0.15519, -0.03997, -0.97779, -0.13506
3777904,1578642413612721,1,1,1,1,0,1,1,1,1,0,-0.24412537,-0.39285278,0.88659668,-0.26377869,-0.41699219,0.86978149,30.7396698,-0.59532166,-31.9889679,-27.80622864,-0.28594971,-26.04167175,0,0.0,3.39723206,3.39723206,0.60008675,0.46734953,1578642413610061,252527523458, HMD, -0.05828, 1.14260, 0.42015, 0.15465, -0.03999, -0.97788, -0.13501
3777913,1578642413616691,1,1,1,1,0,1,1,1,1,0,-0.24412537,-0.39285278,0.88659668,-0.26377869,-0.41699219,0.86978149,30.7396698,-0.59532166,-31.9889679,-27.80622864,-0.28594971,-26.04167175,0,0.0,3.39723206,3.39723206,0.60008675,0.46734953,1578642413610061,252527523458, HMD, -0.05828, 1.14260, 0.42015, 0.15465, -0.03999, -0.97788, -0.13501
3777913,1578642413621424,1,1,1,1,0,1,1,1,1,0,-0.24412537,-0.39285278,0.88659668,-0.26377869,-0.41699219,0.86978149,30.7396698,-0.59532166,-31.9889679,-27.80622864,-0.28594971,-26.04167175,0,0.0,3.39723206,3.39723206,0.60008675,0.46734953,1578642413610061,252527523458, HMD, -0.05828, 1.14260, 0.42015, 0.15465, -0.03999, -0.97788, -0.13501
3777921,1578642413624924,1,1,1,1,0,1,1,1,1,0,-0.27629089,-0.38867188,0.87895203,-0.32214355,-0.44064331,0.83787537,30.49720764,-0.47213745,-32.44851685,-27.84759521,-0.78134155,-24.00985718,0,0.0,3.24073792,3.24073792,0.5596388,0.44174618,1578642413610061,252527523458, HMD, -0.05828, 1.14260, 0.42015, 0.15465, -0.03999, -0.97788, -0.13501
3777921,1578642413628964,1,1,1,1,0,1,1,1,1,0,-0.27629089,-0.38867188,0.87895203,-0.32214355,-0.44064331,0.83787537,30.49720764,-0.47213745,-32.44851685,-27.84759521,-0.78134155,-24.00985718,0,0.0,3.24073792,3.24073792,0.5596388,0.44174618,1578642413646042,252527883279, HMD, -0.06216, 1.14298, 0.42199, 0.14017, -0.04032, -0.98030, -0.13321
3777946,1578642413647704,1,1,1,1,0,1,1,1,1,0,-0.37359619,-0.39854431,0.83758545,-0.46620178,-0.44551086,0.76429749,30.09817505,-0.26325989,-33.14523315,-27.9533844,-1.77377319,-20.44654846,0,0.0,3.51266479,3.51266479,0.56673962,0.47759551,1578642413647719,252527900036, HMD, -0.06234, 1.14300, 0.42207, 0.13950, -0.04033, -0.98041, -0.13311
3777946,1578642413650937,1,1,1,1,0,1,1,1,1,0,-0.37359619,-0.39854431,0.83758545,-0.46620178,-0.44551086,0.76429749,30.09817505,-0.26325989,-33.14523315,-27.9533844,-1.77377319,-20.44654846,0,0.0,3.51266479,3.51266479,0.56673962,0.47759551,1578642413649091,252527913757, HMD, -0.06249, 1.14302, 0.42214, 0.13895, -0.04033, -0.98049, -0.13303
3777954,1578642413654417,1,1,1,1,0,1,1,1,1,0,-0.35006714,-0.3888855,0.85217285,-0.45553589,-0.43592834,0.77616882,30.13473511,-0.26435852,-33.17164612,-27.91650391,-1.88645935,-20.05209351,0,0.0,3.50778198,3.50778198,0.5665614,0.50843948,1578642413649091,252527913757, HMD, -0.06249, 1.14302, 0.42214, 0.13895, -0.04033, -0.98049, -0.13303
3777954,1578642413658387,1,1,1,1,0,1,1,1,1,0,-0.35006714,-0.3888855,0.85217285,-0.45553589,-0.43592834,0.77616882,30.13473511,-0.26435852,-33.17164612,-27.91650391,-1.88645935,-20.05209351,0,0.0,3.50778198,3.50778198,0.5665614,0.50843948,1578642413664002,252528062904, HMD, -0.06410, 1.14317, 0.42285, 0.13300, -0.04039, -0.98143, -0.13218
3777954,1578642413661908,1,1,1,1,0,1,1,1,1,0,-0.35006714,-0.3888855,0.85217285,-0.45553589,-0.43592834,0.77616882,30.13473511,-0.26435852,-33.17164612,-27.91650391,-1.88645935,-20.05209351,0,0.0,3.50778198,3.50778198,0.5665614,0.50843948,1578642413664002,252528062904, HMD, -0.06410, 1.14317, 0.42285, 0.13300, -0.04039, -0.98143, -0.13218
3777963,1578642413672211,1,1,1,1,0,1,1,1,1,0,-0.33563232,-0.37916565,0.86230469,-0.43876648,-0.44692993,0.77955627,30.29512024,0.76051331,-36.94104004,-27.92274475,-1.68968201,-20.81234741,0,0.0,3.35316467,3.35316467,0.5665614,0.50843948,1578642413667489,252528097733, HMD, -0.06448, 1.14322, 0.42301, 0.13164, -0.04039, -0.98164, -0.13196
3777971,1578642413676176,1,1,1,1,0,1,1,1,1,0,-0.33563232,-0.37916565,0.86230469,-0.43876648,-0.44692993,0.77955627,30.29512024,0.76051331,-36.94104004,-27.92274475,-1.68968201,-20.81234741,0,0.0,3.35316467,3.35316467,0.59037983,0.54940546,1578642413667489,252528097733, HMD, -0.06448, 1.14322, 0.42301, 0.13164, -0.04039, -0.98164, -0.13196
3777979,1578642413680173,1,1,1,1,0,1,1,1,1,0,-0.33094788,-0.37713623,0.86499023,-0.43572998,-0.43736267,0.78665161,30.36506653,0.73391724,-36.84466553,-27.90953064,-1.69358826,-20.79870605,0,0.0,3.34713745,3.34713745,0.59037983,0.54940546,1578642413690011,252528323005, HMD, -0.06688, 1.14350, 0.42402, 0.12315, -0.04021, -0.98293, -0.13062
3777979,1578642413684189,1,1,1,1,0,1,1,1,1,0,-0.33094788,-0.37713623,0.86499023,-0.43572998,-0.43736267,0.78665161,30.36506653,0.73391724,-36.84466553,-27.90953064,-1.69358826,-20.79870605,0,0.0,3.34713745,3.34713745,0.59037983,0.54940546,1578642413690011,252528323005, HMD, -0.06688, 1.14350, 0.42402, 0.12315, -0.04021, -0.98293, -0.13062
3777988,1578642413688173,1,1,1,1,0,1,1,1,1,0,-0.32608032,-0.38319397,0.86418152,-0.43255615,-0.43145752,0.79165649,30.41362,0.71914673,-36.80949402,-27.89633179,-1.69749451,-20.78507996,0,0.0,3.41200256,3.41200256,0.61408466,0.54616624,1578642413690011,252528323005, HMD, -0.06688, 1.14350, 0.42402, 0.12315, -0.04021, -0.98293, -0.13062
3777988,1578642413693666,1,1,1,1,0,1,1,1,1,0,-0.32608032,-0.38319397,0.86418152,-0.43255615,-0.43145752,0.79165649,30.41362,0.71914673,-36.80949402,-27.89633179,-1.69749451,-20.78507996,0,0.0,3.41200256,3.41200256,0.61408466,0.54616624,1578642413693647,252528359314, HMD, -0.06725, 1.14355, 0.42419, 0.12181, -0.04019, -0.98313, -0.13041
3777988,1578642413697106,1,1,1,1,0,1,1,1,1,0,-0.35334778,-0.36877441,0.85972595,-0.43673706,-0.43086243,0.78967285,30.55809021,-0.21212769,-33.76222229,-27.86132813,-1.74842834,-20.58154297,0,0.0,3.51585388,3.51585388,0.61408466,0.54616624,1578642413693785,252528360692, HMD, -0.06726, 1.14355, 0.42420, 0.12176, -0.04019, -0.98313, -0.13040
3777996,1578642413701093,1,1,1,1,0,1,1,1,1,0,-0.35334778,-0.36877441,0.85972595,-0.43673706,-0.43086243,0.78967285,30.55809021,-0.21212769,-33.76222229,-27.86132813,-1.74842834,-20.58154297,0,0.0,3.51585388,3.51585388,0.61408466,0.54616624,1578642413706698,252528489866, HMD, -0.06858, 1.14371, 0.42470, 0.11726, -0.04000, -0.98379, -0.12964
3777996,1578642413704247,1,1,1,1,0,1,1,1,1,0,-0.34173584,-0.37533569,0.86157227,-0.44087219,-0.42695618,0.789505,30.60084534,-0.05541992,-34.26989746,-27.82632446,-1.79936218,-20.43554688,0,0.0,3.46266174,3.46266174,0.61408466,0.54616624,1578642413706698,252528489866, HMD, -0.06858, 1.14371, 0.42470, 0.11726, -0.04000, -0.98379, -0.12964
3778004,1578642413708433,1,1,1,1,0,1,1,1,1,0,-0.34173584,-0.37533569,0.86157227,-0.44087219,-0.42695618,0.789505,30.60084534,-0.05541992,-34.26989746,-27.82632446,-1.79936218,-20.43554688,0,0.0,3.46266174,3.46266174,0.59761345,0.55693847,1578642413708495,252528507792, HMD, -0.06876, 1.14374, 0.42477, 0.11666, -0.03997, -0.98388, -0.12953
3778013,1578642413714394,1,1,1,1,0,1,1,1,1,0,-0.33862305,-0.38209534,0.85983276,-0.44064331,-0.42523193,0.79055786,30.64291382,-0.03422546,-34.33828735,-27.79733276,-1.80015564,-20.40678406,0,0.0,3.36219788,3.36219788,0.59761345,0.55693847,1578642413710176,252528524604, HMD, -0.06893, 1.14375, 0.42483, 0.11610, -0.03994, -0.98396, -0.12944
3778013,1578642413718408,1,1,1,1,0,1,1,1,1,0,-0.33862305,-0.38209534,0.85983276,-0.44064331,-0.42523193,0.79055786,30.64291382,-0.03422546,-34.33828735,-27.79733276,-1.80015564,-20.40678406,0,0.0,3.36219788,3.36219788,0.59761345,0.55693847,1578642413721061,252528633491, HMD, -0.07002, 1.14388, 0.42521, 0.11258, -0.03979, -0.98445, -0.12886
3778021,1578642413724391,1,1,1,1,0,1,1,1,1,0,-0.33410645,-0.37634277,0.86412048,-0.43637085,-0.42510986,0.79298401,30.66642761,-0.08049011,-34.1945343,-27.78547668,-1.79936218,-20.43554688,0,0.0,3.41131592,3.41131592,0.60259247,0.55762154,1578642413724420,252528667042, HMD, -0.07037, 1.14394, 0.42533, 0.11152, -0.03972, -0.98459, -0.12869
3778021,1578642413728397,1,1,1,1,0,1,1,1,1,0,-0.33410645,-0.37634277,0.86412048,-0.43637085,-0.42510986,0.79298401,30.66642761,-0.08049011,-34.1945343,-27.78547668,-1.79936218,-20.43554688,0,0.0,3.41131592,3.41131592,0.60259247,0.55762154,1578642413724999,252528672833, HMD, -0.07043, 1.14395, 0.42535, 0.11135, -0.03971, -0.98462, -0.12867
3778029,1578642413733382,1,1,1,1,0,1,1,1,1,0,-0.32446289,-0.41891479,0.84806824,-0.37556458,-0.44290161,0.81410217,30.61698914,-1.0164032,-30.81719971,-27.83010864,-1.46206665,-21.73745728,0,0.0,3.62139893,3.62139893,0.60259247,0.55762154,1578642413733348,252528756322, HMD, -0.07126, 1.14402, 0.42561, 0.10886, -0.03953, -0.98495, -0.12831
3778029,1578642413737386,1,1,1,1,0,1,1,1,1,0,-0.32446289,-0.41891479,0.84806824,-0.37556458,-0.44290161,0.81410217,30.61698914,-1.0164032,-30.81719971,-27.83010864,-1.46206665,-21.73745728,0,0.0,3.62139893,3.62139893,0.60259247,0.55762154,1578642413736434,252528787188, HMD, -0.07155, 1.14406, 0.42569, 0.10798, -0.03947, -0.98507, -0.12817
3778038,1578642413742422,1,1,1,1,0,1,1,1,1,0,-0.31286621,-0.42303467,0.85037231,-0.37869263,-0.4294281,0.81985474,30.65301514,-1.01022339,-30.87356567,-27.81773376,-1.39427185,-21.99095154,0,0.0,3.33863831,3.33863831,0.60791391,0.56889474,1578642413736434,252528787188, HMD, -0.07155, 1.14406, 0.42569, 0.10798, -0.03947, -0.98507, -0.12817
3778046,1578642413746391,1,1,1,1,0,1,1,1,1,0,-0.31115723,-0.40184021,0.86120605,-0.36512756,-0.43228149,0.82449341,30.69830322,-0.86810303,-31.33203125,-27.82418823,-1.33465576,-22.1933136,0,0.0,3.51344299,3.51344299,0.60791391,0.56889474,1578642413753595,252528958811, HMD, -0.07309, 1.14421, 0.42618, 0.10338, -0.03900, -0.98566, -0.12754
3778046,1578642413750394,1,1,1,1,0,1,1,1,1,0,-0.31115723,-0.40184021,0.86120605,-0.36512756,-0.43228149,0.82449341,30.69830322,-0.86810303,-31.33203125,-27.82418823,-1.33465576,-22.1933136,0,0.0,3.51344299,3.51344299,0.60791391,0.56889474,1578642413753595,252528958811, HMD, -0.07309, 1.14421, 0.42618, 0.10338, -0.03900, -0.98566, -0.12754
3778054,1578642413754388,1,1,1,1,0,1,1,1,1,0,-0.31156921,-0.4070282,0.85861206,-0.36050415,-0.43234253,0.82649231,30.72984314,-0.84043884,-31.35888672,-27.82688904,-1.27505493,-22.39567566,0,0.0,3.54478455,3.54478455,0.61853027,0.5713219,1578642413754402,252528966870, HMD, -0.07314, 1.14425, 0.42618, 0.10314, -0.03901, -0.98569, -0.12753
3778054,1578642413758393,1,1,1,1,0,1,1,1,1,0,-0.31156921,-0.4070282,0.85861206,-0.36050415,-0.43234253,0.82649231,30.72984314,-0.84043884,-31.35888672,-27.82688904,-1.27505493,-22.39567566,0,0.0,3.54478455,3.54478455,0.61853027,0.5713219,1578642413756675,252528989598, HMD, -0.07334, 1.14427, 0.42624, 0.10259, -0.03894, -0.98576, -0.12746
3778063,1578642413762380,1,1,1,1,0,1,1,1,1,0,-0.30229187,-0.40731812,0.86178589,-0.35754395,-0.43019104,0.8289032,30.74443054,-0.90292358,-31.11833191,-27.8223114,-1.24864197,-22.49211121,0,0.0,3.55462646,3.55462646,0.61853027,0.5713219,1578642413766182,252529084676, HMD, -0.07414, 1.14434, 0.42646, 0.10036, -0.03863, -0.98603, -0.12720
3778063,1578642413766378,1,1,1,1,0,1,1,1,1,0,-0.30229187,-0.40731812,0.86178589,-0.35754395,-0.43019104,0.8289032,30.74443054,-0.90292358,-31.11833191,-27.8223114,-1.24864197,-22.49211121,0,0.0,3.55462646,3.55462646,0.61853027,0.5713219,1578642413766312,252529085961, HMD, -0.07415, 1.14434, 0.42646, 0.10033, -0.03863, -0.98603, -0.12720
3778063,1578642413770380,1,1,1,1,0,1,1,1,1,0,-0.30229187,-0.40731812,0.86178589,-0.35754395,-0.43019104,0.8289032,30.74443054,-0.90292358,-31.11833191,-27.8223114,-1.24864197,-22.49211121,0,0.0,3.55462646,3.55462646,0.61853027,0.5713219,1578642413769232,252529115159, HMD, -0.07439, 1.14436, 0.42653, 0.09969, -0.03852, -0.98611, -0.12711
3778071,1578642413774375,1,1,1,1,0,1,1,1,1,0,-0.29933167,-0.40826416,0.86238098,-0.35238647,-0.43281555,0.82974243,30.75125122,-0.91516113,-31.06314087,-27.82688904,-1.222229,-22.58856201,0,0.0,3.50942993,3.50942993,0.62274128,0.56684893,1578642413778412,252529206974, HMD, -0.07514, 1.14442, 0.42676, 0.09775, -0.03816, -0.98635, -0.12691
3778071,1578642413778370,1,1,1,1,0,1,1,1,1,0,-0.29933167,-0.40826416,0.86238098,-0.35238647,-0.43281555,0.82974243,30.75125122,-0.91516113,-31.06314087,-27.82688904,-1.222229,-22.58856201,0,0.0,3.50942993,3.50942993,0.62274128,0.56684893,1578642413778412,252529206974, HMD, -0.07514, 1.14442, 0.42676, 0.09775, -0.03816, -0.98635, -0.12691
3778079,1578642413782373,1,1,1,1,0,1,1,1,1,0,-0.2959137,-0.40823364,0.86357117,-0.34785461,-0.43045044,0.83287048,30.75805664,-0.90292358,-31.11833191,-27.82876587,-1.19702148,-22.68185425,0,0.0,3.46002197,3.46002197,0.62274128,0.56684893,1578642413781521,252529238050, HMD, -0.07539, 1.14444, 0.42682, 0.09713, -0.03802, -0.98642, -0.12685
3778079,1578642413786389,1,1,1,1,0,1,1,1,1,0,-0.2959137,-0.40823364,0.86357117,-0.34785461,-0.43045044,0.83287048,30.75805664,-0.90292358,-31.11833191,-27.82876587,-1.19702148,-22.68185425,0,0.0,3.46002197,3.46002197,0.62274128,0.56684893,1578642413781521,252529238050, HMD, -0.07539, 1.14444, 0.42682, 0.09713, -0.03802, -0.98642, -0.12685
3778088,1578642413790381,1,1,1,1,0,1,1,1,1,0,-0.29252625,-0.40844727,0.86462402,-0.32797241,-0.42120361,0.84558105,30.76724243,-0.89927673,-31.12171936,-27.83067322,-1.02983093,-23.34500122,0,0.0,3.48231506,3.48231506,0.61826849,0.57465672,1578642413791983,252529342694, HMD, -0.07620, 1.14449, 0.42702, 0.09517, -0.03755, -0.98665, -0.12667
3778104,1578642413807130,1,1,1,1,0,1,1,1,1,0,-0.28590393,-0.40785217,0.86711121,-0.32281494,-0.42935181,0.84346008,30.78561401,-0.88476563,-31.17445374,-27.83311462,-1.02467346,-23.36203003,0,0.0,3.51760864,3.51760864,0.62597936,0.56945556,1578642413811183,252529534725, HMD, -0.07757, 1.14457, 0.42733, 0.09209, -0.03653, -0.98700, -0.12654
3778104,1578642413811157,1,1,1,1,0,1,1,1,1,0,-0.28590393,-0.40785217,0.86711121,-0.32281494,-0.42935181,0.84346008,30.78561401,-0.88476563,-31.17445374,-27.83311462,-1.02467346,-23.36203003,0,0.0,3.51760864,3.51760864,0.62597936,0.56945556,1578642413811183,252529534725, HMD, -0.07757, 1.14457, 0.42733, 0.09209, -0.03653, -0.98700, -0.12654
3778113,1578642413816126,1,1,1,1,0,1,1,1,1,0,-0.28269958,-0.40718079,0.8684845,-0.32183838,-0.42211914,0.84747314,30.7947998,-0.87388611,-31.22380066,-27.83636475,-0.94450378,-23.64788818,0,0.0,3.53115845,3.53115845,0.62597936,0.56945556,1578642413814534,252529568186, HMD, -0.07776, 1.14462, 0.42738, 0.09164, -0.03635, -0.98705, -0.12653
3778113,1578642413820129,1,1,1,1,0,1,1,1,1,0,-0.28269958,-0.40718079,0.8684845,-0.32183838,-0.42211914,0.84747314,30.7947998,-0.87388611,-31.22380066,-27.83636475,-0.94450378,-23.64788818,0,0.0,3.53115845,3.53115845,0.62597936,0.56945556,1578642413823833,252529661181, HMD, -0.07836, 1.14466, 0.42748, 0.09043, -0.03580, -0.98720, -0.12643
3778121,1578642413824135,1,1,1,1,0,1,1,1,1,0,-0.28260803,-0.40678406,0.86869812,-0.31977844,-0.41731262,0.85063171,30.80567932,-0.84098816,-31.33444214,-27.83959961,-0.9294281,-23.66860962,0,0.0,3.51135254,3.51135254,0.63117039,0.57953358,1578642413824078,252529663627, HMD, -0.07838, 1.14466, 0.42749, 0.09040, -0.03578, -0.98720, -0.12643
3778121,1578642413828116,1,1,1,1,0,1,1,1,1,0,-0.28260803,-0.40678406,0.86869812,-0.31977844,-0.41731262,0.85063171,30.80567932,-0.84098816,-31.33444214,-27.83959961,-0.9294281,-23.66860962,0,0.0,3.51135254,3.51135254,0.63117039,0.57953358,1578642413827083,252529693669, HMD, -0.07857, 1.14468, 0.42752, 0.09004, -0.03560, -0.98724, -0.12641
3778129,1578642413832123,1,1,1,1,0,1,1,1,1,0,-0.28256226,-0.40635681,0.86891174,-0.31793213,-0.41186523,0.85397339,30.8165741,-0.80809021,-31.44508362,-27.84284973,-0.91435242,-23.6893158,0,0.0,3.49224854,3.49224854,0.63117039,0.57953358,1578642413827083,252529693669, HMD, -0.07857, 1.14468, 0.42752, 0.09004, -0.03560, -0.98724, -0.12641
3778129,1578642413836156,1,1,1,1,0,1,1,1,1,0,-0.28256226,-0.40635681,0.86891174,-0.31793213,-0.41186523,0.85397339,30.8165741,-0.80809021,-31.44508362,-27.84284973,-0.91435242,-23.6893158,0,0.0,3.49224854,3.49224854,0.63117039,0.57953358,1578642413843071,252529853582, HMD, -0.07956, 1.14478, 0.42768, 0.08842, -0.03456, -0.98745, -0.12623
3778138,1578642413840127,1,1,1,1,0,1,1,1,1,0,-0.28225708,-0.40687561,0.86877441,-0.30429077,-0.40742493,0.86103821,30.82765198,-0.77478027,-31.53370667,-27.89570618,-0.64123535,-24.75489807,0,0.0,3.50662231,3.50662231,0.64427221,0.57732582,1578642413843071,252529853582, HMD, -0.07956, 1.14478, 0.42768, 0.08842, -0.03456, -0.98745, -0.12623
3778138,1578642413844141,1,1,1,1,0,1,1,1,1,0,-0.28225708,-0.40687561,0.86877441,-0.30429077,-0.40742493,0.86103821,30.82765198,-0.77478027,-31.53370667,-27.89570618,-0.64123535,-24.75489807,0,0.0,3.50662231,3.50662231,0.64427221,0.57732582,1578642413844150,252529864349, HMD, -0.07962, 1.14479, 0.42768, 0.08833, -0.03448, -0.98746, -0.12622
3778146,1578642413848109,1,1,1,1,0,1,1,1,1,0,-0.28178406,-0.40795898,0.8684082,-0.29293823,-0.40261841,0.86721802,30.8387146,-0.75830078,-31.55955505,-27.93881226,-0.36811829,-25.82049561,0,0.0,3.49008179,3.49008179,0.64427221,0.57732582,1578642413846344,252529886284, HMD, -0.07975, 1.14480, 0.42770, 0.08815, -0.03433, -0.98749, -0.12619
3778146,1578642413852186,1,1,1,1,0,1,1,1,1,0,-0.28178406,-0.40795898,0.8684082,-0.29293823,-0.40261841,0.86721802,30.8387146,-0.75830078,-31.55955505,-27.93881226,-0.36811829,-25.82049561,0,0.0,3.49008179,3.49008179,0.64427221,0.57732582,1578642413856910,252529991989, HMD, -0.08028, 1.14489, 0.42776, 0.08733, -0.03359, -0.98760, -0.12609
3778154,1578642413857154,1,1,1,1,0,1,1,1,1,0,-0.28276062,-0.40753174,0.86830139,-0.28860474,-0.40292358,0.86853027,30.84802246,-0.7613678,-31.55343628,-27.93574524,-0.36148071,-25.83532715,0,0.0,3.48396301,3.48396301,0.64261365,0.57870942,1578642413857182,252529994662, HMD, -0.08030, 1.14489, 0.42776, 0.08731, -0.03357, -0.98760, -0.12608
3778154,1578642413861114,1,1,1,1,0,1,1,1,1,0,-0.28276062,-0.40753174,0.86830139,-0.28860474,-0.40292358,0.86853027,30.84802246,-0.7613678,-31.55343628,-27.93574524,-0.36148071,-25.83532715,0,0.0,3.48396301,3.48396301,0.64261365,0.57870942,1578642413860282,252530025663, HMD, -0.08046, 1.14491, 0.42777, 0.08711, -0.03335, -0.98763, -0.12604
3778163,1578642413866133,1,1,1,1,0,1,1,1,1,0,-0.28372192,-0.40731812,0.86808777,-0.28430176,-0.40222168,0.87026978,30.85733032,-0.76441956,-31.5473175,-27.93266296,-0.36811829,-25.82049561,0,0.0,3.47753906,3.47753906,0.64261365,0.57870942,1578642413871614,252530139010, HMD, -0.08103, 1.14501, 0.42781, 0.08644, -0.03250, -0.98773, -0.12591
3778163,1578642413869106,1,1,1,1,0,1,1,1,1,0,-0.28372192,-0.40731812,0.86808777,-0.28430176,-0.40222168,0.87026978,30.85733032,-0.76441956,-31.5473175,-27.93266296,-0.36811829,-25.82049561,0,0.0,3.47753906,3.47753906,0.64261365,0.57870942,1578642413871614,252530139010, HMD, -0.08103, 1.14501, 0.42781, 0.08644, -0.03250, -0.98773, -0.12591
3778171,1578642413873141,1,1,1,1,0,1,1,1,1,0,-0.28320313,-0.40705872,0.86837769,-0.2853241,-0.40319824,0.86947632,30.86175537,-0.76902771,-31.53529358,-27.93014526,-0.38110352,-25.77023315,0,0.0,3.47669983,3.47669983,0.64274251,0.5789029,1578642413873190,252530154748, HMD, -0.08110, 1.14502, 0.42782, 0.08635, -0.03237, -0.98775, -0.12590
3778171,1578642413878138,1,1,1,1,0,1,1,1,1,0,-0.28320313,-0.40705872,0.86837769,-0.2853241,-0.40319824,0.86947632,30.86175537,-0.76902771,-31.53529358,-27.93014526,-0.38110352,-25.77023315,0,0.0,3.47669983,3.47669983,0.64274251,0.5789029,1578642413875498,252530177823, HMD, -0.08122, 1.14503, 0.42782, 0.08624, -0.03220, -0.98777, -0.12586
3778179,1578642413882133,1,1,1,1,0,1,1,1,1,0,-0.28260803,-0.40718079,0.86851501,-0.28431702,-0.40287781,0.8699646,30.86616516,-0.76441956,-31.5473175,-27.93266296,-0.394104,-25.71995544,0,0.0,3.4747467,3.4747467,0.64274251,0.5789029,1578642413875498,252530177823, HMD, -0.08122, 1.14503, 0.42782, 0.08624, -0.03220, -0.98777, -0.12586
3778179,1578642413886151,1,1,1,1,0,1,1,1,1,0,-0.28260803,-0.40718079,0.86851501,-0.28431702,-0.40287781,0.8699646,30.86616516,-0.76441956,-31.5473175,-27.93266296,-0.394104,-25.71995544,0,0.0,3.4747467,3.4747467,0.64274251,0.5789029,1578642413893490,252530357802, HMD, -0.08202, 1.14518, 0.42782, 0.08547, -0.03085, -0.98791, -0.12561
3778188,1578642413890139,1,1,1,1,0,1,1,1,1,0,-0.27851868,-0.40211487,0.87219238,-0.28399658,-0.4039917,0.86955261,30.86839294,-0.75830078,-31.55955505,-27.93574524,-0.40737915,-25.66998291,0,0.0,3.47016907,3.47016907,0.65371162,0.57373244,1578642413893490,252530357802, HMD, -0.08202, 1.14518, 0.42782, 0.08547, -0.03085, -0.98791, -0.12561
3778188,1578642413894139,1,1,1,1,0,1,1,1,1,0,-0.27851868,-0.40211487,0.87219238,-0.28399658,-0.4039917,0.86955261,30.86839294,-0.75830078,-31.55955505,-27.93574524,-0.40737915,-25.66998291,0,0.0,3.47016907,3.47016907,0.65371162,0.57373244,1578642413894199,252530364836, HMD, -0.08205, 1.14518, 0.42782, 0.08545, -0.03080, -0.98791, -0.12560
3778196,1578642413899153,1,1,1,1,0,1,1,1,1,0,-0.27841187,-0.40119934,0.87263489,-0.28373718,-0.40376282,0.86973572,30.86839294,-0.75538635,-31.58235168,-27.93881226,-0.42063904,-25.62001038,0,0.0,3.46896362,3.46896362,0.65371162,0.57373244,1578642413897832,252530401163, HMD, -0.08222, 1.14521, 0.42781, 0.08533, -0.03052, -0.98794, -0.12554
3778196,1578642413903192,1,1,1,1,0,1,1,1,1,0,-0.27841187,-0.40119934,0.87263489,-0.28373718,-0.40376282,0.86973572,30.86839294,-0.75538635,-31.58235168,-27.93881226,-0.42063904,-25.62001038,0,0.0,3.46896362,3.46896362,0.65371162,0.57373244,1578642413897832,252530401163, HMD, -0.08222, 1.14521, 0.42781, 0.08533, -0.03052, -0.98794, -0.12554
3778204,1578642413910126,1,1,1,1,0,1,1,1,1,0,-0.27827454,-0.40055847,0.87297058,-0.28773499,-0.40463257,0.86802673,30.86839294,-0.74147034,-31.62232971,-27.93891907,-0.40737915,-25.64079285,0,0.0,3.46783447,3.46783447,0.6515733,0.57928288,1578642413914284,252530565728, HMD, -0.08283, 1.14531, 0.42779, 0.08487, -0.02940, -0.98805, -0.12523
3778213,1578642413914127,1,1,1,1,0,1,1,1,1,0,-0.27787781,-0.3989563,0.87384033,-0.29161072,-0.40539551,0.86636353,30.86839294,-0.74142456,-31.64837646,-27.93902588,-0.394104,-25.66159058,0,0.0,3.43785095,3.43785095,0.6515733,0.57928288,1578642413914284,252530565728, HMD, -0.08283, 1.14531, 0.42779, 0.08487, -0.02940, -0.98805, -0.12523
3778213,1578642413918127,1,1,1,1,0,1,1,1,1,0,-0.27787781,-0.3989563,0.87384033,-0.29161072,-0.40539551,0.86636353,30.86839294,-0.74142456,-31.64837646,-27.93902588,-0.394104,-25.66159058,0,0.0,3.43785095,3.43785095,0.6515733,0.57928288,1578642413918145,252530604292, HMD, -0.08296, 1.14536, 0.42776, 0.08478, -0.02916, -0.98808, -0.12515
3778221,1578642413922167,1,1,1,1,0,1,1,1,1,0,-0.27761841,-0.40020752,0.87335205,-0.28936768,-0.40602112,0.86682129,30.86839294,-0.72727966,-31.67419434,-27.94837952,-0.37020874,-25.71995544,0,0.0,3.42462158,3.42462158,0.63934118,0.57543516,1578642413918845,252530611291, HMD, -0.08299, 1.14536, 0.42776, 0.08476, -0.02912, -0.98808, -0.12514
3778221,1578642413927118,1,1,1,1,0,1,1,1,1,0,-0.27761841,-0.40020752,0.87335205,-0.28936768,-0.40602112,0.86682129,30.86839294,-0.72727966,-31.67419434,-27.94837952,-0.37020874,-25.71995544,0,0.0,3.42462158,3.42462158,0.63934118,0.57543516,1578642413918845,252530611291, HMD, -0.08299, 1.14536, 0.42776, 0.08476, -0.02912, -0.98808, -0.12514
3778229,1578642413934118,1,1,1,1,0,1,1,1,1,0,-0.27755737,-0.40068054,0.87315369,-0.2893219,-0.40470886,0.8674469,30.86839294,-0.72038269,-31.68927002,-27.94857788,-0.36811829,-25.74830627,0,0.0,3.42388916,3.42388916,0.63934118,0.57543516,1578642413947312,252530896074, HMD, -0.08407, 1.14552, 0.42769, 0.08427, -0.02766, -0.98822, -0.12469
3778229,1578642413938118,1,1,1,1,0,1,1,1,1,0,-0.27755737,-0.40068054,0.87315369,-0.2893219,-0.40470886,0.8674469,30.86839294,-0.72038269,-31.68927002,-27.94857788,-0.36811829,-25.74830627,0,0.0,3.42388916,3.42388916,0.63934118,0.57543516,1578642413947312,252530896074, HMD, -0.08407, 1.14552, 0.42769, 0.08427, -0.02766, -0.98822, -0.12469
3778238,1578642413942112,1,1,1,1,0,1,1,1,1,0,-0.27719116,-0.40077209,0.87322998,-0.28927612,-0.40472412,0.86746216,30.86839294,-0.72038269,-31.68927002,-27.94874573,-0.36811829,-25.74830627,0,0.0,3.39295959,3.39295959,0.64587879,0.58189738,1578642413947312,252530896074, HMD, -0.08407, 1.14552, 0.42769, 0.08427, -0.02766, -0.98822, -0.12469
3778238,1578642413946164,1,1,1,1,0,1,1,1,1,0,-0.27719116,-0.40077209,0.87322998,-0.28927612,-0.40472412,0.86746216,30.86839294,-0.72038269,-31.68927002,-27.94874573,-0.36811829,-25.74830627,0,0.0,3.39295959,3.39295959,0.64587879,0.58189738,1578642413947312,252530896074, HMD, -0.08407, 1.14552, 0.42769, 0.08427, -0.02766, -0.98822, -0.12469
3778246,1578642413950143,1,1,1,1,0,1,1,1,1,0,-0.27694702,-0.40107727,0.87316895,-0.28562927,-0.40644836,0.86785889,30.86839294,-0.72038269,-31.68927002,-27.9493866,-0.37020874,-25.71995544,0,0.0,3.37239075,3.37239075,0.64587879,0.58189738,1578642413950081,252530923655, HMD, -0.08418, 1.14553, 0.42768, 0.08424, -0.02754, -0.98823, -0.12468
3778254,1578642413958182,1,1,1,1,0,1,1,1,1,0,-0.28144836,-0.40193176,0.87132263,-0.28903198,-0.40376282,0.86799622,30.86515808,-0.71450806,-31.68927002,-27.9493866,-0.394104,-25.66159058,0,0.0,3.34194946,3.34194946,0.64712727,0.58240509,1578642413951734,252530940185, HMD, -0.08424, 1.14554, 0.42767, 0.08422, -0.02747, -0.98824, -0.12466
3778254,1578642413962121,1,1,1,1,0,1,1,1,1,0,-0.28144836,-0.40193176,0.87132263,-0.28903198,-0.40376282,0.86799622,30.86515808,-0.71450806,-31.68927002,-27.9493866,-0.394104,-25.66159058,0,0.0,3.34194946,3.34194946,0.64712727,0.58240509,1578642413951734,252530940185, HMD, -0.08424, 1.14554, 0.42767, 0.08422, -0.02747, -0.98824, -0.12466
3778263,1578642413969161,1,1,1,1,0,1,1,1,1,0,-0.28131104,-0.40213013,0.87129211,-0.28547668,-0.40283203,0.86959839,30.86106873,-0.71450806,-31.68927002,-27.96533203,-0.4127655,-25.62001038,0,0.0,3.3026886,3.3026886,0.64712727,0.58240509,1578642413975330,252531176213, HMD, -0.08508, 1.14555, 0.42757, 0.08384, -0.02648, -0.98830, -0.12464
3778271,1578642413973157,1,1,1,1,0,1,1,1,1,0,-0.28038025,-0.40280151,0.87127686,-0.2852478,-0.40267944,0.86975098,30.8538208,-0.71450806,-31.68927002,-27.98277283,-0.41566467,-25.57368469,0,0.0,3.29232788,3.29232788,0.64384431,0.58246261,1578642413975330,252531176213, HMD, -0.08508, 1.14555, 0.42757, 0.08384, -0.02648, -0.98830, -0.12464
3778271,1578642413979150,1,1,1,1,0,1,1,1,1,0,-0.27932739,-0.40272522,0.87164307,-0.28533936,-0.4058075,0.86825562,30.84742737,-0.71157837,-31.70471191,-27.99188232,-0.42063904,-25.49740601,0,0.0,3.27674866,3.27674866,0.64384431,0.58246261,1578642413979146,252531214301, HMD, -0.08521, 1.14555, 0.42755, 0.08376, -0.02632, -0.98831, -0.12465
3778279,1578642413983164,1,1,1,1,0,1,1,1,1,0,-0.27932739,-0.40272522,0.87164307,-0.28533936,-0.4058075,0.86825562,30.84742737,-0.71157837,-31.70471191,-27.99188232,-0.42063904,-25.49740601,0,0.0,3.27674866,3.27674866,0.64384431,0.58246261,1578642413980655,252531229395, HMD, -0.08527, 1.14556, 0.42754, 0.08372, -0.02626, -0.98831, -0.12466
3778288,1578642413990161,1,1,1,1,0,1,1,1,1,0,-0.27806091,-0.40354919,0.87167358,-0.2845459,-0.40664673,0.86813354,30.84129333,-0.70451355,-31.70471191,-27.99839783,-0.42185974,-25.48173523,0,0.0,3.25341797,3.25341797,0.63855571,0.58967316,1578642413980655,252531229395, HMD, -0.08527, 1.14556, 0.42754, 0.08372, -0.02626, -0.98831, -0.12466
3778288,1578642413994158,1,1,1,1,0,1,1,1,1,0,-0.27806091,-0.40354919,0.87167358,-0.2845459,-0.40664673,0.86813354,30.84129333,-0.70451355,-31.70471191,-27.99839783,-0.42185974,-25.48173523,0,0.0,3.25341797,3.25341797,0.63855571,0.58967316,1578642414001351,252531436377, HMD, -0.08601, 1.14558, 0.42746, 0.08313, -0.02553, -0.98837, -0.12472
3778296,1578642414001135,1,1,1,1,0,1,1,1,1,0,-0.27783203,-0.40434265,0.87138367,-0.27954102,-0.40733337,0.86943054,30.83535767,-0.70451355,-31.70471191,-28.02810669,-0.42611694,-25.45927429,0,0.0,3.20474243,3.20474243,0.63855571,0.58967316,1578642414001351,252531436377, HMD, -0.08601, 1.14558, 0.42746, 0.08313, -0.02553, -0.98837, -0.12472
3778304,1578642414005132,1,1,1,1,0,1,1,1,1,0,-0.27934265,-0.40457153,0.87078857,-0.28019714,-0.40711975,0.86932373,30.82972717,-0.70451355,-31.70471191,-28.03129578,-0.42185974,-25.45927429,0,0.0,3.20567322,3.20567322,0.64780748,0.59013522,1578642414004535,252531468195, HMD, -0.08609, 1.14556, 0.42744, 0.08302, -0.02545, -0.98839, -0.12471
3778304,1578642414011147,1,1,1,1,0,1,1,1,1,0,-0.27934265,-0.40457153,0.87078857,-0.28019714,-0.40711975,0.86932373,30.82972717,-0.70451355,-31.70471191,-28.03129578,-0.42185974,-25.45927429,0,0.0,3.20567322,3.20567322,0.64780748,0.59013522,1578642414004535,252531468195, HMD, -0.08609, 1.14556, 0.42744, 0.08302, -0.02545, -0.98839, -0.12471
3778313,1578642414015144,1,1,1,1,0,1,1,1,1,0,-0.28218079,-0.40447998,0.86991882,-0.28257751,-0.40760803,0.86831665,30.82467651,-0.70451355,-31.70471191,-28.0328064,-0.41566467,-25.45927429,0,0.0,3.19734192,3.19734192,0.64780748,0.59013522,1578642414019629,252531619193, HMD, -0.08660, 1.14559, 0.42737, 0.08240, -0.02509, -0.98845, -0.12470
3778313,1578642414019141,1,1,1,1,0,1,1,1,1,0,-0.28218079,-0.40447998,0.86991882,-0.28257751,-0.40760803,0.86831665,30.82467651,-0.70451355,-31.70471191,-28.0328064,-0.41566467,-25.45927429,0,0.0,3.19734192,3.19734192,0.64780748,0.59013522,1578642414019629,252531619193, HMD, -0.08660, 1.14559, 0.42737, 0.08240, -0.02509, -0.98845, -0.12470
3778321,1578642414023138,1,1,1,1,0,1,1,1,1,0,-0.28337097,-0.40432739,0.86959839,-0.28100586,-0.40834045,0.8684845,30.8216095,-0.71157837,-31.68927002,-28.04310608,-0.4127655,-25.45927429,0,0.0,3.19758606,3.19758606,0.6497696,0.58023071,1578642414022802,252531650863, HMD, -0.08670, 1.14559, 0.42735, 0.08225, -0.02504, -0.98846, -0.12470
3778321,1578642414028148,1,1,1,1,0,1,1,1,1,0,-0.28337097,-0.40432739,0.86959839,-0.28100586,-0.40834045,0.8684845,30.8216095,-0.71157837,-31.68927002,-28.04310608,-0.4127655,-25.45927429,0,0.0,3.19758606,3.19758606,0.6497696,0.58023071,1578642414022802,252531650863, HMD, -0.08670, 1.14559, 0.42735, 0.08225, -0.02504, -0.98846, -0.12470
3778329,1578642414035154,1,1,1,1,0,1,1,1,1,0,-0.2830658,-0.40481567,0.86947632,-0.28286743,-0.40942383,0.86737061,30.81362915,-0.71157837,-31.68240356,-28.04411316,-0.4127655,-25.42277527,0,0.0,3.19786072,3.19786072,0.6497696,0.58023071,1578642414047380,252531896672, HMD, -0.08761, 1.14564, 0.42717, 0.08088, -0.02471, -0.98859, -0.12467
3778329,1578642414039150,1,1,1,1,0,1,1,1,1,0,-0.28132629,-0.40454102,0.87016296,-0.28318787,-0.40898132,0.86747742,30.80369568,-0.72319031,-31.65921021,-28.04418945,-0.4127655,-25.4181366,0,0.0,3.18959045,3.18959045,0.6497696,0.58023071,1578642414047380,252531896672, HMD, -0.08761, 1.14564, 0.42717, 0.08088, -0.02471, -0.98859, -0.12467
3778338,1578642414045143,1,1,1,1,0,1,1,1,1,0,-0.28132629,-0.40454102,0.87016296,-0.28318787,-0.40898132,0.86747742,30.80369568,-0.72319031,-31.65921021,-28.04418945,-0.4127655,-25.4181366,0,0.0,3.18959045,3.18959045,0.65212333,0.58545965,1578642414047380,252531896672, HMD, -0.08761, 1.14564, 0.42717, 0.08088, -0.02471, -0.98859, -0.12467
3778346,1578642414049122,1,1,1,1,0,1,1,1,1,0,-0.28067017,-0.40542603,0.8699646,-0.28952026,-0.40263367,0.86836243,30.79185486,-0.72671509,-31.63574219,-28.04975891,-0.4127655,-25.4181366,0,0.0,3.18875122,3.18875122,0.65212333,0.58545965,1578642414049078,252531913621, HMD, -0.08768, 1.14565, 0.42716, 0.08077, -0.02470, -0.98860, -0.12466
3778346,1578642414054139,1,1,1,1,0,1,1,1,1,0,-0.28067017,-0.40542603,0.8699646,-0.28952026,-0.40263367,0.86836243,30.79185486,-0.72671509,-31.63574219,-28.04975891,-0.4127655,-25.4181366,0,0.0,3.18875122,3.18875122,0.65212333,0.58545965,1578642414050623,252531929069, HMD, -0.08773, 1.14565, 0.42715, 0.08066, -0.02468, -0.98861, -0.12465
3778354,1578642414058125,1,1,1,1,0,1,1,1,1,0,-0.27745056,-0.40853882,0.86953735,-0.28952026,-0.39830017,0.87034607,30.77684021,-0.74771118,-31.52522278,-28.06634521,-0.4127655,-25.4181366,0,0.0,3.1910553,3.1910553,0.64552647,0.59025455,1578642414050623,252531929069, HMD, -0.08773, 1.14565, 0.42715, 0.08066, -0.02468, -0.98861, -0.12465
3778354,1578642414062132,1,1,1,1,0,1,1,1,1,0,-0.27745056,-0.40853882,0.86953735,-0.28952026,-0.39830017,0.87034607,30.77684021,-0.74771118,-31.52522278,-28.06634521,-0.4127655,-25.4181366,0,0.0,3.1910553,3.1910553,0.64552647,0.59025455,1578642414067799,252532100869, HMD, -0.08837, 1.14570, 0.42699, 0.07937, -0.02451, -0.98874, -0.12449
3778363,1578642414065641,1,1,1,1,0,1,1,1,1,0,-0.27587891,-0.40875244,0.86993408,-0.28465271,-0.40000916,0.87117004,30.77050781,-0.74771118,-31.52522278,-28.09283447,-0.39199829,-25.4181366,0,0.0,3.18667603,3.18667603,0.64552647,0.59025455,1578642414067799,252532100869, HMD, -0.08837, 1.14570, 0.42699, 0.07937, -0.02451, -0.98874, -0.12449
3778363,1578642414069636,1,1,1,1,0,1,1,1,1,0,-0.27587891,-0.40875244,0.86993408,-0.28465271,-0.40000916,0.87117004,30.77050781,-0.74771118,-31.52522278,-28.09283447,-0.39199829,-25.4181366,0,0.0,3.18667603,3.18667603,0.64552647,0.59025455,1578642414069665,252532119499, HMD, -0.08844, 1.14571, 0.42697, 0.07922, -0.02449, -0.98875, -0.12446
3778363,1578642414073644,1,1,1,1,0,1,1,1,1,0,-0.27580261,-0.40872192,0.86997986,-0.28359985,-0.39962769,0.87168884,30.77050781,-0.74771118,-31.52522278,-28.09922791,-0.38458252,-25.4181366,0,0.0,3.18173218,3.18173218,0.64552647,0.59025455,1578642414071795,252532140794, HMD, -0.08853, 1.14572, 0.42695, 0.07904, -0.02448, -0.98877, -0.12441
3778371,1578642414077641,1,1,1,1,0,1,1,1,1,0,-0.27580261,-0.40872192,0.86997986,-0.28359985,-0.39962769,0.87168884,30.77050781,-0.74771118,-31.52522278,-28.09922791,-0.38458252,-25.4181366,0,0.0,3.18173218,3.18173218,0.64758581,0.57679427,1578642414071795,252532140794, HMD, -0.08853, 1.14572, 0.42695, 0.07904, -0.02448, -0.98877, -0.12441
3778371,1578642414081634,1,1,1,1,0,1,1,1,1,0,-0.27575684,-0.40863037,0.87002563,-0.27883911,-0.3899231,0.87759399,30.77050781,-0.74771118,-31.52522278,-28.11524963,-0.22163391,-25.8866272,0,0.0,3.18139648,3.18139648,0.64758581,0.57679427,1578642414071795,252532140794, HMD, -0.08853, 1.14572, 0.42695, 0.07904, -0.02448, -0.98877, -0.12441
3778379,1578642414085738,1,1,1,1,0,1,1,1,1,0,-0.27575684,-0.40863037,0.87002563,-0.27883911,-0.3899231,0.87759399,30.77050781,-0.74771118,-31.52522278,-28.11524963,-0.22163391,-25.8866272,0,0.0,3.18139648,3.18139648,0.64758581,0.57679427,1578642414071795,252532140794, HMD, -0.08853, 1.14572, 0.42695, 0.07904, -0.02448, -0.98877, -0.12441
3778388,1578642414090664,1,1,1,1,0,1,1,1,1,0,-0.27580261,-0.40882874,0.86991882,-0.27301025,-0.40122986,0.87432861,30.77050781,-0.74771118,-31.51455688,-28.12988281,-0.15623474,-25.97755432,0,0.0,3.18179321,3.18179321,0.64102352,0.5770362,1578642414101333,252532436203, HMD, -0.08965, 1.14602, 0.42665, 0.07611, -0.02436, -0.98913, -0.12344
3778388,1578642414094644,1,1,1,1,0,1,1,1,1,0,-0.27580261,-0.40882874,0.86991882,-0.27301025,-0.40122986,0.87432861,30.77050781,-0.74771118,-31.51455688,-28.12988281,-0.15623474,-25.97755432,0,0.0,3.18179321,3.18179321,0.64102352,0.5770362,1578642414101333,252532436203, HMD, -0.08965, 1.14602, 0.42665, 0.07611, -0.02436, -0.98913, -0.12344
3778396,1578642414100621,1,1,1,1,0,1,1,1,1,0,-0.26013184,-0.38632202,0.88490295,-0.2555542,-0.39042664,0.88444519,30.84848022,-0.59513855,-31.31436157,-28.12625122,0.19474792,-26.88630676,0,0.0,3.13856506,3.13856506,0.64102352,0.5770362,1578642414101333,252532436203, HMD, -0.08965, 1.14602, 0.42665, 0.07611, -0.02436, -0.98913, -0.12344
